0.061362871 98.98898353413013
0.097091027 99.02468450256681
0.135867275 99.07534993196681
0.172687632 99.18786194334474
0.283248199 99.58335022748662
1.848902704 99.66517352412924
2.710061943 99.68197791661738
3.769180521 99.72560585017374
6.07469489 99.7410809700334
6.27246378 99.78240544077983
6.608225421 99.7950946607515
6.917237249 99.81192046648162
14.65701146 99.83615161202839
17.38649648 99.84689077792581
18.175690514 99.85105463194401
29.196294073 99.8622347571945
33.008800147 99.8676435695747
34.208496351 99.9177868209143
39.651967358 99.9305176360499
