0.059640064 1010.0957045361906
0.09893437 1010.146745175278
0.172722613 1010.1648681072828
1.028233425 1010.1908943218721
1.062463239 1010.2022853091545
2.078570951 1010.2156731514133
2.078623712 1010.2323349354036
2.388443346 1010.2342174388885
2.388549229 1010.2445085314829
2.683124774 1010.3109548759808
2.68321255 1010.3671774426398
4.241705251 1010.3677706131089
4.738404653 1010.4268677797849
5.992884068 1010.426867779785
6.177422381 1010.4518107096889
6.363211755 1010.4844879815806
21.742693775 1010.5131747945503
23.828569166 1010.5463328723512
23.969711866 1010.5971658257689
52.633368501 1010.6677184605195
54.996685858 1010.6696314382889
55.199152409 1010.8387466417045
56.099422892 1010.8452127570208
56.722348545 1010.8503161326076
