0.060792535 1010.7388624125931
0.100815441 1010.9408482324566
0.133654893 1010.9479833163064
0.169977046 1010.972493520848
0.275064339 1011.0008399716064
0.312995952 1011.0086829922608
0.451044508 1011.0352659942247
0.695778791 1011.2821552958173
13.731237859 1011.2890690802805
15.777950293 1011.2997620192036
17.382357838 1011.2997620192037
60.455526739 1011.3389473495628
60.741775753 1011.3413625634447
61.285473892 1011.3413625634448
62.728218204 1011.3866453437511
64.499608568 1011.4060728530895
