0.059838725 1009.7527428401629
0.132950292 1009.811267655624
0.239977404 1009.831407302414
0.273318192 1009.9063556023524
0.468148412 1009.9700838234845
0.537902679 1009.9875160803257
0.842518509 1010.1715050062944
1.274673488 1010.2246530986152
2.683635164 1010.263701808506
2.966412423 1010.2656980829196
3.243715033 1010.2823097439255
4.758582419 1010.3325173587606
5.611636021 1010.3397137011033
9.092165284 1010.3403063738865
13.820467582 1010.356672943863
14.93272157 1010.3893964228552
16.260188662 1010.4445143659028
17.428826858 1010.4516395659317
19.500217071 1010.4574600919626
19.787037376 1010.4915989083585
20.595361822 1010.5002168640289
21.092382341 1010.5227671344965
21.328313723 1010.5227671344966
21.328374334 1010.6271236921093
21.328397803 1010.6674138849961
21.993200314 1010.717704980883
22.206633008 1010.718705090914
22.79659612 1010.7717490726944
78.032363685 1010.7964012247821
78.835791742 1010.7969938975652
79.555116115 1010.8777889494769
79.999857027 1010.8777889494771
83.143279519 1010.8885635987828
83.548290278 1010.8995886223125
