0.059916024 1010.5384165818557
0.099538959 1010.8817626639049
0.624203136 1010.9638217374353
0.728425001 1010.9867985225236
1.9157634300000002 1010.9890621818408
1.915828065 1011.0380682338701
2.22545975 1011.1058368807884
2.536088549 1011.210855612953
2.824243959 1011.2500507977047
3.107482622 1011.3028586933558
3.89851917 1011.3154113467896
32.664393532 1011.3345973035538
50.003133096 1011.3477203858055
52.9058843 1011.3573080897952
53.677638496 1011.460282673201
53.677688769 1011.5465485994147
56.265470219 1011.5882373631729
56.713736058 1011.6109286475901
57.380787891 1011.6109286475902
