0.060072399 1010.085825021953
0.099428724 1010.1775506024353
0.172945612 1010.3523929948551
0.382561019 1010.361438916354
0.778136459 1010.4215752047961
12.058909315 1010.4271704779666
12.561247374 1010.4347237785311
13.038103404 1010.4400845979247
14.465769431 1010.4400845979249
15.305103419 1010.4411300687199
17.493731985 1010.44113006872
38.879817406 1010.4708598215647
48.667181425 1010.4927934975142
72.258099723 1010.503763947607
73.558153511 1010.5194822936899
75.269420466 1010.51948229369
81.789405529 1010.5503825468563
82.532616745 1010.580526328824
82.919580382 1010.5822573323672
83.154637145 1010.5932351777655
