0.05981159 1010.5313109005076
0.098094833 1010.5587678288983
0.207137509 1010.6152539973082
2.667841961 1010.6908610481278
2.944206083 1010.7375214943835
3.478777156 1010.7382902957528
5.135907135 1010.738290295753
6.2755179 1010.7529232779627
6.275553303 1010.7609141496998
7.976187736 1010.799681716097
8.742684573 1010.8157745880187
23.248498198 1010.8214851888785
23.583145564 1010.8606260342588
23.583187088 1010.9031828664498
24.42737605 1010.9712400524968
44.765841622 1011.0024982539828
48.073112155 1011.0300547705912
50.628774342 1011.0738527544361
50.628858037 1011.0928939006016
50.92109609 1011.0928939006018
