0.060195253 1010.8570685663382
0.098647617 1010.9361511099638
0.135518645 1011.1892873691578
0.774344054 1011.2501566043325
0.809964855 1011.3355928747827
11.443164431 1011.3453899119619
16.494281854 1011.4699842768038
16.966955215 1011.4835237666146
22.333116768 1011.5290755671042
22.924118909 1011.586329116202
62.28145374 1011.6023507894115
63.672352437 1011.6064785155351
64.070998211 1011.6496806481979
64.99547292 1011.6674604479552
66.412747581 1011.7076271143371
79.883867153 1011.7323065678789
82.268868694 1011.7740601323599
