0.059939199 1010.5055018164708
0.171948017 1010.612145005024
0.458828635 1010.646405811695
0.927611248 1010.6744486050716
0.995981699 1010.6840206678739
1.028459077 1010.687546465693
5.7625752949999995 1010.742641149142
7.275357013 1010.746532135488
10.770632514999999 1010.7790855336029
11.054395127 1010.8285640408743
11.59343328 1010.858502200881
11.84890753 1010.8813196684756
16.166972103 1011.0400811519582
16.280004347 1011.0681239453347
20.87155057 1011.2625588526934
23.633237059 1011.2710560852314
