0.060165437 1010.363377339608
0.241637853 1010.4325087220903
0.349839577 1010.44712183897
0.802558415 1010.5991365215208
1.931046955 1010.6268172997936
2.236020395 1010.6602868721682
2.546652709 1010.6751067405179
2.8419075940000003 1010.6822250411763
5.109468062 1010.6920031718834
5.936114086 1010.7292340058282
13.764769983 1010.7360385742651
15.477315173 1010.7360385742652
16.547160776 1010.774805631962
22.125694475 1010.8260718493141
22.696636956 1010.8458605720774
24.590614212 1010.8482025575872
40.579097272 1010.9313621399931
48.201335946 1010.933696143548
48.78012781 1010.9553969045271
