0.060106706 1009.5938155360243
0.171325009 1009.7170803433096
0.24090891 1009.7409298563772
0.957898229 1009.7779023905659
6.256915242 1009.7836174209494
7.931577138 1009.7870485483899
8.041878445 1009.7910794732056
8.458579302 1009.7910794732057
11.286556991 1009.8052298101611
12.779044671 1009.8111367697611
12.779114032 1009.8197242826465
14.022011517 1009.882588588969
14.884359628 1009.9084488738824
15.040820208 1009.9283801322184
15.611536426 1010.0113662726576
16.221731526 1010.0429001086986
22.552457676 1010.0564786446586
22.73199675 1010.0631143921654
23.077042589 1010.074018733004
23.96736647 1010.0740187330041
64.818611557 1010.1040078851742
65.242295067 1010.1627532555439
