0.060103908 1009.8374455305772
0.098097658 1010.1300115622232
0.169470205 1010.2179799488165
3.245574529 1010.3045610917295
3.514588063 1010.3145620871375
4.024771058 1010.3154110386129
5.205941415 1010.3287098230974
5.811140632 1010.3287098230975
7.452370028 1010.343021569521
7.71197282 1010.3710493595787
21.236587741 1010.3850730537234
21.464594275 1010.4058170462725
21.689029941 1010.4215556746058
23.680218545 1010.4701487185733
40.954907455 1010.5098525211864
64.041705954 1010.5235460678151
