0.060146157 1009.3858604701437
0.097673449 1009.6681025228155
0.17407913 1009.8488976806094
8.777665733 1009.8797423475312
10.212616667 1009.9205339984218
10.212668112 1009.9339257977903
10.514978205 1009.9538909004638
11.641988906 1009.9813522767957
14.782161812 1009.9884445074491
15.41143508 1009.9884445074493
18.832849716 1010.0134837654008
19.430760116 1010.0913453509132
19.718163206 1010.1060573899837
19.718243361 1010.1107668320224
20.523683321 1010.1256146987357
24.530756069 1010.1464720168367
48.717711418 1010.2022034401003
