0.059955187 1010.8045724242345
0.132836257 1010.805977871479
0.169246585 1010.8318053745134
0.829304598 1010.8369952650653
1.417818011 1010.8439289277014
2.6236156409999998 1010.847846425379
3.4309736490000002 1010.9289537672162
3.688713138 1010.9688851788226
4.182289621 1010.9909430133538
5.513659949 1010.9909430133539
7.615849348 1011.0638405603852
8.600251684 1011.0638405603854
12.17580878 1011.1004078067617
16.667618142 1011.1584337898901
37.901585409 1011.1897806925467
38.500425711 1011.257169486798
39.227015497 1011.2595624020539
39.539126213 1011.2862392073108
