0.059802156 1010.3057055355284
0.098357043 1010.339387995495
0.173821281 1010.3429173297802
0.279886697 1010.4511069120263
1.398918659 1010.4579814986664
2.055078696 1010.4783467442829
2.367410814 1010.4899563890633
2.3674466880000002 1010.5494111599908
2.659030884 1010.5853060922351
2.659067476 1010.5923687981194
2.941331217 1010.6368500071703
2.941378315 1010.6584590107026
4.715163158 1010.6726079384093
5.750097685 1010.6817531077029
5.943942929 1010.7332439465297
6.475204968 1010.7582110601386
13.602193644 1010.8009617820786
23.173906551 1010.805484451354
24.047885812 1010.861163360178
98.612629665 1010.9198868566097
99.357776795 1010.9368911916464
