0.060115454 1010.4131951275184
0.097178558 1010.5651155871284
0.169960333 1010.6420739866927
0.238502346 1010.68335240762
6.239587903 1010.6962424526042
6.415890459 1010.7803037517773
8.330134044 1010.7841203509789
8.955894223 1010.8255947787536
12.699980726 1010.8790100666655
13.168216939 1010.8888437717238
13.607743259 1011.0354118343139
13.811312843 1011.0693509276491
14.392777766 1011.0693509276492
15.238671232 1011.0980208481826
15.397794508 1011.1023742013443
16.617599331 1011.1037524369322
91.248476747 1011.132475530361
