0.060545109 1010.2788491333752
0.0992223 1010.32074204875
0.986800879 1010.3302521384359
1.46760546 1010.3590207504469
1.5336655289999999 1010.3849818639554
2.5798315130000002 1010.394208069889
3.161126967 1010.4076886363679
3.16118459 1010.449717748481
5.164864803 1010.495889889419
7.217527855 1010.5059320338767
10.15891984 1010.5642842928728
10.772863142 1010.6007707562738
11.069586956 1010.6081358497181
11.353173223 1010.7463514618885
11.635189453 1010.7494522858473
17.219413482 1010.7528317876776
37.553146224 1010.7930685338823
38.27475226 1010.8142200201776
38.718546122 1010.8294972089168
41.713369581 1010.8826935740279
