0.060008234 1010.6476566099908
0.13726829 1010.6987370504218
0.177318274 1010.7520300294157
0.212699879 1010.8149944981924
5.419626042 1010.8584146831013
6.1891502 1010.8712612517539
6.372725656 1010.9076298445267
6.7086542300000005 1010.915576574392
6.871011865 1010.9295156797024
13.507879175 1010.9418481424967
29.47819367 1010.9453827680467
31.035444874 1010.9671101848063
32.609123579 1011.0165724002446
32.987303555 1011.0559095836943
85.402688302 1011.0900282052509
85.69040979 1011.0904093409898
86.249315891 1011.1085114706011
87.247711234 1011.1400359725114
87.479802993 1011.1939864432053
87.927418849 1011.2933294398005
