0.059816289 1010.5452963718491
0.098813507 1010.5925437405137
0.136441749 1010.7644190643995
0.274728555 1010.785213495013
6.649020499 1010.8020099769997
18.559648755 1010.8183321524593
19.133867275 1010.8784926807874
19.686970467 1010.8920065842017
19.687004695 1010.899723307128
20.209391066 1010.8997233071282
46.476440487 1010.9375845075969
48.051590158 1010.9846538231119
49.087540403 1010.9867521559088
79.749589731 1010.9900824879088
85.52427835 1011.02840097549
87.797966929 1011.0284009754901
95.308059306 1011.0416992616672
96.359339593 1011.0506937859923
96.946927131 1011.0772745381695
