0.060465872 1009.8710697206966
0.0935035 1009.9733861489484
0.130920138 1010.0932463836009
0.243009384 1010.0999539068479
0.829826982 1010.131460901138
1.467792159 1010.2526613216811
2.995816866 1010.379470257314
3.27255043 1010.4494521367867
3.272615392 1010.5252446881456
3.8023745399999997 1010.5307079806573
4.052879237 1010.6243413912513
4.756913797 1010.6867155953345
5.840272491 1010.717776794687
8.127790044 1010.7223262968449
8.356527118 1010.7230004388999
35.032937129 1010.7367294049332
66.341837501 1010.8936397017233
68.339635724 1010.9072099367079
