0.059927998 1010.30156013159
0.098195932 1010.3539753998894
0.132881063 1010.4372740378021
0.167866976 1010.4442904128197
1.41153557 1010.4760038729623
5.140532577 1010.519304905146
6.46195896 1010.5283774425
10.805451924 1010.534516821974
11.088598627 1010.5501635195667
11.898623087 1010.5642174651738
12.153472326 1010.609353846602
12.399264373 1010.6264481403001
12.39935221 1010.7180698338617
13.720693096 1010.7914389991372
14.648580961 1010.8188980125421
16.703208503 1010.8367409695816
70.529074599 1010.8630242437562
70.760852921 1010.8881922429267
70.760885925 1010.8957381683676
71.812209658 1010.9045511165484
72.994376316 1010.9214536866593
73.287469235 1010.924074678761
74.142666064 1010.9625335124712
