0.060025157 1010.6005389245611
0.134427997 1010.6180577106963
0.240443357 1010.6231550863007
0.313872926 1010.7269311969342
0.459658791 1010.8538485472719
0.9036907 1010.9087324737709
5.487821099 1010.9117043195321
5.487863529 1010.9576181419062
5.896345175 1010.9698878270946
20.888717256 1010.9883627681436
21.797734567 1011.002132563319
21.797768944 1011.0167702684021
22.407431631 1011.0305400635771
23.900437501 1011.0305400635772
36.916988261 1011.1820073176825
38.113517697 1011.2039195681641
38.754230245 1011.2144311689206
40.869006839 1011.2232928962303
