0.059883817 1010.5981750663099
0.602302406 1010.6177852431406
1.439061505 1010.6647047155257
2.086111785 1010.6799573832276
4.941629939 1010.7271680120383
7.181658865 1010.7398424418575
7.7350315 1010.7438292943681
8.952011737 1010.7451071685143
19.524158494 1010.7548981300185
19.836952286 1010.7601945573882
23.253144655 1010.8167531836391
24.316248633 1010.8233073230651
24.629146706 1010.8233073230653
28.739051425 1010.8594952802283
29.781875177 1010.9073210095196
30.267695337 1010.9225736772215
33.165564113 1010.9450237490092
75.607939826 1010.9503149736595
