0.060114745 1010.5384228583521
0.71772404 1010.5624822577586
1.164336564 1010.6783081026415
5.479368035 1010.6990224533159
5.721673862 1010.7134411336347
6.8433418459999995 1010.7768207457913
7.6045695129999995 1010.8422754028553
13.545171386 1010.847819670284
15.466541596999999 1010.8478275110662
26.788611106 1010.8492632892056
31.591566478 1010.8500421479143
31.791622883 1010.8909361665669
31.993218423 1010.895248992484
32.365969872 1010.8969840196958
48.833940804 1010.9105218095543
49.223101301 1010.9560470083477
65.007121162 1010.9661779129965
65.920866299 1010.9746312946226
66.087639037 1011.0727674051303
67.481167306 1011.0812207867564
