0.060921993 1009.8318852661243
0.131954698 1009.8980911725499
0.39898849 1009.9485133956255
5.300428789 1009.9559200659023
5.783901666 1009.9798299533394
7.296843536 1009.9837626931187
13.953241295 1010.0275250844462
14.196159976 1010.0336193165053
14.653947486 1010.0536198161524
16.510936712 1010.058006217867
17.707375896 1010.0785916582004
63.710880977 1010.0945820989785
64.38017436 1010.1123116263329
66.185630021 1010.1327380978854
66.478120579 1010.1774841384778
66.751030075 1010.1774841384779
67.657033093 1010.1908120300304
