0.059774128 1010.2663982142261
0.455964647 1010.2732716261875
0.78175562 1010.2743153149646
0.909713641 1010.4236486396834
19.542047945 1010.4578566490524
19.54211033 1010.4597083998656
20.155896004 1010.4930800377637
20.155950244 1010.4996232203272
21.002432741 1010.508394848852
21.766993034 1010.5830968438612
22.242256058 1010.641351333497
23.841067291 1010.6413513334971
24.641723701 1010.6644814699656
26.137469911 1010.6893364926973
79.470431193 1010.7510377863224
80.746723656 1010.7521698289617
82.203648475 1010.843676691645
82.731788085 1010.8436766916451
