0.060076971 1010.0496298352095
0.128111464 1010.0799520864292
0.196351522 1010.1155741751096
0.260680915 1010.1856230232587
0.326414309 1010.1862656366948
0.391814622 1010.2638846357631
6.199693763 1010.3197381507985
6.635702171 1010.3197381507986
7.042581737 1010.3284167832998
7.422282383 1010.3295251302234
7.600411816 1010.3302135782694
8.27465864 1010.3302135782695
14.359975834 1010.3790574604164
14.814787348 1010.3898582195435
15.030378715 1010.4676943688335
15.03043573 1010.5307529815774
18.515429414 1010.5741899235156
