0.059992081 1010.6810733601724
0.130041817 1010.6818590281836
0.33654672 1010.7649098966265
0.471911003 1010.775775006022
1.3238885329999999 1010.7904160858034
1.947301079 1010.799534009288
6.38438393 1010.8347844006942
15.901313866 1010.8740989493211
16.384668102 1010.8952182030306
27.633603897 1010.9129878243324
30.574100475 1010.9357631568568
39.913380063 1010.9699979048338
40.331830308 1010.9904146792528
40.907486627 1011.0547245980442
48.316181935 1011.0855089725594
63.310538 1011.105392097256
