0.060108459 1009.5877198787176
0.130875973 1009.6164000171415
0.266559821 1009.6288150197521
0.333859469 1009.783347532114
3.3109771 1009.8200155823879
3.311048313 1009.8304138404911
3.612240786 1009.9057133744918
3.92039728 1009.9161814112958
5.277242107 1009.9543610696303
5.756536763 1009.9815120568903
18.899923189 1010.007415195235
24.31765653 1010.01465140686
26.096054578 1010.0146514068601
42.002882415 1010.0283641555219
45.21839756 1010.037064158476
45.529914033 1010.0525051805511
46.120544134 1010.0677568923238
46.679072178 1010.1382548954039
46.945721489 1010.1669566724761
48.556115195 1010.1741528097455
