0.060042225 1009.919519489115
0.196408103 1010.2346918740423
1.096067294 1010.2727498801274
1.414454939 1010.3031567246592
2.105550783 1010.3797766335061
2.291729304 1010.3837234475182
2.540172969 1010.5235521256915
3.634696293 1010.5476359330418
4.217800343 1010.7113411501997
8.111371507 1010.729296335619
8.860913767 1010.7922348620583
9.261061721 1010.8560224231073
23.41546925 1010.856273378257
26.117780955 1010.8621239048845
37.399925403 1010.9246416656873
39.030400517 1010.9962963275904
41.673566613 1011.0060880872745
41.673602722 1011.0285169165219
66.255174227 1011.1016355418155
