0.059976022 1010.5343762074801
0.723217186 1010.5345584347956
0.856777707 1010.6077852352652
1.427359285 1010.6783303002447
2.573890677 1010.6826683347169
5.497674649 1010.7453136296286
5.7410402959999995 1010.7633855778536
5.741079386 1010.7735747572268
6.661508732 1010.791405339253
7.454935806 1010.8170670188454
7.455020991 1010.8593524522036
9.057441349 1010.8659837385363
9.571122582 1010.8696884092476
46.421517134 1010.8877324742928
73.578235049 1010.9044188742583
75.63926594 1010.9177005358188
81.867833341 1010.9647442246236
82.815248297 1011.0160720673085
