0.061042325 1010.8103777498955
0.263310111 1010.9232323696139
0.468773015 1010.9700603156939
1.225150887 1010.9854578174129
1.418768482 1011.0133929084727
3.879994737 1011.0929193588931
4.1685204989999995 1011.1016072698949
5.268862631 1011.115708885834
7.53172829 1011.1191192484935
14.531502199 1011.1348975199656
15.787660719 1011.1348975199658
16.969804872 1011.1348975199659
19.433934879 1011.187482387185
20.076267335 1011.1874823871851
20.384553343 1011.234270182097
20.682875446 1011.2532693037116
20.97684366 1011.3295698639032
23.190882725 1011.3399136950266
25.169430287 1011.3648475405156
71.932121653 1011.4302349810628
73.520039286 1011.460622327879
