0.059984261 1010.3046760026674
0.127763285 1010.4956499697465
3.791351975 1010.5614741290176
4.620700554 1010.5772053942892
5.134263458 1010.6130881692592
5.380147741 1010.6383142700637
6.329458923 1010.6432529591051
6.95805562 1010.6480540599349
8.786525685 1010.6838080253201
9.052111493 1010.7102193335771
9.999032163999999 1010.7345317361211
23.1214113 1010.7509847596815
26.551794492 1010.7660723918247
41.757447727 1010.7714975858985
54.129359977 1010.8576999452174
54.414578924 1010.8944076067626
54.414642573 1010.9890408853383
54.955035649 1010.9890408853385
56.180749519 1010.9890408853386
56.408899625 1011.0685851152008
60.166211024 1011.0839428354334
73.655505626 1011.1434338277222
