0.061006022 1010.6389957470467
1.104683054 1010.6789824686673
1.168328746 1010.7025480063846
1.482535295 1010.7137062343309
3.892868772 1010.7988667642577
4.464214885 1010.8029940407037
4.731433634 1010.8306865193877
5.531822279 1010.8445670750345
7.26745695 1010.8510197851901
8.327679132 1010.8526481484894
8.640843258 1010.8582884245958
8.793984219 1010.9123843777336
13.843155101 1010.920503352424
14.525007945 1010.927566944969
15.137316381 1010.9825261444186
21.513793339 1011.0080044850322
99.220831995 1011.1388017707748
