0.060047801 1010.2421482737021
0.189697736 1010.2750534803511
0.385161291 1010.3087136640586
0.580473503 1010.4331081910643
4.124685486 1010.440894746531
4.400871917 1010.4506493465318
6.973042997 1010.4941563320227
11.804328105 1010.5254407253367
12.091813734 1010.5482710862345
15.695780181 1010.5584655080315
37.177390861 1010.5909840461487
38.20747858 1010.6303118888785
38.692339145 1010.67452119927
39.947441439 1010.7018939912597
41.132361648 1010.7430798929096
42.947406899 1010.7840900967794
