0.060795238 1010.0178704323469
0.129219021 1010.1778907613793
0.395246405 1010.2378395338795
6.112249086 1010.2669159320412
7.690587746 1010.3161454484443
8.336223192 1010.3523232399078
21.691719313 1010.3608885574345
22.649371316 1010.3608885574346
23.872800896 1010.375286006837
24.23956949 1010.3787856632982
29.87796426 1010.3919045732064
30.631326273 1010.4239066812266
30.869590678 1010.4239066812268
31.095884114 1010.4420310106124
31.314092206 1010.4650560039638
33.440744693 1010.4846686706068
33.440801088 1010.490356033324
34.701569604 1010.5343792741158
