0.060565803 1010.307195414388
0.129643725 1010.319680829459
0.401865801 1010.3465109465185
0.53927204 1010.3506965141796
1.143105071 1010.3700535873578
1.881891746 1010.3904226110758
1.945561602 1010.4183915216846
2.572182027 1010.4648900290698
9.190625546 1010.4759747906021
17.239796594 1010.5168706328251
29.808834171 1010.5210251397613
32.472027836 1010.5266252574334
42.927001292 1010.5403619927688
44.760426247 1010.5417334899294
45.079231241 1010.5473336076014
45.970920909 1010.5736914496625
46.77741531 1010.6060692974316
47.03495143 1010.6325948688838
50.626434788 1010.6359048516395
60.057809956 1010.7175908718173
65.054301054 1010.7485971636212
65.286367528 1010.8524864388379
66.675315561 1010.852486438838
67.179755877 1010.8852649355275
68.302011421 1010.949936701699
