0.000353719 43.48266090118504
0.000430852 44.196903267713225
0.000459287 45.02278721158365
0.000500366 45.48645469566402
0.004005233 45.60931337662312
0.005046842 45.60931337662313
0.006778326 45.83062587643438
0.007826942 45.8306258764344
0.008360212 46.010570631547196
0.033268146 46.036474799723536
0.079005282 46.570752023235386
0.079044093 47.03441950731575
0.079829724 47.03441950731576
0.081872971 47.15727818827486
0.084022521 47.37859068808612
0.085272871 47.55853544319892
0.087268699 47.558535443198934
0.104817569 47.58443961137526
0.165401133 47.59654009893211
0.349399242 47.596540098932124
0.410586178 47.60670790310542
0.531466752 47.60670790310543
0.651948489 47.61094596089586
0.771551142 47.612562932959406
0.907865084 47.61286381815609
1.009487106 47.6128638181561
1.069465931 47.61286381815611
1.110449967 47.62654522559785
1.128830529 47.65244939377419
1.266140705 47.654929693988436
1.4291622099999999 47.65492969398845
1.489507468 47.66400732749446
1.608384931 47.67397762278928
1.727548234 47.68096739153758
1.847753556 47.68441278908645
2.030943511 47.68441278908646
2.072327647 47.68663248324452
2.074294657 47.68663248324454
2.091744301 47.71253665142086
2.153656305 47.712536651420876
2.213997447 47.72269492514357
2.455667319 47.73896494644205
2.515451351 47.75814020549501
2.634754485 47.758140205495025
2.754783683 47.776484854044924
3.084053529 48.484462671676525
3.084138152 48.558648730284006
3.084293472 48.58996211250076
3.084480159 48.670737961118675
3.084638963 48.92109915152517
3.084975311 48.9481301557569
3.08695236 49.070988836716
3.089357521 49.22268120970557
3.089834908 49.292301336527274
3.09157424 49.3506909315836
3.092167691 49.47224609164007
3.109080372 49.49815025981641
3.912984366 49.51649490836631
5.950283367 50.25037689417425
5.9503818299999995 50.32456295278173
5.950545385 50.355876334998484
5.950742642 50.4366521836164
5.9512376620000005 50.71404437825463
5.953165901 50.836903059213725
5.953929022 50.83690305921373
5.955549442 50.9885954322033
5.9560264929999995 51.058215559025
5.957685026 51.11660515408133
5.958270126 51.2381603141378
8.740621282 51.99038694849564
8.740724653000001 52.06457300710312
8.740878137 52.09588638931987
8.741065693 52.17666223793779
8.742937928 52.35155543597051
8.743419825 52.57691311353511
8.744166712 52.57691311353512
8.745769366 52.728605486524685
8.754129009 52.95982571990929
11.470710551 53.71205235426713
11.470806177 53.786238412874624
11.470977023 53.817551795091376
11.47118496 53.898327643709294
11.472376178 54.073220841742
11.473638364 54.298578519306616
11.475938685 54.450270892296174
11.49352757 54.53621473834187
11.496311932 54.635887571606645
14.131135433 55.388114205964484
14.131233481 55.462300264571965
14.133430064 55.49361364678872
14.133619921 55.574389495406635
14.134675009 55.74928269343934
14.135862918 55.97464037100396
14.138091031 56.12633274399353
14.156050865 56.21227659003921
14.156776109 56.21227659003922
14.163308896 56.2803801634207
14.318673512 56.280380163420716
16.720779784 57.03260679777854
16.720877909 57.10679285638602
16.721038217 57.138106238602774
16.721227062 57.21888208722069
16.722326232 57.39377528525341
16.723545374 57.619132962818014
16.724251488 57.61913296281802
16.725776482 57.77082533580759
16.743700034 57.85676918185328
16.752176436 57.90791269119164
17.053009327 57.907912691191655
19.240946885 58.66013932554949
19.241045665 58.73432538415697
19.241205808 58.76563876637372
19.241398863 58.84641461499164
19.243192584 59.02130781302434
19.243656192 59.24666549058896
19.245854867 59.39835786357853
19.267088425 59.47814579457354
19.271918699 59.48430170962421
20.363247523 59.484301709624226
21.69234109 60.23652834398205
21.692427666 60.31071440258953
21.692582022 60.342027784806284
21.692757956 60.4228036334242
21.694937793 60.823054509021524
21.695615256 60.82305450902153
21.69779464 60.9747468820111
21.725176529 61.03226652127595
22.770244816 61.032266521275965
24.070186695 61.78449315563379
24.070276789 61.85867921424127
24.070435005 61.88999259645802
24.070634576 61.97076844507594
24.072845255 62.37101932067326
24.07561134 62.522711693662835
24.113055714 62.52271169366285
26.376321903 63.274938328020674
26.376413163 63.349124386628155
26.37656246 63.38043776884491
26.376750386 63.461213617462825
26.377457656 63.46121361746284
26.378864446 63.86146449306015
26.379540403 63.861464493060154
26.384778885 63.925904291763636
26.395603948 63.956896112301116
27.406972749 63.95689611230113
28.624622754 64.70912274665896
28.624708291 64.78330880526644
28.624858314 64.8146221874832
28.625049606 64.89539803610111
28.627124181 65.29564891169842
28.62778186 65.29564891169844
28.632875158 65.36008871040191
28.644008198 65.3793026058655
30.831105716 66.13152924022334
30.831204527 66.20571529883081
30.831358415 66.23702868104756
30.831549182 66.31780452966548
30.832254162 66.3178045296655
30.833637889 66.7180554052628
30.839134819999998 66.78249520396626
30.850051646 66.80029095083249
32.972167346 67.55251758519033
32.972260393 67.62670364379782
32.972404519 67.65801702601458
32.972577987 67.73879287463247
32.973238508 67.73879287463248
32.974607968 68.13904375022979
32.980049501 68.20348354893325
32.995673989 68.21431522578227
33.037031683 68.2143152257823
35.064305888 68.96654186014014
35.064399299 69.04072791874763
35.064560413 69.07204130096439
35.064756379 69.1528171495823
35.067400884 69.55306802517963
35.071966277 69.61750782388309
37.037518825 70.36973445824093
37.037741918 70.47523389906515
37.037930274 70.55600974768306
37.040820867 70.73676691432466
37.040947539 70.84476907912322
37.041059639 70.91781645283403
37.10757101 70.91781645283406
38.971382855 71.6700430871919
38.971461259 71.74422914579937
38.971608531 71.77554252801612
38.971783102 71.85631837663404
38.972426311 71.85631837663405
38.974598004 72.03707554327563
38.97471056 72.1450777080742
38.993292803 72.18307412517812
38.99621681 72.19216786875104
40.127705382 72.19216786875106
40.417523578 72.19216786875107
40.837147299 72.65625108254837
40.837200776 73.01858056171638
40.837345843 73.04989394393313
40.837517172 73.13066979255105
40.843411983 73.25295468288284
40.84388084 73.2558756196267
40.847827226 73.2720845649787
40.851975426 73.36440762355458
40.858531566 73.40537476570277
40.8589483 73.4574255410951
40.861837213 73.46651928466802
40.910928351 73.46651928466804
40.936053342 73.46651928466805
42.667479726 74.21874591902586
42.667576955 74.29293197763336
42.667727357 74.32424535985011
42.667919412 74.40502120846803
42.670658231 74.58577837510963
42.670965751 74.62857089715455
42.682999449 74.63875903947157
42.689594656 74.67972618161978
43.049402478 74.6797261816198
44.437046208 75.43195281597762
44.437132877 75.50613887458512
44.437278312 75.53745225680187
44.437457951 75.61822810541979
44.440155557 75.79898527206139
44.440488628 75.8417777941063
44.452412616 75.85196593642333
44.464515629 75.85196593642335
46.15099637 76.6041925707812
46.151081726 76.67837862938866
46.151222366 76.70969201160541
46.151399077 76.79046786022333
46.151990414 76.79046786022334
46.153973859 76.97122502686496
46.154281696 77.01401754890985
47.814020799 77.47810076270716
47.814115215 77.59813647169764
47.814164106 77.75562242661655
47.814248022 77.87174362409192
47.814419768 77.95251947270984
47.818105449 77.9929541479697
47.818315269 78.1218405873897
47.828713593 78.12586537248973
47.837175025 78.13527842359159
48.731541114 78.1352784235916
49.418030796 78.59936163738888
49.418090724 78.96169111655689
49.418396651 79.07378034739156
49.418937289 79.07378034739158
49.421998475 79.14380471397331
49.424540711 79.19606523772336
49.425110733 79.19606523772339
49.43807351 79.23222624086026
49.438552144 79.23222624086027
49.447490166 79.24712624717148
50.744572343 79.2471262471715
50.961596911 79.71120946096879
50.961645731 80.0735389401368
50.961932748 80.18562817097147
50.967152272999996 80.30791306130327
50.980151826 80.34407406444016
50.9806534 80.34407406444018
51.220764067 80.34407406444019
52.462586073 80.8081572782375
52.462662289 81.17048675740548
52.463503883 81.28257598824017
52.466488902 81.35260035482193
52.468916234 81.40486087857201
53.601340692 81.40486087857202
53.91910083 81.86894409236932
53.919192188 81.9889798013598
53.919241149 82.14646575627872
53.91999377 82.34336280237198
53.922878528 82.41338716895375
53.932148698 82.45546093396119
53.935346665 82.4647289424096
53.945098198 82.46472894240962
55.315549516 82.92881215620692
55.315666868 83.20633382011631
55.31759221 83.4032308662096
55.320897973 83.47325523279135
55.329759634 83.51532899779879
55.613789893 83.5153289977988
56.616307666 83.51532899779882
56.67259987 83.97941221159613
56.672706809 84.25693387550552
56.672940134 84.45383092159878
56.686225106 84.47509344150865
57.920477245 84.47509344150866
57.994022053 84.93917665530594
57.994117518 85.21669831921534
57.994356034 85.41359536530862
58.046183034 85.41359536530864
58.097184348 85.41359536530865
59.280478552 85.87767857910598
59.280594845 86.15520024301537
59.283591831 86.28095620518124
59.283704072 86.32314720610165
59.309721269 86.32314720610168
60.500957481 86.39396451730809
60.501033671 86.4836507507446
60.50148235 86.81487748197216
60.501548244 86.83576829715787
60.501738408 86.96741885788941
60.50219937 86.96741885788943
60.502637351 87.03548963526836
60.509806437 87.0647520838084
60.510852093 87.09675452324771
61.680807842 87.16757183445415
61.68087596 87.25725806789066
61.681298201 87.58848479911822
61.681362614 87.60937561430393
61.681558467 87.74102617503547
61.682433175 87.80909695241442
61.689269251 87.83835940095443
62.826313338 87.90917671216087
62.826390919 87.99886294559738
62.826838943 88.35098049201062
62.827053587 88.48263105274219
62.827929009 88.55070183012114
62.83376282 88.57207266891851
63.923466425 88.64288998012492
63.923526364 88.73257621356146
63.923938904 89.06380294478899
63.924005505 89.0846937599747
63.924197737 89.21634432070624
63.924634626 89.21634432070626
63.92505639 89.28441509808522
64.982040075 89.35523240929163
64.982104081 89.44491864272814
64.982496766 89.7761453739557
64.982559116 89.79703618914141
64.982739601 89.92868674987295
64.990078461 89.96292084131903
64.990106573 89.9738138322731
65.051973597 89.97381383227312
66.003394367 90.04463114347956
66.003448357 90.13431737691607
66.003956746 90.4655441081436
66.005327567 90.61808548406086
66.005744009 90.61808548406087
66.013458575 90.64170231012858
66.013954208 90.65231957550694
66.016643072 90.65340332526304
66.024636579 90.663212566461
66.044420655 90.66321256646103
67.000145652 90.73402987766744
67.000197118 90.82371611110395
67.000571497 91.15494284233148
67.000792788 91.30748421824876
67.001207012 91.30748421824877
67.011381699 91.34280205945095
67.837226532 91.34280205945097
67.952940084 91.41361937065739
67.952990011 91.5033056040939
67.953341608 91.83453233532143
67.95358316 91.98707371123871
67.964671313 92.02239155244087
68.008244933 92.0223915524409
68.860225069 92.0932088636473
68.860284973 92.18289509708382
68.860636204 92.51412182831135
68.860874477 92.66666320422863
69.000474561 92.66666320422864
69.489315434 92.66666320422866
69.73359455 92.73748051543507
69.733649532 92.82716674887159
69.735446986 92.96307316571506
69.736122024 92.98911358502524
69.736921936 93.22316163494568
69.746444915 93.3109348560164
70.56153753 93.41019930120511
70.561709345 93.43435510581358
70.56184826 93.47311627241514
70.563488029 93.6073448175028
70.564862893 93.86743328673343
70.773163934 93.86743328673344
71.351904561 93.93825059793986
71.351958934 94.0279368313764
71.353472371 94.16384324821986
71.354625667 94.21492445770724
71.35507546 94.21492445770726
71.357090203 94.30898856120967
71.366345759 94.34536253096078
71.547231135 94.3453625309608
72.108107264 94.41617984216722
72.109643607 94.6417724924472
72.111216029 94.6928537019346
72.113095289 94.78691780543703
72.831144392 94.85773511664345
72.832598734 95.08332776692345
72.833674441 95.13440897641084
72.840517422 95.1371558668888
73.522966887 95.20797317809523
73.524365419 95.43356582837522
73.530035615 95.44026589633707
73.723000086 95.44026589633708
74.189138535 95.51108320754349
74.190484435 95.73667585782351
74.820992786 95.8074931690299
74.8229189 95.89239639885022
74.823172161 95.94698498754056
74.82320603 96.01846273928282
74.836212622 96.01846273928285
75.452139639 96.08928005048924
75.454199967 96.10440261466591
75.454797924 96.15641829467674
75.455126264 96.25414692919362
75.457181586 96.27340297681093
75.460094314 96.29784398270019
75.471967719 96.29784398270021
75.65724083 96.29784398270023
75.776730674 96.29784398270024
76.040725256 96.36866129390663
76.042635397 96.3837838580833
76.043110522 96.53352817261101
76.176044593 96.53352817261104
76.604007972 96.60434548381745
76.60579856 96.61946804799413
76.606733088 96.70827158433195
76.612789003 96.71456130649595
76.862952877 96.71456130649597
77.127343291 96.78537861770239
77.129123044 96.80050118187907
77.129547959 96.88930471821686
77.136429559 96.89058387890955
77.473252964 96.89058387890957
77.622522384 96.96140119011599
77.62424079 96.9661187385351
77.624292337 96.97652375429267
77.62553783 97.01368429530902
77.628846671 97.05327660108921
77.95317426 97.05327660108922
78.101294137 97.0670002396011
78.101455626 97.12409391229565
78.103117846 97.12881146071473
78.103169933 97.1392164764723
78.104354199 97.17637701748868
78.106005791 97.1766968508864
78.106112942 97.21545801748798
78.553545787 97.22918165599987
78.553716793 97.2862753286944
78.554131194 97.29585789230204
78.55530501 97.30139789287107
78.556478551 97.33855843388743
78.556662631 97.3454956517961
78.560848133 97.35900365966953
78.983522221 97.37272729818142
78.983679366 97.42982097087594
78.98408738 97.4394035344836
78.985250871 97.44494353505262
78.986395899 97.48210407606896
78.986579066 97.48904129397764
79.190446986 97.48904129397765
79.391157072 97.50276493248955
79.391298228 97.55985860518408
79.392771748 97.56457615360318
79.392822844 97.57498116936075
79.394638593 97.59210552058968
79.398753343 97.59950581325509
79.590086274 97.5995058132551
79.774588415 97.61322945176701
79.774714821 97.67032312446153
79.776090547 97.67504067288064
79.77614041 97.68544568863821
79.777743917 97.70257003986714
80.119588594 97.71629367837903
80.119716248 97.77338735107357
80.121032784 97.77810489949266
80.121071721 97.78850991525023
80.122603401 97.85082934113123
80.447805965 97.86455297964312
80.447934601 97.92164665233767
80.449266565 97.92636420075675
80.449318255 97.93676921651435
80.752679399 97.95049285502624
80.752794031 98.00758652772076
80.757453241 98.02192920231501
81.041589889 98.0356528408269
81.046099714 98.04131164035688
81.046818069 98.04778118658457
81.063688896 98.0477811865846
81.315023014 98.06150482509649
81.319323076 98.06716362462647
81.572135205 98.08088726313837
81.576007526 98.12499381874214
81.811598298 98.13871745725405
81.813373111 98.15482765795548
82.036059865 98.16855129646738
82.037270715 98.28383205252881
82.050448188 98.28383205252884
82.247076262 98.29755569104073
82.446773439 98.30190337568513
82.575556804 98.30190337568514
82.804773558 98.38018627142038
82.96042803899999 98.3801862714204
83.106677638 98.48988909625584
83.109005775 98.49248601209993
83.243285588 98.60045967585316
83.312616801 98.60045967585317
83.847970516 98.62286018491352
83.918468602 98.70933811742806
83.947715508 98.70933811742808
83.981759374 98.74310710900504
84.008448353 98.74310710900505
