0.000358036 49.66095690819604
0.000437296 50.368334639899125
0.000479571 50.43657515310056
0.000505254 51.007357126950694
0.00207712 51.657909952621026
0.008480564 51.730428923853125
0.008596526 51.78866018996496
0.008806998 51.789546073405404
0.009862097 51.78954607340541
0.011683997 51.85202162885484
0.055686997 51.90687699360766
0.079230541 51.92847908178394
0.079260063 52.499261055634086
0.08055492 53.149813881304404
0.085568403 53.2223328525365
0.085664714 53.280564118648336
0.08584052 53.28145000208878
0.086697901 53.28145000208879
0.08812026 53.34392555753822
0.123073156 53.39878092229104
0.184138149 53.40279112363032
0.304966277 53.4044938947575
0.425738109 53.42851799910435
0.487049436 53.429470285919166
0.607618682 53.42947028591917
0.726576425 53.43541375604936
0.908523078 53.437188469429145
0.968379277 53.43718846942915
1.145285051 53.44123684915625
1.323380626 53.441236849156255
1.383373541 53.44223545954138
1.443029261 53.442235459541386
1.501509284 53.445021095507165
1.561007119 53.44502109550717
1.742425554 53.46151645732694
1.8020402020000001 53.48653677587034
1.921944865 53.501989257151266
2.103623626 53.50198925715127
2.250665766 53.50536515851027
2.283177562 53.5602205232631
2.400724825 53.560220523263105
2.459792674 53.56022052326311
2.5179485 53.561106406703544
2.638902337 53.56110640670355
2.696892747 53.56110640670356
2.724112134 53.56872659740014
2.757248363 53.62358196215298
2.9967457 53.634512729105985
3.076276709 53.74931390505291
3.076320394 53.81755441825434
3.076357276 53.931773456891214
3.076380736 54.089011760439014
3.076417421 54.11042540279336
3.07669542 54.195787498680566
3.077204131 54.388336392104485
3.077826395 54.754742362290976
3.078139745 54.78623218725014
3.078444349 54.8341456972047
3.078483916 54.88837429309629
3.078573115 55.0388892177748
3.085014715 55.23300089400862
3.118622736 55.28785625876144
3.34955312 55.288742142201876
3.581408667 55.28874214220188
4.73480041 55.3402869306983
4.9647363890000005 55.351217697651315
5.962883099 55.52176012179149
5.962935488 55.59000063499293
5.962975627 55.704219673629794
5.963000588 55.86145797717761
5.963039698 55.882871619531954
5.96333581 55.96823371541916
5.963857444 56.160782608843064
5.964494182 56.52718857902957
5.964792902 56.55867840398872
5.965093602 56.606591913943284
5.965198711 56.811335434513396
5.971455573 57.0054471107472
6.016148596 57.005447110747205
6.028911442 57.00544711074721
6.117659343 57.06792266619663
6.456956547 57.06792266619664
8.788870066 57.23846509033682
8.788924524 57.30670560353825
8.788949201 57.87748757738839
8.79018931 58.52804040305871
8.794921141 58.60055937429081
8.795013914 58.65879064040266
8.795178032 58.6596765238431
8.79801564 58.72215207929253
8.894598773 58.722152079292535
11.548436567 58.95517005888213
11.548502552 59.02341057208356
11.548528459 59.59419254593371
11.549800274 60.244745371604026
11.554588166 60.31726434283614
11.554685579000001 60.37549560894797
11.554850873 60.37638149238842
11.650554377 60.376381492388425
14.228830978 60.609399471978016
14.228893571 60.67763998517946
14.228934314 60.79185902381632
14.228986103 60.97051096971848
14.229277153 61.05587306560569
14.230385237 61.6148279292161
14.23067805 61.64631775417525
14.231001328 61.69423126412981
14.236248405 61.7048352039288
14.239268928 61.750098718022436
14.244182688 61.91074134793701
14.247046841 61.914525594287916
14.247768369 61.91452559428792
14.256162217 61.91452559428793
15.166471085 61.91452559428794
16.849184335 62.147543573877535
16.849246605 62.21578408707898
16.849286501999998 62.33000312571584
16.849338417 62.508655071618
16.849611688 62.59401716750521
16.850711009 63.15297203111562
16.850967543 63.18446185607477
16.851275723 63.232375366029345
16.856395885 63.24297930582832
16.860084804 63.28824281992195
16.864369103 63.32412688088966
16.864421195 63.326895935370366
16.864816281 63.34792796965191
16.864987892 63.448885449836524
16.899009054 63.45266969618744
19.395816457 63.68568767577705
19.395869987 63.75392818897849
19.395906448 63.86814722761535
19.398055629 64.04679917351751
19.398295682 64.13216126940472
19.399281632 64.69111613301513
19.399521568 64.72260595797428
19.399811301 64.77051946792885
19.404621571 64.78112340772783
19.409544318000002 64.79117426415313
19.410512998 64.79564568274591
19.412345916 64.81861556211837
19.412431981 64.86227098278917
19.412482672 64.86504003726988
19.41288028 64.88607207155142
19.414443315 64.90951859096776
19.422410468 64.98298117200893
21.867627267 65.21599915159855
21.867681521 65.28423966479998
21.867719614 65.39845870343686
21.867768165 65.577110649339
21.868029934 65.66247274522621
21.868771322 65.66247274522622
21.869048578 66.22142760883662
21.8693214 66.23081371236526
21.869603693 66.30083094375036
21.882115963 66.34892703793986
21.882208905 66.39258245861066
21.882257521 66.39535151309138
21.882657426 66.41638354737293
21.884180827 66.43983006678926
21.894871159 66.51151793445064
24.271431051 66.74453591404024
24.271489112 66.81277642724169
24.271526019 66.92699546587855
24.271573896 67.10564741178071
24.272335556 67.10564741178072
24.272828828 67.19051197056284
24.272856264 67.74996437127832
24.273123275 67.75935047480695
24.273415479 67.82936770619206
24.285557155 67.87746380038156
24.28564664 67.92111922105236
24.285695591 67.92388827553307
24.286096956 67.94492030981462
24.287576719 67.96836682923096
24.300441309 68.0074320644733
26.615782318 68.24045004406291
26.615835802 68.30869055726436
26.615872489 68.42290959590122
26.615919898 68.60156154180336
26.616655449 68.60156154180338
26.617129827 68.6864261005855
26.617158151 69.245878501301
26.61742076 69.25526460482962
26.625025066 69.30112077553846
26.629672725 69.37337793040423
26.629761425 69.41703335107503
26.629810732 69.41980240555574
26.630200692 69.44083443983729
26.631670682 69.46428095925363
28.895303234 69.69729893884323
28.895366406 69.76553945204468
28.895404106 69.87975849068154
28.895452079000002 70.0584104365837
28.896661774000002 70.14327499536583
28.896693034 70.70272739608133
28.896935019 70.71211349960997
28.904502839 70.7579696703188
28.909117998 70.83022682518457
28.909198159 70.87388224585537
28.909247259 70.87665130033608
28.90964993 70.89768333461762
30.152617782 70.89768333461764
31.105544605 71.13070131420723
31.105592549 71.19894182740866
31.10562876 71.31316086604554
31.105677505 71.49181281194768
31.106853688 71.70121314346947
31.107093428 72.0221633019183
31.107144795 72.14551587497392
31.115282223 72.16748788299572
31.122439697 72.26445302562513
31.143108684 72.31181445934956
32.103467002 72.31181445934958
33.25012578 72.54483243893918
33.250179279 72.61307295214061
33.250214938 72.72729199077749
33.250262174 72.90594393667963
33.251382527 73.11534426820143
33.251422916 73.55026089617725
33.251670331 73.55964699970589
33.265056352 73.625234151699
33.266699779 73.67858415035707
34.308749213 73.67858415035708
35.383141928 73.91160212994669
35.383197648 73.97984264314812
35.383233603 74.09406168178499
35.383281973 74.27271362768714
35.3844148 74.48211395920893
35.384640468 74.80306411765775
35.384693953 74.92641669071338
35.412596419 74.99200384270651
37.450810393 75.22502182229611
37.450864480999996 75.29326233549754
37.450900452 75.40748137413442
37.45094621 75.58613332003657
37.452021332 75.79553365155836
37.452257577 76.1164838100072
37.452307087 76.23983638306282
39.374021894 76.47285436265243
39.374072114 76.54109487585386
39.374108115 76.65531391449073
39.374155647 76.83396586039288
39.376326001 77.09704308506996
39.378416969 77.11064422481306
39.380085315 77.36045692655593
39.392469055 77.41189325006337
39.505400372 77.41189325006339
41.338842505 77.64491122965299
41.338900155 77.71315174285444
41.338935707 77.8273707814913
41.338981876 78.00602272739346
41.340074447 78.21542305891525
41.340305873 78.53637321736406
41.340912624 78.53637321736407
41.362443574 78.54455527880567
41.428104671 78.54455527880569
43.22307293 78.7775732583953
43.223124144 78.84581377159672
43.223159975 78.9600328102336
43.22320877 79.13868475613575
43.225067412 79.40176198081282
43.227649613 79.41536312055592
43.228752151 79.6651758222988
43.256226275 79.66903524610636
43.368531117 79.66903524610638
45.023696305 79.90205322569598
45.023755323 79.97029373889741
45.023791071 80.08451277753429
45.025675237 80.26316472343643
45.027693409 80.52624194811351
45.031103785 80.7896557895995
46.749045241 81.0226737691891
46.749108806 81.09091428239054
46.749145403 81.2051333210274
46.74919314 81.38378526692956
46.751063715 81.64686249160664
46.75473256 81.89504036677434
46.807186957 81.89504036677435
48.389697319 82.12805834636394
48.389748295 82.19629885956539
48.389823973 82.48916984410441
48.391644755 82.75224706878149
48.398087957 82.84804657834842
48.398876686 82.8804605579024
48.398982061 82.91400583144315
48.399647856 82.95800143245937
49.99754107 83.19101941204897
49.997591683 83.25925992525042
49.997658869 83.55213090978944
49.999381172 83.81520813446652
50.007637216 83.97696689712818
50.470368691 83.9769668971282
51.548112168 84.20998487671778
51.548163277 84.27822538991921
51.548231502 84.57109637445825
51.550006649 84.83417359913533
51.570199414 84.85872187707852
53.029880575 84.85872187707854
53.038753107 85.09173985666813
53.038796183 85.15998036986957
53.038862242 85.4528513544086
53.039451683 85.45285135440861
53.040550192 85.71592857908568
54.493954412 85.83445838438625
54.494004261 86.0171870718767
54.494072729 86.27973499072486
54.494647245 86.31005805641573
54.498033242 86.45641755146289
54.501190825 86.45729378219593
54.515492044 86.46868067804989
54.52050181 86.5731352810928
54.558606515 86.57313528109282
54.609554589 86.57313528109283
55.893327465 86.6916650863934
55.893381564 86.87439377388385
55.893461977 87.136941692732
55.894025865 87.13694169273201
55.897150962 87.31362425347002
55.900962767 87.31450048420308
55.90141081 87.3145004842031
56.117675907 87.31450048420311
57.247417957 87.43303028950369
57.247468614 87.61575897699414
57.247972524 87.75279586794929
57.248119947 87.8783068958423
57.250822543 88.05498945658033
57.266212026 88.05586568731337
57.432786378 88.05586568731339
58.558117501 88.17439549261395
58.558175231 88.3571241801044
58.558701695 88.49416107105957
58.561325712 88.51219799313687
58.561552132 88.52332843855568
58.561736371 88.54996871950236
58.561951352 88.79635465969059
58.789769384 88.7963546596906
59.837361746 88.91488446499119
59.837812019 88.95519471055029
59.839369234 89.23465004343677
59.844737796 89.24029668489528
59.84508093 89.25268696551406
59.846509678 89.37585966762755
59.847287942 89.40667330989243
59.84746579 89.41970832557699
59.848666063 89.50818931140665
59.873784549 89.50818931140668
61.059880199 89.62671911670725
61.060336348 89.66702936226636
61.060485503 89.8094478041977
61.061523339 89.81035912210854
61.062537036 89.84036918014763
61.065013387 89.93018451446642
61.065654348 89.95213133661136
61.066011692 89.96452161723013
61.067409317 90.08769431934363
61.068196782 90.11850796160849
61.068383062 90.13154297729307
61.226324541 90.13154297729308
62.243657676 90.25007278259366
62.244080991 90.29038302815276
62.244242479 90.43280147008412
62.244557647 90.54250031653471
62.248607108 90.55353818035282
62.249231356 90.57548500249776
62.249603429 90.58787528311655
62.259219313 90.59900572853537
62.26420246 90.62564600948204
62.521098898 90.62564600948205
63.298201064 90.62564600948207
63.386964384 90.74417581478264
63.387372815 90.78448606034175
63.387422025 90.81525277538196
63.387833048 90.87838069878195
63.387881152 91.03660334872369
63.388390028 91.0366033487237
63.391832786 91.04764121254179
63.392455526 91.06958803468675
64.008185841 91.06958803468676
64.494457442 91.18811783998734
64.494929797 91.22842808554644
64.494978057 91.25919480058667
64.495372002 91.32232272398664
64.495421065 91.4805453739284
64.495923662 91.48054537392841
64.499695575 91.4915832377465
64.505668148 91.49692249437352
64.515903005 91.51353005989142
64.527917008 91.51353005989145
65.552102081 91.632059865192
65.55252972 91.67237011075112
65.552576749 91.70313682579133
65.55296272 91.78179201258293
65.554514852 91.84570992863239
65.55895649 91.94086451957817
65.559372906 91.94086451957818
65.665413938 91.9408645195782
66.395231262 91.94086451957821
66.569525309 92.05939432487878
66.569566915 92.1304712854781
66.570316797 92.19359920887808
66.57036707 92.35182185881983
66.587929517 92.36721300183292
66.607359978 92.36721300183294
66.76564127 92.36721300183295
67.556734702 92.4857428071335
67.557151265 92.52605305269262
67.557200977 92.55681976773283
67.559095636 92.69939287057389
67.564463878 92.77817034107457
67.609789135 92.77817034107458
67.761655263 92.7781703410746
68.520356904 92.89670014637517
68.520740621 92.93701039193428
68.520788488 92.96777710697451
68.522612256 93.11035020981555
68.530517128 93.16825357788817
68.907893949 93.16825357788818
69.419084149 93.28678338318876
69.419128578 93.35786034378809
69.422865477 93.4192965635094
69.426868696 93.49478744143153
69.79171132 93.49478744143154
70.288590322 93.61331724673212
70.288644283 93.68439420733145
70.292118672 93.69967887243945
70.292204267 93.74583042705277
70.295313078 93.79848856681625
70.303239419 93.79896844682163
70.303396127 93.80109620594325
70.305829874 93.82132130497489
71.022285665 93.8213213049749
71.12764932 93.93985111027546
71.128032748 93.98016135583457
71.128077695 94.01092807087477
71.131166751 94.0723642905961
71.138059932 94.09563077017414
71.141729576 94.12550231036498
71.173175412 94.125502310365
71.415377964 94.12550231036501
71.936890537 94.24403211566558
71.936935229 94.3151090762649
71.940276067 94.3303937413729
71.94035658600001 94.37654529598623
71.943322779 94.42920343574971
71.974959448 94.42920343574974
72.697388505 94.5477332410503
72.697435679 94.61881020164962
72.700685285 94.68024642137095
72.707534877 94.703512900949
72.710616821 94.70351290094901
72.71161062 94.72080942146698
72.755304302 94.720809421467
73.271077983 94.72080942146701
73.434973412 94.83933922676756
73.435014299 94.91041618736689
73.438250646 94.97185240708822
73.444793606 94.99511888666626
73.447807869 94.99511888666628
73.490213788 94.99511888666629
74.129726894 95.11364869196687
74.129770785 95.1847256525662
74.132902357 95.24616187228753
74.794017745 95.36469167758811
74.794062362 95.43576863818744
74.799072716 95.48279987588607
74.804981868 95.4877696763442
74.943954488 95.48776967634421
75.429024175 95.6062994816448
75.429067076 95.67737644224412
75.433437479 95.72440767994276
75.435492979 95.7300199842811
75.437310338 95.82296819343665
76.037165621 95.94149799873723
76.037210381 96.01257495933656
76.041492768 96.05960619703521
76.639817065 96.1781360023358
76.640173389 96.21844624789492
76.64212439 96.24921296293512
76.649261802 96.29577836340856
76.947381178 96.29577836340857
77.199509697 96.41430816870916
77.199552866 96.48538512930848
77.729280673 96.60391493460907
77.729597695 96.64422518016818
77.734039165 96.64693590265705
77.735416512 96.67368195679333
77.755660753 96.67368195679335
78.22481457 96.70174741252157
78.22570353 96.76330114612843
78.225844038 96.79221176209391
78.228726613 96.83060676729973
78.23389396 96.8384227889884
78.243496508 96.83842278898841
78.464882207 96.83842278898842
78.720245775 96.9280419783235
78.720325674 97.0458432437649
78.730034352 97.04584324376492
78.793655939 97.04584324376493
79.172095895 97.13546243310005
79.172241415 97.16437304906552
79.174267697 97.20276805427136
79.179427661 97.20468329462463
79.56523841 97.20468329462464
79.601158341 97.24543841617788
79.602020661 97.30188454876736
79.603042437 97.36160810513104
79.619359278 97.36160810513105
80.00702363 97.4023632266843
80.007782826 97.45880935927376
80.010603717 97.49530716822817
80.05065019 97.49530716822818
80.390881677 97.53606228978143
80.391644884 97.59250842237091
80.393014961 97.814954936157
80.736910675 97.85571005771024
80.737600344 97.9121561902997
80.764552667 97.91215619029971
80.843257135 97.91215619029973
80.896344587 97.91215619029975
81.06616402 97.95291131185297
81.070436704 97.96105928895221
81.095384129 97.96105928895223
81.192208893 97.96105928895224
81.368395454 97.96105928895226
81.370940357 98.00181441050547
81.372514588 98.00181441050549
81.375081027 98.06305046494685
81.415923341 98.06305046494687
81.438830559 98.06305046494688
81.611376958 98.0630504649469
81.661809798 98.10380558650012
81.667726542 98.10380558650013
81.729221518 98.10380558650014
81.767508264 98.10380558650016
81.938405472 98.14008143648654
81.985206624 98.14008143648657
82.196526461 98.14876929955348
82.196561534 98.15938378688658
82.254253997 98.1593837868866
82.421309566 98.15938378688661
82.436561832 98.47115462856672
82.478309231 98.47115462856674
82.663911833 98.47468978250966
82.874384513 98.5531107856727
82.933894589 98.55311078567271
83.253202552 98.65117094337162
83.860646456 98.6876867922983
83.863427538 98.68768679229831
84.304390054 98.69982918756685
84.390138532 98.96509360105814
84.406641204 98.96509360105816
