0.000353709 55.332952062697686
0.00084384 55.355727998315416
0.000934624 55.44424155533072
0.001390808 55.469633093917906
0.002139933 55.963488290423484
0.00238805 56.10867675356562
0.002521535 56.3477897610415
0.005781302 56.556066162992195
0.078466486 56.88408919982088
0.078812537 56.90686513543861
0.078885247 56.99537869245391
0.079260965 57.0207702310411
0.079856985 57.514625427546676
0.080064706 57.65981389068881
0.080170814 57.89892689816469
0.082742059 58.10720330011539
0.14321269 58.11870561890052
0.144011727 58.11870561890053
0.2043403 58.14198213039721
0.205164601 58.14198213039722
0.264960355 58.141982130397224
0.314417261 58.14198213039723
0.447832341 58.15103641243638
0.50770439 58.160771316477295
0.508526768 58.1607713164773
0.569068559 58.16077131647731
0.629762709 58.162554293624595
0.7400634 58.1625542936246
0.871928192 58.17563750879475
0.921548304 58.17563750879476
0.993327939 58.18758496729566
1.113276064 58.216616301531516
1.114098093 58.21661630153152
1.1731247200000001 58.22221058768622
1.173923985 58.22221058768623
1.295416342 58.228024810969025
1.532882726 58.232406616613744
1.6524183049999999 58.23491311559181
1.70149086 58.234913115591816
1.892068243 58.23950117256468
1.999231781 58.23950117256469
2.009691467 58.28132699747353
2.01044648 58.281326997473535
2.06974233 58.28132699747354
2.177337628 58.28132699747355
2.248598134 58.296709944171
2.2988175699999998 58.296709944171006
2.368667328 58.33218677243272
2.369472294 58.33218677243273
2.428391423 58.332186772432735
2.519182881 58.349402061079005
2.519440827 58.35350463572988
2.537825913 58.353504635729884
2.608159088 58.358803452993484
2.608976952 58.35880345299349
2.73044199 58.43908694289163
2.8537710450000002 58.44318951754251
3.089752657 58.99619602668853
3.090131721 59.01897196230627
3.090204638 59.10748551932157
3.090579659 59.13287705790875
3.091168106 59.626732254414335
3.091381768 59.771920717556476
3.091489288 60.01103372503235
3.099343613 60.05744760691408
3.123965302 60.21520755233217
3.12421946 60.219310126983046
3.672310673 60.23652541562931
3.934187672 60.236525415629316
4.594586603 60.24182423289292
4.758880202 60.241824232892924
4.827749303 60.2459268075438
5.974441448 60.900534669885104
5.974833751 60.92331060550284
5.976739729 61.037215701105325
5.9773076849999995 61.53107089761092
5.977515883 61.67625936075305
5.977628537 61.91537236822892
5.985279563 61.961786250110656
6.015310103 62.0392627056306
6.129277898 62.039262705630605
6.186119235 62.03926270563061
8.792782251 62.68605667124014
8.793174086 62.708832606857875
8.793603656 62.82273770246036
8.794192138 63.316592898965936
8.794403651 63.46178136210807
8.794517163 63.70089436958395
8.800371274 63.76269119816314
8.942697242 63.76269119816315
9.461281557 63.76452354011196
11.532728054 64.42853279436775
11.533126986 64.45130872998548
11.533568386 64.56521382558797
11.534148565 65.05906902209357
11.534366361 65.20425748523569
11.534480306 65.44337049271157
11.542729578 65.4897843745933
14.217319305 66.15379362884909
14.217707817 66.17656956446683
14.218117602 66.29047466006932
14.218830691 66.61375556801185
14.218888689 66.92951831971703
14.218996603 67.16863132719291
16.820033718 67.8326405814487
16.820445027 67.85541651706644
16.822404032 67.96932161266894
16.823091076 68.29260252061147
16.823148563 68.60836527231665
16.823258464 68.84747827979251
16.950391859 68.84747827979253
19.341731645 68.85232903824958
19.341878007 68.94009432712755
19.34199577 69.16752891864076
19.342071904 69.2005569148521
19.342144913 69.4703732393231
19.342337466 69.52529630057874
19.34257222 69.64816856526853
19.34373848 69.80624186383648
19.346324088 69.95406220335589
19.34850039 70.03860741719406
19.348702464 70.1710841410123
19.348728306 70.20401170672524
19.348921132 70.46704962559507
21.803115685 70.47190038405213
21.803277792 70.5596656729301
21.803409188 70.7871002644433
21.803495485 70.82012826065466
21.80357511 71.08994458512565
21.803800587 71.1448676463813
21.804054504 71.26773991107109
21.805214884 71.42581320963903
21.807744905 71.57363354915844
21.809900225 71.65817876299663
21.810102379 71.79065548681487
21.8101362 71.8235830525278
24.205651647 71.82843381098486
24.205790781 71.91619909986284
24.205908883 72.14363369137604
24.205985522 72.17666168758738
24.20624162 72.50140107331403
24.206460979 72.62427333800382
24.207561941 72.78234663657176
24.21365875 72.85111554763228
24.225748678 73.07476149355472
24.226628102 73.13907288906752
24.247412183 73.13907288906753
26.547991051 73.1439236475246
26.548127031 73.23168893640256
26.54824018 73.45912352791576
26.548316777 73.49215152412711
26.548391011 73.7619678485981
26.548577193 73.81689090985375
26.552697381 74.00897570111952
26.552809225 74.02019869138594
26.555491554 74.09129974322288
26.555797407 74.09673376443901
26.567936567 74.39025133009446
26.57245209 74.44998815414331
26.588737601 74.44998815414333
28.817637866 74.45483891260037
28.817786712 74.54260420147834
28.817908838 74.77003879299154
28.817988818 74.8030667892029
28.818069316 75.0728831136739
28.818267309 75.12780617492955
28.822326881 75.3198909661953
28.822429491 75.33111395646172
28.825061705 75.40221500829867
28.825349352 75.4076490295148
28.842313178 75.48334424428599
28.844938313 75.68356963624268
28.854489384 75.6835696362427
29.284899317 75.68356963624271
31.019942922 75.68842039469975
31.020087507 75.77618568357772
31.020204208 76.00362027509092
31.020283004 76.03664827130227
31.020357806 76.30646459577326
31.020549629 76.36138765702891
31.024525533 76.55347244829467
31.024626475 76.56469543856109
31.027183889 76.63579649039804
31.039695158 76.72047803893508
31.039745954 76.88158814672865
31.053577888 76.90764798945223
31.053640736 76.91474456083326
32.130073739 76.91474456083327
33.155450025 76.91959531929031
33.15558774 77.00736060816828
33.155701393 77.23479519968149
33.155776258 77.26782319589284
33.155849126 77.53763952036383
33.156036606 77.59256258161949
33.159940326 77.78464737288525
33.160051047 77.79587036315166
33.162567603 77.86697141498861
33.17501146 77.95165296352566
33.175062129 78.11276307131922
33.190909883 78.14302258852749
33.355847105 78.1430225885275
35.24705233 78.14787334698455
35.247192897 78.23563863586253
35.247307385 78.46307322737573
35.247383648 78.49610122358709
35.247458822 78.76591754805807
35.247664814 78.82084060931372
35.251490082 79.01292540057949
35.251602862 79.02414839084591
35.254079496 79.09524944268284
35.269458845 79.09609034963205
35.2793273 79.1677288418489
35.998054709 79.16772884184891
37.28203627 79.17257960030597
37.28217334 79.26034488918394
37.282286509 79.48777948069714
37.282363297 79.52080747690849
37.282438249 79.79062380137948
37.286386547 80.0376316539009
37.286500747 80.04885464416732
37.288907688 80.11995569600425
37.303875487 80.12079660295346
38.545319473 80.12079660295348
39.280001705 80.12564736141051
39.280147625 80.21341265028849
39.280267886 80.44084724180169
39.280348057 80.47387523801305
39.280430318 80.74369156248403
39.284356286 80.99069941500542
39.284446082 81.00192240527184
39.30194005 81.03310012524294
39.63326348 81.03310012524295
41.151046372 81.0379508837
41.151184382 81.12571617257797
41.1512998 81.35315076409117
41.151380058 81.38617876030253
41.1517164 81.59299851974978
41.152099286 81.6559950847735
41.155274268 81.90300293729493
41.155373661 81.91422592756135
41.52008845 81.91422592756136
43.024441562 81.9190766860184
43.024576712 82.00684197489636
43.024685457 82.23427656640956
43.02475764 82.26730456262092
43.025059493 82.4741243220682
43.025426942 82.53712088709192
43.034971986 82.77687514604222
43.049906577 82.78412873961332
43.733775287 82.78412873961334
44.807464781 82.78897949807038
44.807595304 82.87674478694836
44.80770829 83.10417937846157
44.807781215 83.13720737467293
44.808088427 83.34402713412021
44.808452352 83.40702369914389
44.817608958 83.64677795809422
45.501811295 83.64677795809423
46.546301265 83.65162871655129
46.546441442 83.73939400542928
46.546556999 83.96682859694248
46.546630732 83.99985659315381
46.546692575 84.26967291762482
46.556232364 84.50942717657513
48.200461838 84.51427793503218
48.200592133 84.60204322391014
48.202360894 84.82947781542335
48.202431637 84.8625058116347
48.202495123 85.13232213610569
48.216303177 85.14132314276777
48.282134322 85.14132314276779
48.998505165 85.1413231427678
49.801215336 85.14617390122484
49.801343387 85.23393919010283
49.801450171 85.46137378161603
49.801524128 85.49440177782736
49.801582365 85.76421810229837
49.815731129 85.77321910896046
50.237630014 85.77321910896048
51.3638605 85.77806986741753
51.36398434 85.86583515629549
51.364090259 86.09326974780869
51.364139991 86.12629774402005
51.364196906 86.39611406849103
52.11280647 86.39611406849104
52.873747418 86.40096482694808
52.873882642 86.48873011582607
52.873994819 86.71616470733927
52.874047841 86.7491927035506
52.87436695 86.95601246299789
53.07799724 86.95601246299792
54.326225293 87.122764518631
54.326555311 87.15387807886542
54.32722985 87.15387807886543
54.327742374 87.2511010290143
54.328249592 87.352739552567
54.328399475 87.3835883690764
54.32856877 87.43326968107228
54.332161862 87.50774588379078
54.332342859 87.51312826394037
54.35171477 87.51312826394039
55.758458706 87.60412425360884
55.758993875 87.60412425360887
55.759643065 87.80821682995675
55.760138901 87.90985535350949
55.760280143 87.94070417001886
55.760438206 87.99038548201473
55.770395247 88.05260523374166
55.77861854 88.06486168473324
55.784784186 88.06486168473326
56.065458507 88.06486168473327
57.137702546 88.15585767440174
57.138765936 88.35995025074963
57.139334964 88.46158877430236
57.13950634 88.49243759081176
57.139643022 88.54211890280762
57.149533654 88.60433865453453
57.176329796 88.60433865453454
58.285422402 88.60433865453456
58.460403328 88.64928727867925
58.460648892 88.80220427040206
58.461523489 88.89942722055092
58.462086873 89.00106574410364
58.462258521 89.03191456061303
58.462413774 89.08159587260889
58.472824954000004 89.13698918714347
58.47753148 89.13770186697674
58.486534884 89.14381562433582
58.652222005 89.14381562433583
59.743001337 89.18876424848052
59.743229048 89.34168124020333
59.744069567 89.43890419035219
59.744623431 89.54054271390491
59.744784685 89.5713915304143
59.744944029 89.62107284241016
59.754829554 89.67646615694474
59.811106345 89.67646615694476
60.981503507 89.76746214661323
60.981611346 89.77718411670199
60.982505159 89.97155472296112
60.983061254 90.07319324651385
60.983208516 90.10404206302324
60.995514914 90.13116598947015
60.999760734 90.14602669421626
61.002331731 90.17880812220557
61.122042207 90.17880812220558
62.167559717 90.26980411187405
62.16767469 90.27952608196281
62.168589778 90.47389668822194
62.169136042 90.57553521177468
62.169284862 90.60638402828407
62.18133917 90.63350795473097
62.181381721 90.79665275343514
62.256921347 90.79665275343515
63.321304032 90.84160137757985
63.321538371 90.99451836930265
63.32233067 91.09174131945151
63.322866466 91.19337984300424
63.323014897 91.22422865951363
63.334266768 91.22422865951364
63.336935263 91.23818151601782
63.341401081 91.25135258596055
63.983816024 91.25135258596056
64.439893247 91.34234857562903
64.439999408 91.3520705457178
64.440931195 91.36106242392323
64.440994316 91.54644115197692
64.441421492 91.64807967552964
64.441567927 91.67892849203905
64.454285195 91.69288134854321
64.518226698 91.69288134854322
65.500878973 91.73782997268792
65.501098268 91.89074696441072
65.501845186 91.98796991455959
65.502325416 92.08960843811231
65.502469487 92.1204572546217
65.512726732 92.12045725462171
66.332048078 92.12045725462173
66.5142314 92.16540587876644
66.514345798 92.27890829807679
66.514466101 92.31832287048924
66.5152042 92.4155458206381
66.51939162 92.44600962328776
66.519702842 92.47923185055
66.520117617 92.48984917202908
66.520620771 92.52662595642944
66.526496649 92.54803316070021
67.495996598 92.59298178484491
67.496210964 92.74589877656771
67.496919565 92.84312172671657
67.500925041 92.87358552936624
67.501208567 92.90680775662847
67.501623781 92.91742507810756
67.506068784 92.93198951690319
67.506127221 92.94527130315632
67.80803866 92.94527130315633
68.312127734 92.94527130315635
68.447604951 92.99021992730104
68.447819341 93.14313691902385
68.448526516 93.2403598691727
68.452366384 93.27082367182237
68.452670729 93.3040458990846
68.453059092 93.31466322056369
68.752485612 93.3146632205637
69.219854209 93.31466322056372
69.352158821 93.40565921023217
69.352250535 93.41538118032095
69.352535532 93.59800893525265
69.353011651 93.60975178658008
69.356769103 93.64021558922975
69.357045907 93.67343781649197
69.357436681 93.68380419875058
69.357790041 93.68405513797106
69.387048411 93.68405513797107
70.220370218 93.77505112763954
70.2204841 93.7847730977283
70.220789426 93.96740085266002
70.221266033 93.97914370398743
70.225054546 94.00960750663712
70.225308722 94.04282973389934
70.242599488 94.04282973389935
71.055723045 94.20128077735443
71.056480345 94.33791829991573
71.061173546 94.3683821025654
71.070899538 94.38653805814242
71.087514211 94.38653805814243
71.850009865 94.54498910159751
71.850756611 94.68162662415881
71.854201042 94.71209042680849
72.607118317 94.87054147026355
72.60782222 95.00717899282485
72.612222111 95.01483944578294
72.62229281 95.01483944578295
73.340321163 95.17329048923801
73.34104258 95.30992801179931
73.345354962 95.3175884647574
74.040167016 95.47603950821247
74.040862876 95.61267703077377
74.050458323 95.61267703077378
74.707755715 95.77112807422886
74.710792251 95.84506000638505
74.717160551 95.89602274546274
75.353093836 96.0544737889178
75.3580872 96.07790938112828
75.363101572 96.0779093811283
75.363603714 96.08432216869572
75.967440621 96.24277321215078
75.972350278 96.26620880436126
75.976643735 96.27051548128016
76.058460912 96.27051548128017
76.550679793 96.42896652473523
76.555471837 96.4524021169457
76.556520196 96.4704604166612
76.847787377 96.47046041666121
77.108049407 96.62891146011627
77.112584566 96.65234705232675
77.561422477 96.65234705232676
77.642992545 96.81079809578182
77.653000905 96.82498064226196
78.128120684 96.82498064226198
78.149328251 96.98343168571702
78.227342989 96.98343168571704
78.601862402 96.98343168571705
78.631657025 97.01096226365476
78.632177096 97.05797939734384
78.632764519 97.10380144761154
78.632873033 97.1305488400683
78.824726608 97.13054884006831
79.089243279 97.15807941800604
79.089484933 97.20509655169512
79.091430324 97.25962752161443
79.100226861 97.25962752161445
79.519727628 97.28715809955217
79.52106153 97.30624079306048
79.521135036 97.32536099304319
79.523994298 97.34663971425464
79.525411917 97.38303223302891
79.691362589 97.38303223302893
79.930840607 97.39976646976783
79.931974854 97.42964550447496
79.932045699 97.44876570445768
79.93492864 97.47004442566912
80.194286323 97.47004442566913
80.313899675 97.48677866240801
80.314942868 97.51665769711515
80.315010915 97.53577789709787
80.322237887 97.53577789709789
80.661841673 97.55251213383679
80.662870369 97.58239116854392
80.663118794 97.58239116854394
80.674636966 97.58239116854395
80.989722957 97.59912540528283
80.992039737 97.62011767310493
80.992769631 97.74184092926104
81.298206706 97.75857516599993
81.300482678 97.77956743382202
81.308048206 97.77956743382204
81.592670265 97.79630167056094
81.594906307 97.81729393838302
81.60927379500001 97.81729393838303
81.86622291 97.83402817512193
81.869245412 97.85183750635274
81.966946839 97.85183750635275
82.124989021 97.86857174309165
82.12916752 97.8700579814649
82.186905794 97.87005798146491
82.365211559 97.88679221820381
82.368728106 98.07019160086021
82.46316197 98.07019160086023
82.590038281 98.08692583759911
82.615743843 98.08692583759913
82.793148112 98.08692583759914
82.802549622 98.34504946577353
82.837827111 98.34504946577354
83.352458382 98.45325767791394
83.353320717 98.47789573513936
83.354653799 98.56660112415202
83.448585036 98.56660112415203
84.132118372 98.69740865432458
84.720007865 98.80124069139842
84.73189745 98.80124069139843
