0.000357515 51.50538597047235
0.000430864 51.8055601328758
0.000489943 53.295705740915594
0.003621023 53.62782809294352
0.0038317 54.02523787665878
0.078695222 54.794703819074584
0.081249707 55.12682617110251
0.081428069 55.52423595481777
0.142745573 55.52809765763769
0.264138522 55.5280976576377
0.383214107 55.5317806269438
0.504668942 55.53424099920504
0.564792213 55.53424099920505
0.743998467 55.542226830415494
0.802969724 55.54222683041551
0.922373973 55.542226830415515
0.98086228 55.56529573112148
1.100058232 55.56876438832711
1.220210949 55.569052939651066
1.339627926 55.61288245880494
1.46004159 55.64351292377392
1.519911891 55.643512923773926
1.697291568 55.650852631199164
1.75666503 55.65085263119917
1.877122311 55.650852631199186
1.935933385 55.66169577132746
1.997484764 55.661695771327466
2.116285417 55.66169577132747
2.177017127 55.700646263066226
2.237406225 55.70064626306623
2.420121104 55.72768048025645
2.479889736 55.75593461816947
2.555916582 55.755934618169476
2.717779411 55.75812377650557
2.8380652729999998 55.8181889949048
2.900135866 55.818188994904816
3.076339427 56.76406524556907
3.07717499 56.764065245569086
3.080066296 56.92817267869104
3.080111224 57.160286483639055
3.080558478 57.43353216291301
3.127888039 57.493597381312256
3.210198979 57.49359738131227
3.426488998 57.520631598502476
3.601773742 57.52063159850249
4.808512156 57.55107489475159
5.958559097 58.55701636381511
5.962243991 58.72112379693708
5.962289308 58.95323760188509
5.962758341 59.22648328115905
8.773992306 60.289902263661894
8.778873598 60.37824549584945
8.779222278 60.54897870096263
8.780291429 60.7354864037053
8.780345889 60.84475832827419
8.781560887 60.852098035699434
8.801437218 60.901891667566495
11.508164457 61.96531065006933
11.51170536 62.1294180831913
11.511751119 62.36153188813931
11.514249119 62.41089479011275
11.515545103000001 62.44541817923481
11.525883311 62.489536249712636
12.003724139 62.48953624971264
14.173250684 63.552955232215474
14.177840105 63.64129846440304
14.178254128 63.73661847110228
14.179217512 63.9985393722589
14.180491017 64.03306276138096
14.204922505 64.03335131270494
16.760998842 65.09677029520778
16.764480645 65.26087772832973
16.764524323 65.49299153327776
16.766971721 65.5423544352512
16.768204193 65.57687782437326
19.27367825 66.6402968068761
19.278177947 66.72864003906365
19.278906235 66.80440423999805
19.279523312 67.08588094691952
19.305758105 67.09386677812996
19.43716241 67.09386677812998
21.740723478 68.15728576063279
21.744055296 68.32139319375476
21.744098885 68.55350699870277
21.746481894 68.60286990067621
21.842558682 68.60286990067623
23.557517742 68.60286990067624
24.12845354 69.66628888317906
24.133399968 69.83039631630103
24.134021830000002 70.11187302322249
26.267876572 70.1118730232225
26.4495527 70.3472116482043
26.449668319 70.35194924242667
26.449692983 70.9133300935674
26.449865199 71.05931588408514
26.450907358 71.08033465384199
26.452789543 71.33939943884728
26.452906888 71.45063068917878
26.453571684 71.5715132437953
26.459303831 71.58596924401789
26.465125377 71.6184157735075
27.454981172 71.61841577350751
28.708170918 71.82343108523885
28.708213551 71.85375439848931
28.708336474 71.85849199271168
28.708364716 72.41987284385243
28.70852852 72.56585863437017
28.709607654 72.58687740412701
28.710289772 72.58687740412702
28.712422344 72.7701779881979
28.713107787 72.8459421891323
28.714422859 72.883695288232
28.71445916 73.09251199430291
28.748073499 73.11741385166648
30.91839585 73.32242916339783
30.918439656 73.35275247664828
30.918728483 74.06485671252914
30.919432169 74.06485671252915
30.919773236 74.08587548228597
30.922533932 74.26917606635686
30.923206452 74.34494026729128
30.924494548 74.38269336639097
30.924535793 74.59151007246189
32.429122596 74.5915100724619
33.103581424 74.82684869744371
33.103878451 75.53895293332455
33.104869556 75.5599717030814
33.108217285 75.8190364880867
33.114710197 75.9302677384182
34.14126094 75.93026773841821
35.160057657 76.16560636340002
35.16036253 76.87771059928086
35.161355874 76.89872936903771
35.164682492 76.9644345914177
35.164957557 76.98196727128803
35.170630618 77.1280425562905
35.183938642 77.26013540637067
35.224705505 77.2601354063707
37.149153594 77.49547403135249
37.149561546 77.67870745799243
37.149940841 78.0615924767156
37.150392561 78.2285970369902
37.151038697 78.22859703699021
37.153711546 78.29430225937018
37.153965233 78.31183493924053
37.159505514 78.457910224243
37.48879141 78.45791022424301
39.111469225 78.6932488492248
39.111614458 78.69798644344718
39.111641724 79.25936729458792
39.112733857 79.4263718548625
39.113342378 79.42637185486251
39.115338608 79.4920770772425
39.116201754 79.50960975711283
39.140892836 79.59815250983654
39.215426821 79.59815250983655
39.329586718 79.59815250983657
41.033753096 79.83349113481836
41.033890859 79.83822872904074
41.033918678 80.39960958018148
41.034998011 80.56661414045605
41.035624156 80.56661414045607
41.037544771 80.63231936283606
41.064543626 80.73081911458283
41.17381948 80.73081911458284
42.084375184 80.73081911458286
42.868503501 80.96615773956466
42.86864946 80.97089533378703
42.868676936 81.53227618492777
42.869757266 81.69928074520234
42.870370833 81.69928074520236
42.872908624 81.76498596758235
43.266689073 81.76498596758236
44.636953178 82.00032459256416
44.637469951 82.06177809849817
44.639369137 82.56644303792726
44.639778077 82.73344759820185
44.655275051 82.77733513005604
44.666229912 82.77733513005606
44.700995005 82.77733513005607
46.335456494 83.01267375503788
46.335956322 83.07412726097189
46.336194005 83.57879220040098
46.337199106 83.74579676067557
46.365504536 83.75559588294212
46.366158511 83.76293333930542
47.248023947 83.76293333930543
47.987613419 83.99827196428723
47.987743237 84.00300955850959
47.988160831 84.05972547022122
47.988357286 84.56439040965031
47.994090704 84.56792532733412
47.998849224 84.61498040523868
48.007623366 84.69483824224513
48.017470436 84.74119409219146
48.303757344 84.74119409219148
49.591956124 84.97653271717327
49.592522661 85.03798622310728
49.592922921 85.18508536082403
49.595593999 85.31744193676613
49.595741015 85.34985279263354
49.595952679 85.36814104415971
49.597883253 85.36984105051415
49.598178968 85.49185399598869
49.598204595 85.51475698465543
49.602657412 85.5386630200868
49.603218563 85.59324115812474
49.617264313 85.59324115812475
49.92859511 85.59324115812477
50.33142223 85.59324115812478
51.153513611 85.82857978310659
51.154009291 85.89003328904059
51.154421219 86.03713242675735
51.15685914 86.10030776365333
51.157420602 86.10030776365335
51.159231283 86.22188811644747
51.159496336 86.34390106192201
51.159520181 86.36680405058874
51.163231501 86.3907100860201
51.181273563 86.39071008602012
52.349523986 86.39071008602014
52.654939793 86.62604871100194
52.655451789 86.68750221693595
52.655850968 86.8346013546527
52.658347641 86.97334338100598
52.658547632 86.99936878646221
52.658730258 87.01765703798836
52.660628389 87.01935704434283
52.660890959 87.14136998981736
52.660914632 87.16427297848409
52.952579422 87.1642729784841
54.126696589 87.39961160346591
54.127198668 87.46106510939993
54.127575727 87.60816424711668
54.129904851 87.67133958401267
54.132197437 87.7929199368068
54.132454393 87.91493288228133
54.13290434 87.93540195984265
54.161701092 87.93540195984266
55.542333708 87.94702445470358
55.542433578 87.99948298565444
55.542633669 88.05892583927215
55.542661562 88.1606312281878
55.542895695 88.23219409075848
55.543296105 88.3554246650579
55.54385451 88.37929322847523
55.546130289 88.44246856537123
55.549286906 88.49386989627523
55.549932768 88.54284926487612
55.55466799 88.56404891816535
55.555755547 88.6750084193755
55.555878811 88.70573850838473
55.606818384 88.70573850838474
56.899559204 88.94107713336655
56.900058526 89.00253063930056
56.900422301 89.14962977701731
56.902705785 89.2128051139133
56.904912208 89.33438546670743
56.905183579 89.45639841218197
56.947603787 89.45639841218198
58.209938693 89.52047943799376
58.210167386 89.57992229161147
58.210193638 89.68162768052713
58.210416969 89.7531905430978
58.210815798 89.87642111739721
58.215702308 90.17921439610578
58.233594826 90.19600487171482
58.565193641 90.19600487171483
59.488526257 90.26008589752661
59.488762793 90.31952875114432
59.488791446 90.42123414005998
59.489062468 90.436081090919
59.489389588 90.61602757693007
59.494013389 90.91882085563863
59.533709979 90.91882085563864
60.718496377 90.9829018814504
60.718759324 91.04234473506813
60.72043371 91.14405012398379
60.720716474 91.15889707484283
60.721040386 91.33884356085386
60.726620379 91.47728879207119
60.727023041 91.4772887920712
60.727210289 91.52626816067209
60.727599811 91.5262681606721
60.735603826 91.63550728210957
60.806172034 91.63550728210959
61.351335382 91.6355072821096
61.905347346 91.6471297769705
61.905426804 91.69958830792136
61.905586615 91.73562350711475
61.905612409 91.75903116153907
61.90563315 91.86073655045473
61.905891063 91.87558350131377
61.906187098 92.05552998732482
61.911662627 92.19397521854215
61.958318179 92.19397521854216
62.483003158 92.19397521854218
63.050209091 92.25805624435392
63.050425016 92.29409144354733
63.05044974 92.31749909797165
63.050470807 92.41920448688731
63.050730268 92.43405143774635
63.051007061 92.61399792375738
63.056501064 92.6139979237574
63.056641634 92.75244315497473
63.39852465 92.75244315497474
64.152281347 92.8165241807865
64.152508301 92.85255937997991
64.152534261 92.87596703440423
64.152555302 92.97767242331986
64.152815893 92.9925193741789
64.1533792 93.04405943501516
64.155995924 93.04918840746473
64.160678442 93.06143325752777
64.161918915 93.06456649047703
64.161972426 93.24415901640737
64.162181226 93.29550393211184
64.183645647 93.29550393211187
65.206366522 93.35958495792363
65.206597545 93.39562015711704
65.206622946 93.41902781154135
65.206643449 93.52073320045702
65.206900876 93.53558015131605
65.207446054 93.58712021215229
65.210013016 93.59224918460188
65.217295582 93.63009624190909
65.217375758 93.76545919142805
65.279434219 93.76545919142806
66.217708227 93.77708168628897
66.21779264 93.82954021723984
66.217950072 93.86557541643322
66.217975249 93.88898307085753
66.217995834 93.9906884597732
66.218266094 94.00553541063223
66.218797873 94.0570754714685
66.228380697 94.1000515012253
66.229300862 94.10631484909851
66.233353557 94.18457368343815
66.253739806 94.18457368343817
67.228661934 94.19619617829909
67.228752452 94.24865470924993
67.228903472 94.28468990844334
67.228930331 94.30809756286766
67.228951479 94.40980295178329
67.229213611 94.42464990264233
67.229751339 94.47618996347859
67.239108292 94.51916599323539
67.240030841 94.52542934110863
67.411391048 94.52542934110865
68.174921344 94.58951036692041
68.175140352 94.62554556611379
68.175164728 94.6489532205381
68.175185206 94.75065860945377
68.175410016 94.7655055603128
68.184915671 94.86002165090586
68.624338933 94.86002165090588
69.077411954 94.92410267671765
69.077609969 94.96013787591103
69.077634837 94.98354553033535
69.077656742 95.08525091925101
69.07789488 95.10009787011005
69.094800158 95.10009787011006
69.856777241 95.10009787011008
69.947149745 95.16417889592182
69.947355141 95.20021409511523
69.947379334 95.22362174953955
69.947399588 95.32532713845521
69.947911237 95.33083621309552
69.953867834 95.33562858489314
69.955633352 95.35561088629133
70.087975563 95.35561088629136
70.685460756 95.35561088629137
70.776506628 95.41969191210312
70.776717782 95.45572711129653
70.776741568 95.47913476572084
70.776762074 95.58084015463648
70.783119333 95.59114160107444
71.278795012 95.59114160107445
71.571678316 95.6552226268862
71.571892565 95.6912578260796
71.571915341 95.71466548050392
71.57193623 95.81637086941956
71.578108966 95.81789085330227
71.578150909 95.97679844018619
71.743310849 95.9767984401862
71.83607168 95.97679844018622
72.212744795 95.97679844018623
72.329160031 96.04087946599796
72.329313446 96.07691466519137
72.329338559 96.10032231961569
72.329360923 96.20202770853135
72.388493831 96.20202770853136
72.687123866 96.20202770853138
73.055045851 96.32403206826994
73.055474014 96.3985746188019
73.055625892 96.42024804723549
73.070509304 96.4202480472355
73.390124434 96.42024804723552
73.480913013 96.42024804723553
73.750790625 96.54225240697411
73.752065341 96.56545110862109
73.753739604 96.61679495750606
73.755801701 96.62169997488985
73.764282725 96.63846838593965
73.899280085 96.63846838593966
74.402748276 96.63846838593967
74.41583079 96.76047274567823
74.416889642 96.78367144732523
74.420303251 96.83231074335113
74.420481012 96.83992031359399
74.729425212 96.839920313594
75.047911492 96.96192467333258
75.048944066 96.98512337497955
75.052284549 97.03376267100548
75.343965111 97.0337626710055
75.655017435 97.17896573239106
75.665109616 97.21329015052184
75.980476653 97.21329015052186
76.237007418 97.21329015052187
76.239331992 97.33529451026045
76.240332816 97.35849321190743
76.537463316 97.35849321190744
76.780535966 97.35849321190746
76.791280067 97.48049757164601
76.813038358 97.48049757164604
77.315514678 97.59653029197439
77.339908139 97.5965302919744
77.754825532 97.59653029197442
77.811169774 97.6876527417415
77.863541786 97.68765274174152
78.279022719 97.68765274174153
78.289720759 97.76030713023604
78.289942377 97.76030713023606
78.292192405 97.77608813187078
78.731886971 97.7760881318708
78.740047597 97.83145154699037
78.740760742 97.83616141734012
78.743468441 97.8487425203653
78.745783981 97.85349431915779
79.165677585 97.8534943191578
79.169571237 97.92614870765232
79.169745436 97.92614870765233
79.578387257 97.99499409109453
79.708467183 97.99499409109454
79.961708353 98.01587782628073
79.962200742 98.05506737656388
80.094253105 98.0550673765639
80.308750595 98.0759511117501
80.30941881 98.11514066203324
80.474645239 98.11514066203326
80.636486956 98.13602439721944
80.637909194 98.15407348844587
80.638797226 98.16445183163982
80.641732483 98.16618558133929
80.646926144 98.1661855813393
80.68397437 98.16618558133932
80.94160215 98.18706931652548
80.943701956 98.20511840775194
80.943896468 98.21549675094592
81.0482719 98.21549675094595
81.232068512 98.2363804861321
81.234068976 98.25442957735854
81.288720212 98.25442957735855
81.316210084 98.25442957735856
81.50462803 98.27531331254475
81.505744504 98.28451479946332
81.508999185 98.2860769073013
81.586382799 98.28607690730132
81.763368036 98.30696064248751
81.76499058 98.31616212940608
81.76697227 98.38088418389663
81.912409803 98.38088418389665
82.001820734 98.41096940600141
82.004072987 98.43242148956503
82.008840212 98.43242148956506
82.201719123 98.43242148956509
82.227849222 98.45330522475125
82.229144246 98.46296881856418
82.343470677 98.4629688185642
82.438476488 98.48385255375037
82.554651648 98.4838525537504
82.634367925 98.49065073105903
82.634392895 98.50431199886383
82.765867632 98.50431199886384
82.790658149 98.50431199886386
82.817406813 98.51111017617245
82.820880376 98.51111017617248
83.141563754 98.65446948191908
83.208313892 98.6544694819191
83.421239793 98.67737380396018
83.421291335 98.69322147049222
83.446404919 98.69322147049223
83.504921728 98.69322147049225
83.858180615 98.80470165119326
83.858591745 98.93416128074202
83.863989067 98.93416128074203
83.89811049 98.93416128074205
84.156243194 99.0210051362016
