0.000360856 52.57130632870357
0.000460485 53.25764564937486
0.000520243 53.2989011678187
0.000673633 53.36009722258132
0.000846948 53.37094489149552
0.001026798 53.60552402528796
0.001283269 53.68176542881966
0.002166964 53.78732155113669
0.002929369 53.80954511031408
0.003026188 54.00475626419877
0.025487333 54.05666692493497
0.026021325 54.08418676479907
0.079019326 54.76561469547417
0.079069836 54.80687021391801
0.079182563 54.86806626868063
0.079313613 54.87891393759483
0.079456923 55.113493071387275
0.079662818 55.18973447491897
0.080352012 55.295290597236004
0.080977599 55.317514156413395
0.08105718 55.51272531029808
0.09868097 55.564635971034285
0.099098554 55.59215581089838
0.220413683 55.594050197018426
0.280931239 55.59405019701843
0.341311421 55.61437937007577
0.702587196 55.62155373118719
0.763483096 55.6257133259259
0.823281149 55.63009066230332
0.883210024 55.630090662303324
0.942976211 55.6458780965638
1.061794211 55.64863458921072
1.182584092 55.65318490982463
1.303590844 55.67159887364379
1.362369852 55.671598873643795
1.5414849670000002 55.683508236806745
1.5419265119999999 55.71102807667084
1.601391045 55.71102807667085
1.6605522719999999 55.7271749339249
1.719600835 55.736092359536705
1.964798804 55.762299172433586
2.024920034 55.78728375022705
2.207925231 55.787283750227054
2.267266748 55.80959052396045
2.32807233 55.80959052396046
2.387378731 55.821277868388236
2.508531664 55.82127786838824
2.628265806 55.82439995849203
2.628682918 55.85191979835613
2.69091662 55.86057941487263
2.930842706 55.87934390022005
3.093831548 56.113231692054434
3.093877486 56.799571012725714
3.093926341 56.84082653116956
3.095904775 56.90202258593218
3.096160885 57.147449388638826
3.096368521 57.223690792170515
3.097021813 57.329246914487555
3.097596565 57.351470473664946
3.09767356 57.54668162754963
3.1302258370000002 57.597670518461804
3.143136676 57.61643500380922
3.345146798 57.62831244842969
4.264998878 57.64707693377711
4.496686094 57.65573655029361
5.971644073 57.92017053409571
5.971710747 58.60650985476699
5.971764798 58.64776537321084
5.97190063 58.708961427973456
5.972052329 58.71980909688766
5.972231052 58.78594214750566
5.9724211369999995 59.03062963421179
5.973113114 59.13618575652883
5.97371793 59.15840931570622
5.97387206 59.27120487955535
5.979852308 59.331313695857496
5.998388274 59.365307814018685
6.012366395 59.39594974398658
6.108808739 59.42346958385067
8.768542437 59.71542340751686
8.768597305 60.40176272818814
8.768646805 60.443018246631986
8.770939459000001 60.504214301394605
8.77108224 60.51506197030881
8.771222704 60.74964110410125
8.771445531 60.81180578586546
8.772044091 60.93143862994998
8.772640725 60.95366218912737
8.772809678 61.0664577529765
8.777706281 61.12656656927865
8.793282604 61.16056068743984
11.502182656 61.452514511106024
11.502244187 62.138853831777304
11.502296366 62.18010935022115
11.502431066 62.24130540498377
11.502584726 62.25215307389797
11.50276719 62.31828612451597
11.502992563 62.548896889454625
11.503634489 62.668529733539145
11.50426771 62.690753292716536
11.504432047 62.80354885656566
11.52587218 62.81246628217747
11.54375738 62.838673095074356
14.178484202 63.130626918740546
14.178539598 63.816966239411826
14.178588998 63.858221757855674
14.180580283 63.919417812618285
14.18072065 63.93026548153249
14.180862429 64.16484461532492
14.181071132 64.22700929708914
14.18167039 64.34664214117366
14.182257678 64.36886570035105
14.182407151 64.48166126420017
14.203076952 64.49057868981198
16.782558478 64.78253251347817
16.782614009 65.46887183414945
16.782663065 65.5101273525933
16.782792245 65.5713234073559
16.782934949 65.58217107627011
16.783086123 65.81675021006255
16.783306099 65.87891489182677
16.783911466 65.99854773591129
16.784518675 66.02077129508868
16.784679451 66.1335668589378
16.8049432 66.14248428454961
19.308058905 66.4344381082158
19.308124462 67.12077742888708
19.308175252 67.16203294733093
19.310133582 67.22322900209353
19.310403502 67.46865580480019
19.310622519 67.5308204865644
19.311208759 67.65045333064892
19.311791079 67.6726768898263
19.311942165 67.78547245367544
21.763597565 68.7637655980129
21.763664405 68.80502111645674
21.76379039 68.86621717121936
21.764039971 69.11164397392601
21.764252611 69.17380865569022
21.769557582 69.35447059870098
21.897877804 69.354470598701
24.162846279 70.33276374303847
24.16291949 70.37401926148232
24.163056513 70.43521531624494
24.163207642 70.44606298515913
24.163356084 70.68064211895158
24.18600602 70.68836208569763
24.190645788 70.70162230988221
24.192011172 70.72407312148088
24.192616954000002 70.81279062841907
26.474935541 71.79108377275654
26.475004009 71.83233929120038
26.475127341 71.89353534596299
26.475263153 71.9043830148772
26.481277369 71.90963811655074
26.481496624 71.93581977304765
26.48160081 72.01879638330173
26.481805275 72.0536151738767
26.497605385 72.13690659350544
26.497911293 72.1466821154157
26.504475149 72.18239315119897
28.727089872 73.16068629553642
28.727155501 73.20194181398027
28.727277791 73.26313786874289
28.727414942 73.2739855376571
28.732847646 73.4973486891867
28.749268899 73.50650911628533
28.749580857 73.5162846381956
28.75921827 73.52575538727683
29.029116822 73.52575538727685
30.916093249 74.5040485316143
30.916164086 74.54530405005815
30.916288619 74.60650010482077
30.916427903 74.61734777373496
30.921782656 74.84071092526456
30.937825673 74.84987135236321
31.198362207 74.84987135236322
33.026354239 75.82816449670068
33.026423208 75.86942001514453
33.026548634 75.93061606990715
33.030376456 75.93908319860812
33.03194097 76.16482689035095
33.571112505 76.16482689035097
35.111534458 77.14312003468842
35.111602142 77.18437555313227
35.111723379 77.24557160789487
35.114886973 77.25403873659585
35.117642121 77.26167437848262
35.117844037 77.28785603497954
35.118015473 77.30879321879688
35.118152149 77.37783965506047
35.137355389 77.44745396012226
35.218201398 77.44745396012227
36.309559004 77.44745396012229
37.198652812 78.42574710445975
37.198714916 78.46700262290359
37.198836165 78.5281986776662
37.204429353 78.54430144825395
37.204643588 78.57048310475086
37.204824337 78.59142028856822
37.204956745 78.6604667248318
38.318524656 78.66046672483182
39.164378109 79.63875986916928
39.164440677 79.68001538761312
39.164561001 79.74121144237573
39.170051684 79.75731421296348
39.170263014 79.7834958694604
39.170420639 79.80443305327775
41.053034319 80.78272619761522
41.053203194 80.88517777082168
41.066101201 80.89460328730526
42.958562246 81.87289643164273
42.959256941 81.87289643164274
44.757083409 82.58155319269808
44.757376915 82.76695657955374
44.757690516 82.85118957598021
45.583936152 82.85118957598023
46.470707077 82.95872953874456
46.470789939 82.98991501364661
46.470861308 83.00014955707903
46.471089587 83.08152316970053
46.471757275 83.11801951647814
46.472015904 83.16357840754473
46.472922999 83.17891418284479
46.47458397 83.41929415478494
46.474620549 83.54304179255294
46.477049287 83.57075864854176
46.477561448 83.57075864854177
46.488471793 83.64722842369409
46.489004178 83.6472284236941
46.490736881 83.81057168580509
46.491249829 83.8105716858051
46.491273591 83.82475586228438
46.627318361 83.82475586228439
48.116280257 83.93229582504874
48.11637561 83.96348129995077
48.116447995 83.97371584338319
48.116685046 84.05508945600471
48.117355132 84.0915858027823
48.117609376 84.13714469384891
48.118498196 84.15248046914895
48.12014173 84.3928604410891
48.120177758 84.5166080788571
48.122572838 84.54432493484593
48.12308188 84.54432493484595
48.133920356 84.62079470999826
48.13442632 84.62079470999828
48.136121065 84.78413797210926
48.13661774 84.78413797210928
49.341922582 84.78413797210929
49.712489941 84.89167793487366
49.712571239 84.92286340977569
49.712640791 84.9330979532081
49.712878274 85.01447156582962
49.71351077 85.05096791260722
49.714020217 85.05404401098482
49.71485244 85.10939329858022
49.716216808 85.35224255091401
49.716733733 85.35224255091403
49.71865536 85.50370704467085
49.729616522 85.58017681982318
49.734243924 85.70415003134579
49.765571113 85.7041500313458
51.261716893 85.81168999411017
51.261805769 85.8428754690122
51.26187514 85.8531100124446
51.262103595 85.93448362506612
51.262722466 85.97097997184372
51.263235223 85.97405607022134
51.264080854 86.02940535781673
51.265432825 86.27225461015053
51.268394053 86.34838027460566
51.278595437 86.42262163126478
51.279091594 86.42262163126479
52.176200843 86.4226216312648
52.77433421 86.53016159402914
52.774413429 86.5613470689312
52.774483311 86.5715816123636
52.774705895 86.65295522498512
52.775312966 86.68945157176272
52.77583722 86.69252767014032
52.776678453 86.74787695773571
52.777953686000004 86.99072621006952
52.781363326 87.06685187452463
52.794488262 87.07780343458161
52.794546526 87.08355789801784
52.794579586 87.1393022225476
52.804119625 87.14109323118377
53.226130824 87.14109323118379
54.236061426 87.24863319394812
54.236150583 87.27981866885015
54.236221314 87.29005321228259
54.23645461 87.37142682490408
54.237049967 87.4079231716817
54.23755701 87.41099927005929
54.238361167 87.46634855765468
54.239601567 87.70919780998848
54.250166067 87.73725570386108
54.255507665 87.74181302060425
54.255950137 87.79627503450057
54.25598332 87.8020294979368
54.256015979 87.85777382246657
54.369059799 87.85777382246658
55.076691862 87.8577738224666
55.654638961 87.96531378523095
55.654722031 87.99649926013299
55.654795326 88.00673380356541
55.655016935 88.08810741618692
55.655607012 88.12460376296453
55.656545617 88.12559865914021
55.65814151 88.42587840127132
55.673418711 88.45849361188709
55.67386153 88.5129556257834
55.67390641 88.51871008921964
56.582101592 88.51871008921965
57.023595581 88.626250051984
57.023681658 88.65743552688603
57.023752555 88.66767007031847
57.024556788 88.78554002971758
57.025481968 88.78653492589326
57.027034266 89.08681466802436
57.027527534 89.08681466802437
57.042310404 89.11942987864015
57.044511211 89.17072135851252
57.306459474 89.17072135851254
57.994001681 89.17072135851255
58.348543759 89.27826132127689
58.348621612 89.30944679617893
58.348693507 89.31968133961135
58.349445402 89.43755129901047
58.350349632 89.43854619518615
58.351850259 89.73882593731726
58.366505419 89.77144114793303
58.417765014 89.77144114793305
59.541148341 89.77144114793306
59.626605876 89.8789811106974
59.626685553 89.91016658559944
59.626756131 89.92040112903186
59.627327587 89.92040112903187
59.627532897 90.03827108843097
59.628077537 90.03827108843099
59.628463491 90.03926598460666
59.62897753 90.03926598460667
59.629976001 90.33954572673778
59.94818799 90.3395457267378
60.85337225 90.44708568950213
60.853452942 90.47827116440418
60.853520665 90.4885057078366
60.854062213 90.48850570783661
60.854241078 90.60637566723571
60.855129563 90.6073705634114
60.856574234 90.9076503055425
60.892694711 90.90765030554252
61.829612269 90.90765030554253
62.038000607 91.01519026830687
62.038079041 91.04637574320891
62.03995071 91.05661028664133
62.040615643 91.17448024604045
62.041443978 91.17547514221613
62.043660622 91.27027197679863
62.045111731 91.45808044067658
62.090824671 91.4580804406766
62.293987492 91.45808044067661
63.174925387 91.56562040344095
63.175008687 91.59680587834299
63.175076947 91.60704042177541
63.175605302 91.60704042177542
63.175780131 91.72491038117452
63.176656299 91.72590527735022
63.178829262 91.8207021119327
63.181977669 91.83339587681012
63.183643835 91.8526428408508
63.186937776 91.99077056697976
63.64552697 91.99077056697978
64.269094052 92.09831052974414
64.269172061 92.12949600464617
64.269236488 92.1397305480786
64.269896477 92.25760050747772
64.271166061 92.2585954036534
64.272897429 92.3533922382359
64.275932338 92.36608600311331
64.277598161 92.385332967154
64.288037069 92.46525037473246
64.597501825 92.46525037473248
65.324791157 92.57279033749681
65.324872506 92.60397581239884
65.324939552 92.61421035583126
65.325458688 92.61421035583128
65.326096347 92.67202997328586
65.326132574 92.73208031523038
65.328598839 92.82787204598856
65.331568086 92.84056581086598
65.333190759 92.85981277490669
66.345783392 92.96735273767102
66.345869566 92.99853821257307
66.346559429 93.1266427154046
66.349430266 93.22243444616278
66.352336016 93.2351282110402
66.804266428 93.23512821104022
67.33607614 93.34266817380455
67.336159623 93.3738536487066
67.337308549 93.44190780959362
67.337345583 93.50195815153815
67.33972618 93.59774988229633
68.186099931 93.59774988229634
68.283362045 93.70528984506068
68.283436471 93.73647531996271
68.284077443 93.86457982279424
68.286660496 93.88843770683391
68.286828984 93.91016044295561
68.287863089 93.91553919233316
68.29358625 93.93677404806529
68.295044604 93.93785629742425
68.313245823 93.93785629742428
69.202774718 94.04539626018861
69.202857138 94.07658173509066
69.203496724 94.20468623792219
69.206025022 94.25026685808356
69.206983756 94.25564560746109
69.212460509 94.27688046319324
69.217543779 94.27688046319325
69.615284599 94.27688046319327
69.837305348 94.27688046319328
70.063967001 94.38442042595761
70.064041674 94.41560590085965
70.064668901 94.54371040369118
70.067183059 94.58929102385254
70.068090433 94.5946697732301
70.481658114 94.59466977323011
70.867652382 94.59466977323012
70.897804176 94.70220973599446
70.897871855 94.7333952108965
70.898878947 94.8014493717835
70.900774411 94.80448073504289
70.90090837 94.90708033388941
71.692550604 95.01462029665375
71.69264304 95.04580577155579
71.693667904 95.1138599324428
71.697678843 95.19576844845015
71.702073567 95.19576844845017
71.885004395 95.19576844845018
72.449018977 95.30330841121453
72.449096203 95.33449388611656
72.450065948 95.40254804700358
72.453867255 95.46660487487244
72.593585737 95.46660487487246
73.178531153 95.5741448376368
73.178605245 95.60533031253884
73.179548136 95.67338447342586
73.190494605 95.71499187871161
73.215628815 95.71499187871163
73.873769617 95.82253184147596
73.873844728 95.85371731637801
73.874754479 95.92177147726503
74.154252317 95.92177147726504
74.540487793 96.02931144002937
74.540565732 96.06049691493142
74.543910671 96.0792564361611
74.544857779 96.10153365964568
74.561831417 96.1015336596457
75.173472684 96.20907362241006
75.173545454 96.2402590973121
75.17649097 96.25901861854177
75.422410084 96.25901861854179
75.790227339 96.36655858130612
75.790303605 96.39774405620817
75.793265437 96.536269961266
76.026762402 96.53626996126602
76.371331282 96.64380992403036
76.371407054 96.6749953989324
76.375133699 96.67730322782333
76.379573377 96.67804213635993
76.402115679 96.67804213635995
76.929295431 96.78558209912428
76.929685757 96.81676757402633
76.939174149 96.81907540291725
76.943696023 96.81907540291726
77.180273928 96.81907540291728
77.462028214 96.9266153656816
77.463028968 96.94778969135032
77.466795784 96.95730024609733
77.48980383 96.95730024609735
77.60641779 96.95730024609736
77.95813627 97.06484020886171
77.958785007 97.0860145345304
77.967134004 97.08721362816645
78.32746572 97.08721362816647
78.433166579 97.1947535909308
78.43400235 97.21592791659954
78.435513929 97.27985170303936
78.435805825 97.27985170303937
78.627150073 97.27985170303938
78.885911021 97.38739166580372
78.886734273 97.40856599147244
79.240306539 97.40856599147246
79.316811658 97.51610595423679
79.31735036 97.58013481153058
79.391592246 97.5801348115306
79.716029687 97.58013481153061
79.724357537 97.68767477429495
79.731024374 97.69078321687914
79.79990865 97.69078321687915
80.107582266 97.69078321687917
80.109721556 97.7983231796435
80.233957265 97.79832317964352
80.447720771 97.79832317964353
80.456482867 97.87031117908015
80.560774277 97.87031117908016
80.783948046 97.87746969451575
80.784095828 97.9245041823401
80.786150832 97.92466244255807
80.787499976 97.93029043157794
80.787905389 97.93403045111057
81.025533991 97.93403045111059
81.089060881 97.94118896654619
81.089183276 97.98822345437053
81.0912893 97.9883817145885
81.092240584 98.09473024781053
81.321055269 98.09473024781055
81.381712417 98.10188876324614
81.381835544 98.14892325107047
81.38383078 98.14908151128847
81.385618165 98.15470950030833
81.494297269 98.15470950030834
81.657333137 98.17031710197622
81.657725683 98.19132496438729
81.657850725 98.20890250356828
81.738693058 98.2089025035683
81.9164577 98.22451010523618
81.916787158 98.24551796764725
81.979165941 98.24551796764726
82.155763053 98.26112556931514
82.264074188 98.26112556931515
82.591415187 98.26428310609649
82.659149663 98.2642831060965
82.787819917 98.37953600826266
83.302969729 98.39224350752475
83.305028807 98.48182524245978
83.350159171 98.48182524245979
