0.000350556 49.43983004590063
0.000502355 49.95867089081582
0.000809845 50.08167676298989
0.003644328 50.17685244416678
0.003693564 50.225636826595526
0.004736758 50.22563682659554
0.011821472 50.234154188851626
0.025013371 50.34548069102117
0.036233233 50.40186806101321
0.036412495 50.41532801926855
0.03933077 50.50180681698633
0.078841133 51.040802223651106
0.078924928 51.559643068566295
0.079157902 51.68264894074037
0.081430218 51.777824621917254
0.08147482 51.826609004346004
0.08780877 51.835126366602104
0.098547795 51.94645286877165
0.107215678 52.00284023876369
0.107366654 52.016300197019014
0.109728026 52.10277899473681
0.171126976 52.11878809104161
0.293613657 52.121268735233485
0.535150653 52.13527747601343
0.594339912 52.13527747601344
0.771446634 52.136943400128544
0.893439283 52.13974944241335
1.2461132990000001 52.150256828976154
1.484048952 52.15466086186723
1.5440470149999999 52.15466086186724
1.722314666 52.15877419123224
1.8427760640000002 52.16057702822427
1.903682258 52.166098388751664
1.9643188 52.16609838875168
2.026334692 52.18185911137685
2.087187116 52.19401285540677
2.206512382 52.2200318049172
2.266115693 52.224512183715945
2.32624043 52.270100693401794
2.5667547429999997 52.27595386156017
2.627477272 52.303973919497366
2.688525717 52.32134351065993
2.808101433 52.326488063393825
2.931210334 52.33994802164915
3.079670135 53.05665608670168
3.079767585 53.57549693161687
3.080025938 53.698502803790944
3.082336437 53.79367848496783
3.082379855 53.84246286739658
3.088567766 53.85098022965266
3.098806895 53.962306731822224
3.107279521 54.01869410181426
3.107425793 54.0321540600696
3.223059263 54.042176368187064
3.225271588 54.128655165904846
3.457112389 54.142115124160185
3.805194649 54.14602475706741
4.149953065 54.15948471532275
4.381983276 54.16462926805664
5.97183118 54.991298397199756
5.971950915 55.510139242114946
5.974511665 55.51013924211496
5.974786896 55.633145114289036
5.976164057 55.728320795465905
5.976203795 55.77710517789467
5.992897946 55.896949042320315
6.017300961 55.96679637056768
8.793888713 56.773052231870565
8.794007582999999 57.291893076785755
8.794896903 57.29189307678577
8.796567706 57.510074630136714
8.796613684 57.55885901256548
8.802552596 57.56737637482156
8.832763146 57.569179211813605
9.456064553 57.5872263246203
9.4751641 57.63098235105093
9.49147074 57.65700130056136
11.5419249 58.48820981310055
11.542032047 59.00705065801574
11.544713237 59.2252322113667
11.544755046 59.27401659379545
11.644162768 59.274016593795466
12.298957978 59.27943236304074
12.299721219 59.279432363040755
12.333763615 59.28975256228887
12.655482711 59.28975256228888
13.589254226 59.305451312551185
13.623340804 59.31577151179931
14.239471153 60.168094543846095
14.239723855 60.30428269230056
14.239995852 60.35245364810119
14.240361641 60.686935388761285
14.244237919 60.72333956706976
14.24432766 60.90044020214688
14.245973055 60.905116942112244
14.246051743 60.938921971578296
14.265434382 60.9433939379782
14.275419103 60.96422152378912
14.328290297 60.964221523789135
16.843184096999998 61.826864755084046
16.843453578 61.96305290353851
16.845618945 62.345705599999235
16.847162219 62.56388715335018
16.847927808 62.612671535778944
19.398293374 63.47531476707387
19.398562133 63.611502915528334
19.399745098 63.80359209560558
19.399825505 63.82228069235896
19.402895229 63.82561941224564
19.402975156 64.03055979029752
19.403063569 64.20766042537466
19.423933043 64.25061416120597
21.870289974 65.11325739250088
21.870558851 65.24944554095535
21.873308051 65.4415347210326
21.873388589 65.46022331778597
21.876289059 65.46356203767266
21.876367087 65.66850241572453
21.87645136 65.84560305080167
24.270328296 66.70824628209658
24.270729631000002 66.83041077828885
24.271323308 66.84443443055105
24.271806942 67.05521220738167
24.276072695 67.14640143702482
24.276361448 67.27798221985827
24.283707196 67.35866789689017
24.313312641 67.44059194039734
24.808130601 67.44059194039735
26.625923903 68.30323517169226
26.626368032 68.42539966788453
26.627096049 68.42539966788455
26.627456873 68.65020109697737
26.631369713 68.74139032662052
26.631676294000002 68.87297110945397
26.638967296 68.95365678648587
28.932970757 69.81630001778078
28.933418802 69.93846451397305
28.934471205 70.16326594306587
28.938357314 70.25445517270902
28.938659162 70.38603595554247
28.945676104 70.46672163257436
30.488165553 70.46672163257438
31.139451375 71.32936486386927
31.139866951 71.45152936006154
31.140887559 71.67633078915438
31.14489371 71.89910080163098
31.155651966 71.96114591113331
31.620858083999998 71.96114591113333
33.275182742 72.82378914242823
33.275593595 72.9459536386205
33.276588274 73.17075506771333
33.280563583 73.39352508018993
33.281187607 73.39352508018995
34.065529817 73.39352508018996
35.3468531 74.25616831148486
35.347280453 74.37833280767713
35.348271279 74.60313423676996
35.352084723 74.82590424924656
37.319793373 75.68854748054147
37.32016309 75.81071197673374
37.321101305 76.03551340582658
37.33637004 76.05183936256547
37.338087712 76.10284436849325
37.33820705 76.1122230953505
37.343108326 76.18937466395104
39.246002275 77.05201789524595
39.246434692 77.09097136720737
39.247025372 77.17418239143822
39.247329841 77.39898382053106
39.263128762 77.41530977726995
39.264823666 77.46631478319773
39.264938044 77.47569351005498
39.275430633 77.5314805712451
41.106675005 78.39412380254001
41.107133467 78.43307727450141
41.108016874 78.7410897278251
41.123625908 78.757415684564
41.12531389 78.80842069049176
41.125420298 78.81779941734902
41.139326707 78.81779941734904
41.249863553 78.81779941734905
42.220494148 78.81779941734906
42.933539718 79.68044264864396
42.933970346 79.71939612060538
42.934824469 80.02740857392905
42.950043277 80.04373453066798
42.951652751 80.09473953659574
44.686310367 80.95738276789065
44.68674884 80.99633623985206
44.694309355 80.99646650116439
44.694740798 81.1995775732687
44.696646093 81.26988205364295
44.703744576 81.32067464991464
44.805580856 81.32067464991465
46.411039575 82.18331788120955
46.411456294 82.22227135317095
46.419315876 82.4255126865876
46.421555073 82.42669970419664
46.421685608 82.49581716696184
46.455001032 82.49581716696186
46.687962336 82.49581716696187
48.076572946 83.35846039825677
48.0769979 83.39741387021817
48.083423158 83.60065520363482
48.085630504 83.60184222124384
48.127705395 83.60184222124386
48.151510537 83.60184222124387
49.678987197 84.46448545253877
49.679392164 84.50343892450017
49.689986293 84.64409591176633
50.506299546 84.64409591176634
51.222740947 85.50673914306125
51.223150018 85.54569261502266
51.241782664 85.5574648105065
51.272472541 85.55746481050652
51.421706614 85.55746481050653
52.718891096 86.42010804180143
52.719306847 86.45906151376283
52.74066988 86.45906151376285
53.239090044 86.45906151376286
54.17646775 86.47050107917715
54.176507769 86.98302670050312
54.176595323 87.16168635811694
54.176935172 87.32170474505777
55.033789063 87.32170474505779
55.599052036 87.61169508498809
55.600055366 87.70437260505662
55.601025421 87.78486120073377
55.603023482 87.86652594579492
55.60318106 87.9167657598269
55.605696981 87.95166227817477
55.605894795 87.97639726977029
55.607143049 88.11603051803334
55.625049488 88.11603051803336
55.689531269 88.11603051803337
56.950425839 88.11603051803338
56.953949474 88.40602085796368
56.954688551 88.49869837803223
56.955617417 88.57918697370937
56.957531837 88.66085171877053
56.957679512 88.7110915328025
56.9594082 88.74598805115036
56.959619377 88.7707230427459
56.969295485 88.81865536238747
57.023238697 88.81865536238749
58.274795232 89.10864570231779
58.275761426 89.15849120541039
58.276623693 89.20132322238634
58.277526177 89.28181181806347
58.278919608 89.36347656312464
58.279553065 89.4137163771566
58.281538212 89.47334788710002
59.443689155 89.47334788710003
59.540713536 89.76333822703033
59.541488952 89.85601574709887
59.542439419 89.93650434277602
59.544456668 90.06840890186915
59.546860772 90.10330542021701
59.866396969 90.10330542021703
60.773056382 90.1295592261892
60.773423712 90.3316523718158
60.773780286 90.48597328021586
60.774334479 90.48597328021589
60.774655876 90.56646187589303
60.775132714 90.56646187589304
60.782529966 90.62261113043843
60.783852999 90.6278461387138
60.784299901 90.62784613871383
61.954027985 90.80663691310174
61.954364112 90.8561930903126
61.955502568 91.01051399871268
61.956337185 91.09100259438982
61.963346589 91.14715184893522
61.975177597 91.14715184893524
61.977482012 91.15238685721063
62.195341158 91.15238685721064
63.093741946 91.33117763159855
63.094099589 91.38073380880941
63.09707137 91.53505471720948
63.0976086 91.53505471720949
63.097876152 91.61554331288663
63.104597164 91.67169256743203
63.248076629 91.67169256743205
63.742506625 91.67169256743206
64.197806383 91.85048334181997
64.198106249 91.90003951903081
64.198435409 92.05436042743091
64.199247274 92.13484902310803
64.206407009 92.13484902310806
64.215462698 92.18317361255647
64.3001023 92.18317361255649
65.260908774 92.20942741852866
65.26144277 92.3619643869444
65.261576046 92.56584147255532
65.262383948 92.64633006823246
65.269539007 92.64633006823249
65.650712391 92.6463300682325
66.283614658 92.75720072265133
66.283768306 92.82512084262042
66.284364761 92.82867682752031
66.284734483 92.95112711471046
66.284821171 93.02899792823136
66.28705647 93.05718302585394
66.289248746 93.05718302585396
66.298956318 93.10722910908001
66.301389003 93.10722910908002
66.732720626 93.10722910908004
67.283488992 93.13348291505223
67.283556924 93.28601988346796
67.284113779 93.4898969690789
67.286623511 93.5180820667015
67.298608923 93.51958101946872
67.702166822 93.51958101946873
68.252222019 93.69837179385667
68.252740166 93.90224887946759
68.256574071 93.9304339770902
69.156101321 94.10922475147812
69.156701658 94.31310183708906
69.15905525 94.34128693471165
69.190743024 94.34128693471168
70.025164361 94.5200777090996
70.025697125 94.72395479471054
70.861010517 94.90274556909846
70.861996379 95.0287518411885
70.864217979 95.05650325259937
70.864543979 95.09244625235455
71.488131081 95.09244625235456
71.659689519 95.27123702674247
71.660266454 95.27479301164239
71.660591326 95.39724329883252
71.662571501 95.42499471024338
71.671578201 95.46078750722553
72.418594771 95.63957828161345
72.418813415 95.66761332879194
72.423463696 95.69006686573087
72.430234385 95.70193325720398
72.43126483 95.7242264453636
72.708997733 95.72422644536361
73.149250379 95.90301721975153
73.149512474 95.93105226693004
73.153695189 95.95350580386895
73.160123169 95.96537219534206
73.30172643 95.96537219534207
73.692558148 95.96537219534208
73.850624685 96.14416296972998
73.851470196 96.1477189546299
73.854899178 96.19465155384741
74.436761353 96.19465155384742
74.527185872 96.37344232823534
74.530268435 96.37699831313523
74.537509973 96.40176851888309
74.537806211 96.40199913912878
74.691843753 96.40199913912879
75.176644323 96.58078991351671
75.177451937 96.5843458984166
75.436126465 96.58434589841661
75.79210865 96.76313667280454
75.967292851 96.76313667280455
76.376009923 96.79410296955977
76.376314924 96.84795225501934
76.376790791 96.86541893721393
76.378235623 96.87868962822563
76.378351266 96.88607757092701
76.378854822 96.92397033586569
76.926320072 97.00138094037042
76.926791148 97.02625260027509
76.92848199 97.06309894441372
77.11991869 97.06309894441374
77.457350624 97.16031156591409
77.458022642 97.16538120882312
77.458198528 97.24033539615105
77.565424507 97.24033539615107
77.914526351 97.24033539615108
77.954218676 97.3177460006558
77.954647621 97.34261766056048
77.956008039 97.35588835157215
77.956426034 97.36327629427356
78.393380582 97.36327629427358
78.430822042 97.44235815657382
78.431266938 97.46555855868294
78.431541542 97.46555855868296
78.432615854 97.47882924969467
78.885247634 97.5579111119949
78.885682411 97.58111151410405
79.068817512 97.58111151410407
79.211341389 97.58111151410408
79.313262122 97.6601933764043
79.319649495 97.67832413560444
79.332635447 97.67832413560446
79.719512317 97.75740599790468
79.819376506 97.7574059979047
80.02367207 97.75740599790471
80.100157491 97.8015775251912
80.100426183 97.82868134869166
80.10233507 97.83481660240943
80.156440968 97.83481660240945
80.44798635 97.9060919531964
80.452086426 97.9116687747822
80.727826855 97.91166877478221
80.774892602 97.97973995181212
80.775643639 97.98294412556918
80.777532224 97.99285708674057
80.780983259 98.02705203432626
80.786057168 98.02705203432627
80.934485651 98.02705203432629
81.084548291 98.09832738511324
81.125434889 98.09832738511325
81.361169776 98.09832738511327
81.374020567 98.15020960094297
81.401973887 98.15020960094299
81.651379483 98.1943811282295
81.725604276 98.19438112822951
81.91023537 98.20119131312323
81.911581444 98.20138135652446
81.912460915 98.21801776862718
81.985360495 98.21801776862719
82.151933473 98.22482795352093
82.153160751 98.22501799692216
82.157739467 98.22501799692219
82.377579863 98.23182818181591
82.440972732 98.23182818181593
82.78328826 98.27321529246824
82.791189403 98.27321529246825
82.962853954 98.27321529246827
82.967119434 98.3463462053603
82.971103657 98.34634620536032
83.443029708 98.39663770387295
83.813115854 98.3993129154544
83.918898656 98.43625070799506
83.919121814 98.4518303558308
84.102516241 98.56283746700468
84.10418597 98.5628374670047
84.252398044 98.56819610570389
84.255262881 98.5681961057039
84.314779023 98.62733748351143
84.334209987 98.62733748351144
84.371996529 98.72382354640999
84.372025974 98.79389475748913
84.39710468 98.79389475748914
