0.000344913 46.42610624256103
0.000454177 46.63032127167925
0.000521714 46.807881540430984
0.000549392 47.468239611828764
0.000603841 47.53586731434979
0.001584238 47.5358673143498
0.006986062 47.57744348001921
0.01990504 47.626261883322925
0.030326566 47.652718467223224
0.075974438 47.65271846722323
0.078083854 47.969022946660246
0.078133359 48.17323797577846
0.078179847 48.350798244530196
0.078206001 49.01115631592798
0.078253909 49.078784018449014
0.083116727 49.120360184118425
0.093296426 49.16917858742214
0.101537356 49.19563517132244
0.221772078 49.20258675855342
0.341858822 49.21859194540278
0.393039889 49.21888024281513
0.401288349 49.24533682671543
0.461226329 49.24783398297045
0.497113572 49.247833982970455
0.57884702 49.25299885318168
0.615096433 49.25299885318169
0.639421504 49.252998853181694
0.819386608 49.25549532915433
0.93551793 49.28100027587318
1.029065746 49.28100027587319
1.052732991 49.30008596057375
1.110234642 49.32062655570272
1.22914534 49.32062655570273
1.34672756 49.32265850900221
1.556504462 49.32265850900222
1.59362172 49.325882571357525
1.698425147 49.34903187379825
1.8504926369999999 49.34903187379826
1.873397821 49.34903187379827
1.992727446 49.352502291416684
2.050955403 49.36220272137214
2.289298372 49.36343014608987
2.347072454 49.36343014608988
2.405381701 49.37657276424139
2.466335863 49.38866607972916
2.586703537 49.411021124675855
2.7971421899999998 49.41102112467586
2.822700664 49.437477708576154
3.032665508 49.92157716278059
3.032727779 50.125792191898825
3.032784247 50.303352460650544
3.032811139 50.963710532048324
3.032861507 51.03133823456936
3.033679645 51.031338234569375
3.038481975 51.07291440023879
3.067685374 51.09937775859581
3.068110864 51.1481893874428
3.282475447 51.148189387442805
3.622438569 51.16133200559431
3.736201239 51.16133200559432
5.859017516 51.70511575387252
5.859082174 51.90933078299075
5.859133074 52.08689105174247
5.859157473 52.74724912314025
5.8592077620000005 52.81487682566129
5.860039693 52.8148768256613
5.8682648440000005 52.81690877896078
5.873502598 52.843282143756824
5.873935439 52.85768041604844
7.000503221 52.872043684460955
7.169066561 52.87204368446096
7.224211744 52.87204368446098
8.627238856 53.4192628464785
8.627303208 53.623477875596734
8.627359856 53.80103814434845
8.627385792 54.461396215746234
8.627435483 54.52902391826727
8.628259459 54.529023918267285
8.636386139 54.531055871566764
8.641745154 54.55742923636281
8.650604758 54.55742923636282
9.080943392 54.568357091036
10.798024429 54.568357091036006
11.326015036 55.12650410772672
11.326085137 55.33071913684495
11.32614516 55.50827940559667
11.326171562 56.16863747699445
11.326228289 56.236265179515485
11.693685571 56.23626517951549
13.432989859 56.2362651795155
13.944596018 56.79441219620622
13.944668953 56.99862722532445
13.944731919 57.17618749407617
13.944759933 57.83654556547395
13.94566008 57.90417326799497
16.479946642 58.82751830518379
16.483474875 58.97883663217253
16.483518967 59.17902387887558
16.483760918 59.27239138333201
16.48448783 59.272391383332014
16.484753813 59.36970457096213
16.489334398 59.37014635715073
16.491221151 59.44708997209419
16.518067275 59.49679162748717
17.011021423 59.49679162748718
18.969555995 60.420136664675994
18.973055124 60.57145499166474
18.973099759 60.77164223836779
18.973350237 60.86500974282421
18.974063364 60.86500974282422
18.974334476 60.962322930454334
18.97890345 60.96276471664294
18.98080795 61.0397083315864
20.181933836 61.039708331586404
21.374432242 61.96305336877521
21.377828988 62.11437169576396
21.377872741 62.31455894246701
21.378107818 62.40792644692343
21.37903828 62.505239634553554
21.38348455 62.50568142074216
23.741923636 63.42902645793096
23.745216588 63.5803447849197
23.745261796 63.78053203162277
23.745503728 63.87389953607918
23.746186945 63.873899536079186
23.746469582 63.971212723709314
23.839018115000002 63.97121272370932
26.03065467 64.63628879931066
26.030879287 64.84671940095068
26.031398897 64.89455776089811
26.033948309 65.04587608788685
26.033991019 65.24606333458992
26.034247407 65.33943083904636
26.039356413 65.39154117248701
26.039416653 65.39598074116218
26.045708503 65.3995718349789
26.072875057 65.43674402667648
26.164480296 65.4367440266765
28.278681953 66.10182010227786
28.27887183 66.31225070391785
28.281855473 66.51140739085405
28.282111316 66.80496214201352
28.292198286 66.86510313794606
30.453866178 67.21549807571446
30.454032508 67.74060981518744
30.457000494 67.93976650212363
30.457236103 68.23332125328312
30.472961361 68.28543158672377
30.475128218 68.28987115539894
32.617112517 68.64026609316733
32.617298147 69.1653778326403
32.62022888 69.3645345195765
32.620467279 69.65808927073597
32.636460615 69.68533571919455
32.641652579 69.68780258314193
32.683086769 69.68780258314194
34.658448648 70.03819752091033
34.658627099 70.5633092603833
34.661525979 70.7624659473195
34.661757948 71.05602069847897
36.600706178 71.40641563624736
36.600877694 71.93152737572034
36.606744916 72.21133454986314
36.606952346 72.38288620162027
38.406420866 72.38288620162028
38.492157328 72.73328113938867
38.492322777 73.25839287886161
38.495143797 73.3187136057191
38.495321086 73.45981998062626
38.495608391 73.48209371101156
38.502081848 73.52951158535369
38.502265393 73.57124962596457
38.50246677 73.5803363607749
38.510079021 73.65450097989259
38.528203843 73.70227065062424
40.310526167 74.05266558839264
40.310705782 74.5777773278656
40.317606068 74.59185330962038
40.320151523 74.6303725377231
40.320345712 74.63197948949949
40.320415164 74.89063407496856
40.320622415 74.89972080977888
40.328198033 74.97388542889658
40.400751871 74.9738854288966
42.096578082 75.32428036666498
42.096760163 75.84939210613796
42.099431691 76.04854879307415
42.09967737 76.05081920790262
42.099976083 76.07309293828791
42.102185232 76.12919928028076
42.106287802 76.16224885324091
42.106478491 76.17133558805124
42.114312914 76.24550020716894
43.826307358 76.91057628277028
43.826699423 76.91651080119735
43.828300038 76.96342810926926
43.830617915 77.006504565467
43.830643615 77.32016357134647
43.830870321 77.32243398617493
43.831193396 77.34470771656022
43.83619557 77.44295036632356
43.849646817 77.51281577995148
43.883389858 77.5128157799515
44.81680049 77.51281577995151
45.498574478 78.17789185555287
45.498932697 78.18382637397995
45.503466703 78.2738201382496
45.504733367 78.40239843894766
45.506838171 78.71026593910614
45.693147136 78.71026593910615
46.345407665 78.71026593910616
47.130602249 78.78262140339912
47.130647635 79.06066087687454
47.130889836 79.16030704762716
47.130932231 79.34747239699894
47.131019317 79.3812765331346
47.135566808 79.47127029740425
47.135980903 79.4951257774176
47.136065978 79.55947056845959
47.136406214 79.7849293032837
47.139973868 79.85689132283959
47.298076338 79.8568913228396
48.694747586 79.89129186558006
48.69498635 79.90438892909818
48.695037055 80.52790191686803
48.699485426 80.61789568113768
48.699905365 80.64175116115102
48.699998618 80.70609595219302
48.700308857 80.93155468701714
48.712603185 80.93382510184561
48.717713878 80.95757202206703
48.748407404 80.95757202206704
49.112051668 80.95757202206705
49.932687286 80.95757202206707
50.217578628 80.99197256480751
50.217798196 81.00506962832564
50.217852543 81.6285826160955
50.220127168 81.71857638036512
50.220152948 82.03223538624461
50.22036833 82.03450580107305
50.220633458 82.05677953145836
50.860421572999996 82.05677953145837
51.704143943 82.09118007419883
51.704323916 82.69398598935115
51.704424472 82.72779012548679
51.709123293 82.7574480745919
51.709297606 82.84163936976981
51.709378845 82.90598416081181
51.714066167 83.08335335095131
51.71718838 83.1151767432066
52.091067584 83.11517674320662
52.987994082 83.11517674320663
53.132900492 83.75238320109939
53.132991111 83.78618733723506
53.137456216 83.81584528634015
53.137635864 83.90003658151805
53.13770246 83.96438137256006
53.142323361 84.14175056269956
53.158695744 84.14697990565041
53.160928753 84.17357395495488
54.505883296 84.22107156121345
54.505953512 84.8445845489833
54.510240058 84.87424249808839
54.510403802 84.9584337932663
54.510492316 85.0227785843083
54.515082403 85.2001477744478
54.623766414 85.20014777444781
55.052384465 85.20014777444783
55.851336641 85.2476453807064
55.851402768 85.87115836847626
55.855731076 85.90081631758137
55.855946239 86.04935240380125
55.862946138 86.11352547296813
55.863421696 86.11352547296815
55.867456239 86.20835986341186
55.877100876 86.22672159394077
56.871815838 86.22672159394078
57.16090654 86.27421920019937
57.160968755 86.8977321879692
57.165234839 86.92739013707431
57.165470106 87.07592622329422
57.1727007 87.1400992924611
58.433377603 87.37078295616938
58.433452034 87.77730575035388
58.433537945 87.81110988648955
58.43765371 87.84076783559463
58.437885623 87.98930392181454
58.445249954 88.05347699098141
58.627969724 88.05347699098142
59.651910587 88.28416065468971
59.652085039 88.69068344887421
59.65217033 88.72448758500988
59.656216406 88.75414553411497
59.656443705 88.90268162033487
60.82243279 89.13336528404314
60.822627778 89.5736922143633
60.827974547 89.61381928367939
60.839337246 89.71492584062547
60.97537165 89.7149258406255
61.952669251 89.94560950433377
61.95282089 90.35213229851827
61.957584879 90.42606350397001
62.099222322 90.42606350397003
63.058882732 90.6567471676783
63.058973823 90.65674716767833
63.059712778 90.67921166466056
63.059992192 90.88334867762745
63.062929511 91.03811420263077
63.071686613 91.05574165600547
63.072933192 91.13237647610887
64.10542488 91.36306013981715
64.106233694 91.3855246367994
64.107111254 91.54419352811516
64.108825545 91.58163127176314
64.1094599 91.74442717476961
64.118023199 91.76205462814431
65.104684491 91.99273829185262
65.105488066 92.01520278883487
65.106802792 92.16218431523117
65.107991186 92.21130942379861
65.108590091 92.37410532680505
66.076254366 92.60478899051333
66.077025409 92.62725348749558
66.079481323 92.82336012245932
66.085761796 92.88844951755888
66.088353821 92.95598260684389
66.573722051 92.95598260684392
67.00624032 93.1866662705522
67.007065543 93.20913076753445
67.01077342 93.40523740249819
67.012101205 93.41655522783955
67.016795979 93.45587343887581
67.016875111 93.46718298515691
67.896704744 93.69786664886522
67.897439169 93.72033114584744
67.90546609 93.73917190582912
67.905828033 93.73917190582914
67.906213218 93.82110816359183
67.912300324 93.92775560615254
68.048391478 93.92775560615257
68.755352819 94.15843926986085
68.756057595 94.18090376684307
68.756462104 94.18090376684309
68.763876053 94.19974452682479
68.764564002 94.2816807845875
69.568622686 94.51236444829577
69.569345401 94.53482894527802
69.577391316 94.55366970525971
69.577698268 94.55366970525972
69.690005507 94.55366970525974
70.359414658 94.784353368968
70.360098393 94.80681786595025
70.367962349 94.82565862593194
71.115275557 94.87315623219055
71.115517139 94.89801409022492
71.115859062 95.0788067866225
71.829995457 95.1263043928811
71.830221916 95.15116225091543
71.830546031 95.33195494731304
72.513615895 95.37876640925548
72.513930798 95.3794525535716
72.515595636 95.40431041160596
72.515836256 95.53754476529134
72.516413864 95.55547708340968
72.516456118 95.58496051941277
72.556686716 95.5849605194128
73.175578086 95.63177198135527
73.175908382 95.63245812567139
73.17612467 95.65731598370576
73.176374814 95.79055033739114
73.176932687 95.80848265550948
73.17728317 95.8084826555095
73.178183694 95.82878709480495
73.267559222 95.82878709480498
73.801759987 95.87559855674745
73.802027137 95.87628470106357
73.802245278 95.90114255909793
73.80249824 96.03437691278332
73.810099216 96.05230923090166
73.810526246 96.05618699364238
74.39855526 96.10299845558488
74.398830953 96.103684599901
74.39905642 96.12854245793534
74.399297103 96.26177681162075
74.406878781 96.27970912973909
74.974045092 96.32652059168154
74.974321285 96.32720673599769
74.974533704 96.35206459403203
74.974755791 96.48529894771744
75.183061106 96.48529894771745
75.521346247 96.53279655397604
75.521547788 96.55765441201038
75.522883256 96.60004857306895
75.526341287 96.63168795621978
75.527335199 96.6660548130052
75.527519149 96.69088876569579
75.552727302 96.69088876569582
76.034065118 96.7383863719544
76.034273391 96.76324422998874
76.035468676 96.78428499812183
76.035586177 96.80563839104731
76.040813269 96.85461868610564
76.040857793 96.8953549357817
76.233638594 96.89535493578173
76.520319395 96.94285254204031
76.520546813 96.96771040007465
76.521735245 96.98875116820774
76.521853262 97.01010456113322
76.987858009 97.05760216739183
76.988055471 97.08246002542617
76.989335582 97.08277611736168
76.989771759 97.09057830646326
76.990081109 97.09057830646327
76.993064465 97.10308646916663
77.431704383 97.15058407542521
77.431890796 97.17544193345958
77.433693483 97.18356021449664
77.433986386 97.18356021449665
77.46947059 97.18356021449667
77.851194011 97.23105782075525
77.851378565 97.25591567878962
77.85922443 97.2562317707251
77.859466956 97.26403395982669
78.035568582 97.2640339598267
78.250845483 97.31153156608529
78.251041311 97.33638942411966
78.258511875 97.33670551605513
78.430285512 97.33670551605515
78.624146776 97.38420312231374
78.624285027 97.46385362019176
78.628902462 97.47453075444731
78.649501664 97.47453075444733
78.819812798 97.47453075444734
78.965688798 97.52202836070595
78.965889793 97.54688621874028
79.031490875 97.54688621874031
79.290585077 97.59438382499889
79.291152018 97.59451718689408
79.292249554 97.60713804513344
79.296855897 97.64134166910327
79.297449518 97.6413416691033
79.357048396 97.64134166910333
79.588806124 97.68883927536189
79.589367769 97.68897263725708
79.590454044 97.70159349549644
79.710393996 97.70159349549645
79.714114976 97.70159349549647
79.840520387 97.7015934954965
79.875478786 97.74922446365025
79.876424159 97.91398879104464
79.893270967 97.91398879104466
80.145719979 97.96161975919844
80.147000648 97.9715121274574
80.152346861 97.97151212745743
80.399089896 98.01914309561118
80.400168536 98.18345389416838
80.40522778 98.1834538941684
80.634173488 98.23108486232215
80.637934661 98.23368891431961
80.664637825 98.23368891431963
80.669085768 98.23368891431964
80.856797802 98.2813198824734
80.886625552 98.28131988247343
81.064488104 98.31731720420619
81.106178141 98.31731720420622
81.258208987 98.38587475649514
81.363680391 98.38587475649517
81.441616697 98.38822405922751
81.452125079 98.38822405922754
81.76262377 98.4153516923892
81.793834588 98.41535169238921
82.039345593 98.46349990336641
82.040094682 98.5299729337746
82.093876331 98.52997293377462
82.101055877 98.52997293377464
82.162534465 98.56808372038947
82.17610312 98.56808372038948
82.211373162 98.5680837203895
82.257588695 98.56808372038951
82.559407791 98.6361417702758
82.624379399 98.63614177027583
82.880493488 98.73962779441379
82.890422764 98.73962779441382
