0.000352992 45.51895924397372
0.000481055 46.23521155955124
0.000510781 46.53935582125016
0.00066299 46.62328390306937
0.002210052 46.77895511394153
0.003816012 46.87862159176401
0.005918401 46.89268847794907
0.006152336 46.96149778001031
0.008712168 47.00123515513821
0.008776345 47.1932676247151
0.009084395 47.309419738099955
0.07915307 47.781824237022896
0.079180957 48.08596849872182
0.079300272 48.16989658054103
0.080525327 48.32556779141317
0.081811979 48.42523426923568
0.085975879 48.54784783260988
0.086029054 48.73988030218677
0.086276852 48.85603241557161
0.207850289 48.85892074573733
0.306633862 48.85892074573734
0.389210452 48.86779652221119
0.450256202 48.86911637974065
0.572558833 48.87002968778638
0.670199889 48.87002968778639
0.692561822 48.891365195428456
0.752314677 48.8957697906995
0.849262961 48.89576979069951
0.933606422 48.895769790699525
0.993067794 48.90908712196428
1.149692458 48.9090871219643
1.238417355 48.911409337323086
1.268283555 48.91708406675948
1.350978252 48.97263704740205
1.387561589 48.97263704740207
1.470916228 48.979247231772696
1.530107495 48.98002612145131
1.6267274600000001 48.980026121451324
1.6488248890000001 48.98346744073226
1.709196703 48.98891629040491
1.830071067 49.01457202798152
1.9266256130000001 49.01457202798154
1.949934012 49.01622720840867
2.019371261 49.039323822012015
2.06271014 49.03932382201203
2.073368447 49.053567553998825
2.111497026 49.05356755399884
2.141655078 49.082127530840005
2.171082362 49.08780226027638
2.292957034 49.0878022602764
2.3771237689999998 49.119474606393986
2.4761375230000002 49.119474606394
2.500207432 49.19744397775083
2.538117583 49.197443977750844
2.682789923 49.19744397775086
2.743755369 49.19827964422485
2.921711415 49.19827964422486
3.094568551 49.295843389749514
3.094641101 50.01209570532702
3.094667305 50.31623996702596
3.096856515 50.555839259717295
3.097289076 50.655505737539805
3.098925786 50.66957262372487
3.099105663 50.73838192578611
3.101056366 50.77811930091401
3.101342338 51.086303883875736
3.159591885 51.08630388387575
3.900736609 51.087139550349754
5.964210074 51.190378025310814
5.964292209 51.90663034088832
5.964318422 52.21077460258726
5.966492119 52.450373895278595
5.966917266 52.550040373101105
5.968527367 52.56410725928617
5.968709301 52.63291656134741
5.970625658 52.67265393647531
5.970678331 52.86468640605219
7.423161093 52.86552207252618
7.423938134 52.8655220725262
8.761991638 52.96876054748726
8.762085542 53.989157124763686
8.764234987 54.22875641745505
8.764663944 54.32842289527755
8.766269901 54.34248978146261
8.766438627 54.41129908352385
8.769780519 54.54418295835715
8.806995183 54.57149387636091
8.916491115 54.5723295428349
9.244162537 54.572329542834915
9.574009003 54.57232954283493
11.494120591 54.675568017795975
11.494206112 54.732661837574746
11.49423228 55.69596459507242
11.496382368 55.93556388776377
11.496815097 56.035230365586266
11.498390765 56.04929725177133
11.498576996 56.11810655383257
11.536082521 56.12987066047214
11.538126705 56.24132137003365
11.591192554 56.24132137003367
11.644494561 56.242157036507656
12.071736046 56.24215703650767
14.158679685 56.345395511468716
14.158764512 56.40248933124749
14.158793303 57.36579208874516
14.160813509 57.60539138143651
14.161246642 57.70505785925901
14.162804168 57.71912474544407
14.165745122 57.7271003451523
14.16606516 57.73700739051284
14.171244801 57.75878341808866
14.18507658 57.76831534024934
14.19974152 57.7996981541449
14.280292258 57.841824420372
15.704168432 57.84182442037201
16.751278594 57.94589856180706
16.751376997 58.96629513908349
16.75377078 58.98444506258347
16.753888532 59.305560909597354
16.755404375 59.31962779578242
16.758355907 59.327603395490634
16.758667905 59.33751044085117
16.763729046 59.359286468426994
16.777311507 59.368818390587684
16.791859923 59.40020120448323
16.943207336 59.400201204483245
19.278965339 59.504275345918295
19.279045125 59.56136916569708
19.279070749 60.52467192319474
19.281351339 60.542821846694714
19.281469698 60.8639376937086
19.283015494 60.87800457989366
19.285880776 60.88598017960188
19.286209667 60.89588722496243
19.291227541 60.91766325253824
19.305245309 60.927195174698916
19.308775149 60.92719517469893
21.745202026 61.031269316133994
21.745293841 62.05166589341044
21.747524002 62.0698158169104
21.74764306 62.390931663924285
21.749141456 62.40499855010935
21.752008949 62.412974149817565
21.752323096 62.422881195178114
21.757340067 62.44465722275394
21.770391478 62.454189144914615
24.14891258 62.558263286349664
24.149004472 63.57865986362611
24.151201507 63.59680978712607
24.151320009 63.91792563413997
24.152794716 63.93199252032503
24.155565307 63.93996812003325
24.155863179 63.949875165393784
24.160685663 63.97165119296961
24.253660354 63.971651192969624
26.475223396 64.07572533440467
26.475309598 64.13281915418345
26.475336008 65.09612191168112
26.47752849 65.11427183518109
26.47831177 65.43538768219499
26.479084021 65.44945456838005
26.481836316 65.45743016808827
26.482142252 65.4673372134488
26.488853926 65.47371354721804
28.715607852 65.57778768865309
28.715705858 66.59818426592953
28.71786911 66.6163341894295
28.718570372 66.61633418942951
28.718670985 66.9374500364434
28.719404748 66.95151692262846
28.722120223 66.95949252233667
28.722410953 66.96939956769721
28.750498205 66.96939956769722
28.897634313 66.96939956769724
30.935602191 67.07347370913229
30.935692494 68.09387028640873
30.937830402 68.1120202099087
30.938579302 68.43313605692259
30.939331025 68.44720294310765
30.941928941 68.45517854281587
30.955455139 68.45574861584831
33.054232861 68.55982275728336
33.054341746 68.7004530888992
33.054417931 68.8389617750465
33.05479066 68.93806509936957
33.054853301 69.43075522479694
33.055080828 69.5802193345598
33.056449474 69.59836925805976
33.057962571 69.93355199125872
33.074693911 69.94152759096694
33.184604487 69.94152759096696
35.105862011 70.045601732402
35.105944075 70.10269555218078
35.106035648 70.32474075016515
35.106405352 70.42384407448822
35.106469994 70.91653419991559
35.10683135 70.96690716372768
35.108079168 71.08414823317841
35.109545238 71.41933096637736
35.150067971 71.41933096637737
36.926734009 71.41933096637739
37.08183754 71.52340510781242
37.081903263 71.5804989275912
37.081986341 71.80254412557557
37.082022404 71.94625489954217
37.082081975 72.44471053913809
37.083939733 72.56195160858883
37.085868933 72.69713728308787
37.09414638 72.72560278346216
37.114371339 72.75435570126307
38.22332794 72.75435570126308
38.991260007 72.7543557012631
39.000208389 72.85842984269813
39.000273623 72.9155236624769
39.00029798 72.99906017431397
39.000371808 73.13756886046127
39.00073961 73.23667218478434
39.001059896 73.28127963442786
39.001112627 73.77973527402379
39.002818765 73.81408834177017
39.002993057 73.89697634347452
39.004233231 74.03216201797358
39.036258073 74.06062751834787
39.149048323 74.06062751834789
40.864040094 74.16470165978293
40.864122964 74.2217954795617
40.864208064 74.44384067754608
40.864298414 75.0860070911086
40.86614304 75.20324816055934
40.86773701 75.20324816055935
40.868039139 75.33843383505838
40.871164406 75.3384338350584
41.76303474 75.33843383505841
42.673447714 75.44250797649346
42.673520504 75.49960179627223
42.673601628 75.7216469942566
42.673943833 75.82075031857967
42.674309452 76.36381340781912
42.675934673 76.3981664755655
42.676129787 76.48105447726986
42.677300372 76.6162401517689
43.585505922 76.61624015176892
44.424912655 76.72031429320396
44.424984477 76.77740811298273
44.425066311 76.9994533109671
44.425412413 77.09855663529017
44.425756135 77.64161972452962
44.427352666 77.675972792276
44.427557588 77.75886079398035
44.442794004 77.78402473743024
44.443010928 77.80043589707873
44.444213089 77.89338262844393
44.608026864 77.89338262844394
46.124233775 77.997456769879
46.124320921 78.05455058965777
46.124346835 78.13808710149483
46.124409982 78.27659578764214
46.124788666 78.3756991119652
46.125346929 78.50675873510353
46.125547221 78.746430009593
46.125885522 78.82128730426953
46.126709322 78.83668847779856
46.126734749 78.86594430879411
46.12678254 78.95311526895102
46.126956999 79.03600327065539
46.152464523 79.06116721410527
46.219006531 79.06116721410528
46.900549751 79.0611672141053
47.773898604 79.16524135554033
47.774026113 79.44438037330347
47.774367857 79.54348369762654
47.774907105 79.67454332076487
47.775113334 79.91421459525434
47.775703979 79.91421459525435
47.775837555 79.95892189294995
47.776240639 80.0044730634599
47.776265043 80.03372889445545
47.776310976 80.12089985461238
47.776489806 80.20378785631674
47.841962801 80.20378785631675
48.477550975 80.20378785631677
49.36251999 80.30786199775181
49.362573834 80.69341148370336
49.363499114 80.81716396297635
49.363729261 81.05683523746583
49.364407186 81.10154253516144
49.36483491 81.14709370567138
49.364859624 81.17634953666693
49.364906078 81.26352049682386
49.380479567 81.32900065976905
49.653446318 81.32900065976906
50.89166854 81.43307480120413
50.891719036 81.81862428715566
50.892583003 81.94237676642867
50.892800606 82.18204804091813
50.893318646 82.18204804091815
50.893443882 82.22675533861374
50.893836639 82.2723065091237
50.893861177 82.30156234011925
50.893906086 82.38873330027617
50.910809275 82.45421346322135
50.939244479 82.45421346322136
52.383903073 82.5582876046564
52.38395284 82.94383709060794
52.384868876 83.06758956988095
52.385082908 83.30726084437042
52.38781483 83.35196814206601
52.398643887 83.45867589983276
52.408301923 83.51394610372846
52.757930443 83.51394610372847
53.819422819 83.61802024516349
53.819459491 84.00356973111504
53.820318691 84.12732221038804
53.820528383 84.36699348487751
53.832536557 84.51840854033985
53.86105142 84.51840854033986
54.037184576 84.51840854033988
55.227933453 84.62248268177493
55.227985556 85.00803216772647
55.228827537 85.13178464699946
55.229123211 85.28960982070826
55.229547516 85.37145592148894
55.245722351 85.37558623219395
55.247769837 85.39233002792216
55.255532615999996 85.52287097695127
55.662663837 85.52287097695128
56.57878922 85.62694511838632
56.578830737 86.01249460433786
56.579706226 86.13624708361087
56.58000579 86.29407225731967
56.590349041 86.29792566573906
56.591220405 86.3307027473142
56.596209257 86.38004866880536
56.598727346 86.38106592263898
56.601601685 86.388237815477
57.885664415 86.49231195691203
57.885707242 86.87786144286358
57.886536949 87.00161392213658
57.88680737 87.15943909584539
57.896467592 87.16329250426479
57.903983172 87.2464327611647
57.930712915 87.24643276116471
58.66876044 87.24643276116473
59.163125483 87.35050690259975
59.163161583 87.73605638855129
59.16400906 87.8598088678243
59.164271278 88.0176340415331
59.173718585 88.0214874499525
59.199633692 88.02148744995252
60.381474082 88.12556159138757
60.381512286 88.51111107733911
60.382307018 88.63486355661212
60.382595684 88.79268873032092
61.397061271 88.79268873032093
61.562468609 89.28231235770753
61.565529878 89.3079662376191
61.566012004 89.4060648369805
61.568605847 89.47374126093581
61.574520696 89.54705958603371
61.578402179 89.56389001068933
62.698559895 90.0535136380759
62.700761625 90.0791675179875
62.703218378 90.24494254130418
62.708855449 90.31826086640211
62.731952498 90.31826086640213
62.97318229 90.31826086640214
63.796474556 90.80788449378872
63.798629743 90.83353837370029
63.801008335 90.999313397017
63.844644241 90.99931339701703
64.849568207 91.48893702440363
64.852339761 91.5145909043152
64.862568285 91.56923608715606
64.886094757 91.56923608715607
65.864453548 92.05885971454265
65.867142963 92.08451359445425
65.880346874 92.1391587772951
66.729261453 92.13915877729511
66.856692773 92.62878240468169
66.859272792 92.65443628459329
67.801134478 93.14405991197988
68.657088526 93.1440599119799
68.695982773 93.30522787319372
68.696053522 93.52727307117807
68.696330681 93.62637639550114
68.701027282 93.62678636209019
69.058787574 93.6267863620902
69.562869977 93.71204230620764
69.563103054 93.72980355416853
69.565063311 94.03694150191158
69.566470956 94.06359132679383
69.566958026 94.10951281220048
69.95835774 94.10951281220049
70.402360121 94.19476875631793
70.402667042 94.21253000427882
70.404350562 94.33551594206767
70.404564991 94.36264153321542
70.404669592 94.44291172076811
70.404801781 94.44611989954643
70.407870799 94.4927259713987
70.415876038 94.5546139322621
70.416478068 94.59182929572177
71.19516384 94.67708523983922
71.195387033 94.6948464878001
71.197196616 95.00198443554316
71.207788284 95.03693041578336
71.676455509 95.03693041578337
71.954761975 95.22362453287528
71.95701078 95.26293354565055
71.957197347 95.29005913679828
71.957326819 95.37032932435096
71.957443284 95.37353750312931
71.958778694 95.44708555560473
71.967889361 95.45139456232454
72.026836313 95.45139456232455
72.142279526 95.45139456232457
72.687062384 95.63808867941648
72.689238358 95.67739769219173
72.689434084 95.70452328333948
72.689652792 95.78800164967049
72.757100686 95.78800164967052
73.386082798 95.92963921511242
73.386394977 95.97469576676244
73.388134808 96.02931954975134
73.390785725 96.10730435310629
73.898717959 96.1073043531063
74.055338734 96.24894191854821
74.055563114 96.29399847019823
74.057611707 96.34862225318713
74.063552174 96.39425959661989
74.127594489 96.39425959661992
74.69088029 96.47951554073737
74.691092396 96.49727678869826
74.692719786 96.58095371371186
74.694849019 96.61462747322281
74.703276126 96.63557749670076
75.297833559 96.72083344081818
75.298072922 96.73859468877907
75.299492854 96.81182454904834
75.302315525 96.85594537330365
75.874687683 96.9412013174211
75.874910393 96.958962565382
75.876282662 97.00318745340081
75.885023834 97.0426394903956
75.952765314 97.04263949039563
76.426470933 97.12789543451305
76.426697081 97.14565668247394
76.428030942 97.18988157049276
76.926535702 97.18988157049279
76.960469306 97.27474326853977
76.960603492 97.27513751461021
76.962577197 97.2928987625711
76.963451874 97.32585145867108
77.467762251 97.41071315671809
77.468411033 97.42886865074942
77.472511316 97.43938150163257
77.476531426 97.46053133846951
77.572639201 97.46053133846952
77.697869419 97.46053133846954
77.95061305 97.54539303651653
77.951261707 97.56354853054786
77.955172161 97.57406138143101
78.378380611 97.57406138143102
78.407414772 97.65892307947801
78.408026175 97.67707857350935
78.58149615 97.67707857350936
78.84034895 97.76194027155638
78.844935508 97.77820838066953
79.173343965 97.77820838066954
79.250849104 97.80226650939478
79.25122421 97.86307007871653
79.267205671 97.86307007871655
79.290476939 97.86307007871656
79.635020954 97.88712820744182
79.636035652 97.93783325218595
79.984936663 98.03717121184995
80.314139315 98.0446618328811
80.314406425 98.10841968478084
80.35803181 98.10841968478086
80.621802442 98.17457177742313
80.622066205 98.17706898076605
80.680247019 98.17706898076607
80.911618511 98.18199314437237
80.911983588 98.18551503258942
80.913039716 98.20170248631206
80.913354169 98.20222153184797
80.94094581 98.20222153184798
81.137406106 98.202221531848
81.184814328 98.20714569545429
81.185098299 98.21066758367134
81.185399969 98.22685503739399
81.190532843 98.226855037394
81.43384857 98.22685503739402
81.440214701 98.23177920100032
81.441118181 98.32669819751048
81.68220146 98.33162236111677
81.682461307 98.33514424933382
81.683815445 98.3507528439417
81.796356284 98.35075284394172
81.906514019 98.35567700754801
81.910750606 98.35567700754802
82.05467837 98.35567700754804
82.660099683 98.53162994983668
82.722530131 98.5316299498367
83.220820244 98.57555062626538
83.620991444 98.73310172737398
