0.000360499 45.28504279697353
0.000440565 45.68367827927535
0.000469184 47.09491351283792
0.001066571 47.17859066553216
0.002063449 47.340839218300815
0.006011593 47.34739249342509
0.012817554 47.350607593400305
0.013504231 47.4502859578336
0.078549316 48.0112337666454
0.078657141 48.538870494472725
0.079028378 48.636055253484216
0.080657579 48.79830380625287
0.088531245 48.80807218135236
0.089054948 48.90775054578565
0.125784597 48.90775054578566
0.27093177 48.92581646076923
0.332244612 48.93038529911759
0.453580897 48.93788755496013
0.49043636 48.937887554960135
0.514369454 48.93788755496014
0.575282019 48.93913570132966
0.814375471 48.942821559719434
0.93481041 48.95516698606695
0.995220584 48.95596743068595
1.055382419 48.975812805656815
1.089930483 48.97581280565682
1.174111435 48.9914276984799
1.293468877 48.9952152468307
1.328271795 48.99521524683071
1.41364036 49.013033890172146
1.472919994 49.01303389017216
1.655661277 49.0456241382093
1.692266126 49.045624138209305
1.715962848 49.04562413820931
1.775277572 49.06375220648339
1.8943364630000001 49.06375220648341
2.135940301 49.15115666462585
2.172588638 49.15115666462586
2.377175432 49.15367625124855
2.532815004 49.153676251248555
2.7656929359999998 49.163444626348046
2.78871244 49.16344462634805
3.072386778 50.52121679443546
3.072884161 50.6048939471297
3.073692031 50.767142499898355
3.085998113 50.776910874997846
3.6518109389999998 50.854546958040814
3.66302919 50.86431533314031
4.580711791 50.866834919763
5.953713605 50.91306427415249
5.953764114 51.07448369019532
5.95382833 51.61897063439741
5.953879562 52.31079190139782
5.954278139 52.407976660409304
5.955918006 52.570225213177956
8.767264713 52.613287424402245
8.767309563 52.61645456756745
8.767348392 52.77787398361028
8.767415454 53.32236092781236
8.767484075 53.43363034476795
8.767551698 53.72588423194375
8.767890354 53.86000451619805
8.767919757 54.11136695382425
8.78985081 54.16556339355367
8.792667299 54.183691461827756
9.649102267 54.18369146182776
11.496726764 54.22675367305205
11.496770024 54.22992081621725
11.49680586 54.391340232260085
11.496867609 54.42623301353995
11.496891488 54.44790876969348
11.496927411 55.047096593417756
11.496990289 55.33935048059356
11.497302538 55.47347076484786
11.497329462 55.72483320247406
11.518013448 55.779029642203476
11.543953369 55.77902964220348
11.597279194 55.77902964220349
14.169639483 55.82209185342778
14.169687001 55.82525899659298
14.169724185 55.98667841263581
14.16978854 56.53116535683789
14.169853005 56.64243477379348
14.169917178 56.934688660969286
14.17023081 57.06880894522358
14.170260009 57.32017138284978
14.206232631 57.320171382849786
14.431311107 57.32017138284979
14.466596413 57.3201713828498
16.765407025000002 57.48487839606143
16.765493335 57.59961868331495
16.765585558 57.90819030935615
16.765664923 58.119883921050516
16.767113723 58.14550790429337
16.767971978 58.27461916773412
16.768027241 58.52516065757227
16.768265893 58.72406844734129
16.781470976 58.80777297997633
16.795106019 58.812706984735634
16.798033046 58.82505241108314
16.799909089 58.825852855702145
16.95214546 58.82585285570215
17.42430969 58.82585285570216
19.329547043 58.990559868913785
19.32964105 59.10530015616731
19.331557267 59.41387178220851
19.331637434 59.62556539390287
19.333850289 59.78030064058648
19.333910033 60.030842130424624
19.334149617 60.22974992019365
19.34785377 60.313454452828694
19.361956328 60.31838845758799
19.364669441 60.3307338839355
19.412526761 60.33073388393551
21.801906067 60.3737960951598
21.801952588 60.376963238325
21.801977623 60.53838265436783
21.802039562 61.08286959856992
21.80210412 61.1941390155255
21.802167673 61.486392902701304
21.80248691 61.62051318695561
21.805493584 61.646296698179846
21.806654382 61.64843500994311
21.806829098 61.66121383575085
21.811709111 61.708075296942816
21.812375266 61.70807529694282
21.81762132 61.81833548106204
21.831386165 61.82326948582135
22.592851323 61.823269485821356
24.1879972 61.866331697045645
24.188040027 61.869498840210845
24.188064489 62.03091825625368
24.188125636 62.06581103753354
24.188150321 62.08748679368707
24.188192681 62.68667461741135
24.188257272 62.97892850458715
24.190532127 63.02825876054383
24.191587329 63.13883230006568
24.192306376 63.138832300065694
24.192742209 63.14097061182894
24.1935819 63.15374943763669
24.197720465 63.200610898828664
24.202620395 63.31087108294789
24.297500041 63.3108710829479
26.516721877 63.35393329417219
26.516770464 63.35710043733739
26.516807312 63.51851985338022
26.516871047 64.0630067975823
26.516938702 64.17427621453788
26.517001988 64.46653010171369
26.519246513 64.51586035767038
26.521205059 64.62643389719223
26.522326132 64.62857220895549
26.523137536 64.64135103476323
26.527137764 64.6882124959552
26.527768796 64.68821249595521
26.537088696 64.71632293602931
26.539741055 64.73213556737613
28.7797679 64.77519777860041
28.779812018 64.77836492176561
28.779846651 64.93978433780845
28.779906451 65.48427128201052
28.779965747 65.5955406989661
28.780337423 65.8252719013786
28.780691971 65.88779458614191
28.782191405 65.93712484209858
28.782852307 65.9371248420986
28.784155733 66.04769838162044
28.784810055 66.04769838162045
28.785258892999998 66.0498366933837
28.786066151 66.06261551919145
28.790578750999998 66.10947698038342
28.799704499 66.13758742045752
28.842643779 66.13758742045754
31.019213747 66.18064963168182
31.019255186 66.18381677484703
31.019290138 66.34523619088985
31.019348074 66.88972313509194
31.01940788 67.00099255204753
31.019779055 67.23072375446003
31.020142739 67.29324643922334
31.021590728 67.34257669518001
31.023521264 67.45315023470187
31.029791083 67.51492883346485
31.04245502 67.51664392521104
31.215961694 67.51664392521106
33.171161562 67.55970613643535
33.171207772 67.56287327960055
33.171230934 67.72429269564338
33.171289049 67.75918547692325
33.171312485 67.78086123307678
33.171358561 68.38004905680107
33.171417474 68.67230294397687
33.173487534 68.72163319993356
33.174486914 68.83220673945542
33.183358309 68.8565111627368
35.404304436 68.89957337396109
35.404345722 68.90274051712629
35.404369545 69.06415993316912
35.404428094 69.60864687737121
35.404491678 69.7199162943268
35.404553757 70.0121701815026
35.406602833 70.06150043745929
35.407557094 70.17207397698114
35.416227937 70.19637840026252
37.511028961 70.2394406114868
37.511077367 70.242607754652
37.511101538 70.40402717069483
37.511159589 70.4389199519747
37.511184287 70.46059570812822
37.511220748 71.0597835318525
37.511287796 71.3520374190283
37.513305443 71.401367674985
37.514592497 71.50377615402383
39.511204026 71.5468383652481
39.511244669 71.5500055084133
39.511319344 71.74631770573602
39.511343403 71.76799346188955
39.511377409 72.36718128561381
39.511424097 72.65943517278961
39.513361677 72.7087654287463
39.515746633 72.71292858522195
39.51992478 72.7458645479538
39.522934296 72.77320473354472
39.523551803 72.77320473354473
39.526137375 72.7736703629599
39.538256558 72.77367036295992
41.402047909 72.8167325741842
41.402096122 72.8198997173494
41.402119233 72.98131913339223
41.402176195 73.0162119146721
41.402199229 73.03788767082563
41.402232625 73.63707549454992
41.402278418 73.92932938172572
41.404188583 73.97865963768241
41.40633797 73.98282279415805
41.410295861 74.01575875688991
41.413225385 74.04309894248084
43.242098772 74.0861611537051
43.242150719 74.08932829687032
43.242223705 74.79523465711523
43.242287056 74.90650407407082
43.242648751 75.13623527648332
43.244905427 75.23521152681822
43.24635302 75.25225137367896
43.250247715 75.2851873364108
43.250835061 75.28518733641081
43.915519976 75.28518733641083
45.028475827 75.32824954763511
45.028521259 75.33141669080031
45.028590103 75.52772888812301
45.028613217 75.54940464427654
45.028639319 75.80854191267947
45.028662112 76.14859246800081
45.029012785 76.37832367041331
45.031181521 76.47729992074822
45.032584148 76.49433976760895
45.062067549 76.52727573034079
45.07179234 76.5272757303408
46.752600527 76.57033794156509
46.752642001 76.57350508473029
46.752708749 77.27941144497521
46.75276717 77.39068086193079
46.753087854 77.62041206434328
46.755198713 77.7193883146782
46.756592409 77.73642816153894
47.870031562 77.73642816153895
48.268329346 77.73642816153897
48.396406162 77.77949037276323
48.396439772 77.78265751592843
48.396512058 77.97896971325113
48.396536774 78.00064546940466
48.396559246 78.2597827378076
48.396581332 78.59983329312894
48.396907195 78.82956449554143
48.399044232 78.92854074587635
48.491956212 78.92854074587636
49.937805302 78.92854074587638
50.005804958 78.97160295710064
50.00583759 78.97477010026584
50.005906475 79.68067646051077
50.005965655 79.79194587746635
50.006313308 80.02167707987887
50.010293986 80.05485964666588
50.034819848 80.09824270535066
50.041349169 80.09824270535067
51.537744191 80.14130491657495
51.537783812 80.14447205974015
51.537845452 80.34078425706285
51.537869369 80.36246001321638
51.53789106 80.62159728161932
51.537914158 80.96164783694067
51.538230729 81.19137903935315
51.541610511 81.22456160614017
52.699099707 81.22456160614018
53.024440942 81.26762381736445
53.024475149 81.27079096052967
53.024531029 81.46710315785236
53.024553842 81.48877891400588
53.024575714 81.74791618240882
53.024597243 82.08796673773017
53.024938616 82.31769794014265
53.028052218 82.35088050692967
53.445829642 82.35088050692968
54.46376601 82.39394271815397
54.463855438 82.59342205864186
54.463880288 82.61509781479539
54.463902404 82.87423508319831
54.463924373 83.21428563851966
54.464268592 83.44401684093216
55.032891905 83.44401684093218
55.897727498 83.56558717919015
55.898240074 83.75274597387622
55.899867659 84.03589426969276
55.903940882 84.22875676681033
55.904476539 84.22875676681035
55.909913597 84.27888537227825
55.910033297 84.32027032191327
55.910191711 84.39846462581649
56.011746208 84.3984646258165
57.264337846 84.5200349640745
57.264712441 84.70719375876055
57.266433996 84.77783812851158
57.267096859 84.79869693925099
57.268101862 84.80129072303214
57.269279078 85.18320455169469
57.27992986 85.29109049442673
58.580188327 85.41266083268471
58.580562658 85.59981962737079
58.582090201 85.8272000836935
58.582161506 85.87271670580168
58.58478939 86.0758304203049
58.585290647 86.07583042030491
58.597924477 86.12595902577283
58.601520523 86.14560268491918
58.601679881 86.16734397540785
59.851704329 86.28891431366581
59.851926258 86.44019824286285
59.85362646 86.5467174781029
59.854120281 86.5675762888423
59.856232934 86.952083901286
59.87009805 87.00189759853464
59.893974315 87.00189759853465
60.802719233 87.00189759853467
61.080304195 87.12346793679265
61.080500656 87.27475186598969
61.083810365 87.38127110122974
61.08563815 87.78663752441284
61.098525529 87.83353466135186
61.902102001 87.83353466135188
62.264527523 87.95510499960984
62.264722237 88.10638892880688
62.2663309 88.21290816404694
62.268813878 88.61827458723005
62.474036975 88.61827458723006
63.416004293 88.73984492548804
63.416180242 88.89112885468508
63.417747835 88.99764808992514
63.418700632 89.01850690066453
63.420359661 89.14346736494359
63.421623958 89.18215266729229
63.421694266 89.31157908375795
63.423181449 89.33360158705986
63.428064012 89.38969929675916
63.437878953 89.40301451310823
64.272496123 89.40301451310825
64.520993972 89.52458485136621
64.52151223 89.52458485136623
64.521637529 89.67586878056325
64.522774895 89.78238801580332
64.525228547 89.92820729082177
64.526346797 89.96689259317046
64.52642808 90.09631900963613
64.527889857 90.11834151293804
64.532605983 90.17443922263735
64.812136083 90.17443922263736
65.578347961 90.29600956089533
65.57855305 90.44729349009236
65.580062707 90.55381272533243
65.583528566 90.73831730269958
65.583601678 90.86774371916525
65.585009104 90.88976622246716
65.708466839 90.88976622246717
66.594119017 91.01133656072514
66.594314904 91.16262048992218
66.597478609 91.26913972516225
66.600786763 91.45364430252938
66.600853762 91.58307071899506
66.601227174 91.58307071899507
66.895757974 91.58307071899509
67.58621514 91.70464105725306
67.586843411 91.85592498645009
67.587901664 91.96244422169016
67.591294322 92.1469487990573
67.591375653 92.27637521552296
67.618887891 92.27637521552298
67.721710564 92.27637521552299
68.529412225 92.54922948297799
68.530806157 92.65574871821805
68.537997225 92.79909459197692
68.538582861 92.84707438148361
68.543427339 92.96374881616566
68.634721061 92.96374881616568
68.67075862 92.96374881616569
69.427375071 93.23660308362071
69.429975911 93.293648215769
69.433801059 93.31815347066535
69.434199501 93.31815347066538
69.436453191 93.46835739462028
69.436707991 93.53444798212632
69.442639379 93.54541980076714
69.999445936 93.54541980076715
70.298404003 93.81827406822215
70.300965766 93.87531920037044
70.305122898 93.89982445526681
70.305469319 93.89982445526682
70.30806871 94.05002837922173
70.314360131 94.09382037805108
70.343268895 94.09382037805109
70.574180812 94.0938203780511
71.129081219 94.36667464550611
71.135239233 94.44822503255075
71.13562548 94.44822503255077
71.137384343 94.59842895650569
71.15388183 94.5984289565057
71.362537402 94.59842895650571
71.926036885 94.87128322396072
71.932246856 94.95283361100537
71.94067872 95.07384282920931
71.941607493 95.10303753496031
72.10836408 95.10303753496032
72.679432259 95.37589180241531
72.685844485 95.42509735236277
72.688674684 95.44624044668811
72.848092612 95.44624044668812
73.403861233 95.48229692526606
73.403923305 95.51902292067477
73.4050771 95.56358681091791
73.405615039 95.64585967173477
73.40621816 95.67965439895055
73.410061195 95.76830026409058
73.438363034 95.7683002640906
73.760244378 95.76830026409061
74.103538658 95.80435674266855
74.103583489 95.84108273807726
74.104692624 95.8856466283204
74.105211437 95.96791948913727
74.105799167 96.00171421635307
74.768369261 96.03777069493101
74.768418484 96.07449669033973
74.769481019 96.11906058058285
74.769967749 96.20133344139971
74.774744546 96.2220678607817
74.838662852 96.22206786078172
75.414889802 96.25812433935965
75.414938607 96.29485033476837
75.415994283 96.33941422501152
75.418868333 96.37031824135875
75.420352295 96.37989005808734
75.423730126 96.41621696310133
75.703138368 96.41621696310135
75.827291776 96.41621696310136
76.026401686 96.4522734416793
76.026445761 96.48899943708801
76.027463784 96.53356332733114
76.030245362 96.56446734367839
76.0316765 96.57403916040701
76.612423976 96.61009563898492
76.612482179 96.64682163439363
76.61360604 96.6599338863686
76.616201973 96.7208818221019
76.617120004 96.7697212437256
76.62896055 96.76972124372561
76.706847602 96.76972124372563
76.88249726 96.76972124372564
77.166267021 96.80577772230356
77.166317655 96.84250371771228
77.167353818 96.85561596968725
77.169837683 96.91656390542055
77.181036519 96.91656390542056
77.276704652 96.91656390542057
77.530047729 96.91656390542059
77.695777666 96.95262038399851
77.696808498 97.0024586313822
77.697072924 97.00245863138221
77.69904987 97.00675169493282
77.69976993 97.05848015803853
77.709972977 97.05848015803855
77.802114298 97.05848015803856
78.200639545 97.09453663661651
78.200975996 97.09453663661652
78.202029495 97.1443748840002
78.204177384 97.14866794755082
78.205068301 97.16378397783464
78.207120189 97.19043787546906
78.207929797 97.20032971514681
78.233869584 97.20032971514682
78.674942006 97.23638619372475
78.67527464 97.23638619372477
78.676311409 97.28622444110844
78.678317188 97.29051750465906
78.680669459 97.29525432243044
78.680874367 97.29525432243045
78.680913483 97.3322874325773
78.922408748 97.33228743257732
78.993921583 97.33228743257733
79.123278024 97.36834391115526
79.124553938 97.41818215853893
79.12651551 97.42247522208955
79.127235319 97.43759125237337
79.140120535 97.4375912523734
79.467046618 97.43759125237341
79.543855205 97.47364773095133
79.545140347 97.52348597833502
79.547031394 97.52777904188562
79.549316169 97.53251585965701
79.605815661 97.53251585965702
79.71031437 97.53251585965704
79.869522351 97.53251585965705
79.943750346 97.568572338235
79.944863982 97.61841058561869
80.320722415 97.65446706419664
80.321845138 97.75917977378272
80.480588051 97.75917977378273
80.66366248 97.79232504171813
80.663927674 97.79523625236067
80.666753626 97.81261076432337
80.666873199 97.81303246158978
80.667259967 97.83639742861742
80.98992886 97.86954269655281
80.990184898 97.87245390719536
80.992782166 97.88982841915805
80.992879759 97.89025011642448
80.993759822 97.89976648114533
80.995138575 97.89976648114535
81.295876379 97.9358229597233
81.298988636 97.953197471686
81.299103563 97.95361916895241
81.300514986 97.95907192049006
81.335906583 97.95907192049008
81.358984213 97.95907192049009
81.586625048 97.99221718842547
81.586867927 97.99512839906801
81.589360865 98.01250291103071
81.589447614 98.01292460829713
81.600928893 98.01292460829714
81.859432487 98.04606987623255
81.859671366 98.04898108687507
81.886072412 98.04898108687509
81.957168011 98.0489810868751
82.115568146 98.0821263548105
82.117302965 98.08332247608276
82.355321454 98.11646774401818
82.57985566 98.12881005664487
82.580254576 98.13330835850938
82.593444221 98.1333083585094
82.790465145 98.14565067113608
82.79090444 98.15414778054874
82.87627004 98.15414778054875
82.98589087 98.15574774744525
82.987591755 98.16649009317544
83.067868291 98.16649009317545
83.167639392 98.16809006007195
83.249333332 98.16809006007196
83.252656028 98.16809006007198
83.492838447 98.2410938177484
83.510802147 98.24109381774842
83.552060634 98.24109381774844
83.77267787 98.2913405360783
83.782789002 98.29134053607831
83.893739828 98.31137272918812
83.894967631 98.33644864425465
83.95876139800001 98.33644864425466
