0.000361353 56.02855754058958
0.00053122 56.14584549441886
0.000652545 56.24370277290668
0.000680051 56.468572164768084
0.001346839 56.53206544741102
0.009135735 56.55313201045161
0.009899382 56.63271529592826
0.010127363 56.740149499367725
0.010370349 56.752737796388764
0.012906692 56.76884258366329
0.01371107 56.88958914865194
0.021073208 56.94012280360928
0.078924322 57.4155014613953
0.079020904 57.53278941522458
0.079117403 57.630646693712414
0.079141432 57.855516085573804
0.079670186 57.91900936821674
0.085795869 57.94007593125735
0.08648079 57.95558000766112
0.086560149 58.127093420173445
0.086759432 58.139681717194485
0.088749654 58.15578650446903
0.089359424 58.27653306945768
0.095272577 58.32706672441501
0.275223161 58.32847980566097
0.336042101 58.332921956099376
0.396191387 58.33872083821344
0.456538928 58.338720838213455
0.638363039 58.343156943384635
0.875338306 58.34658464594721
1.111403801 58.35918772353529
1.346753299 58.37797761637834
1.405553853 58.37797761637835
1.4662015400000001 58.400223067623664
1.587494817 58.40301601695048
1.645943762 58.40715811808696
1.704317785 58.407158118086976
1.7657767 58.43450092785445
1.8252733810000001 58.434500927854465
2.007269273 58.447089224875505
2.067910109 58.44708922487552
2.36597483 58.45301651804812
2.425253175 58.45301651804814
2.483432005 58.46863753526278
2.541894667 58.46863753526279
2.598577929 58.49740819529527
2.719890931 58.50636046198614
2.837735129 58.583940577138684
2.896657091 58.5839405771387
2.957532188 58.61468321091731
3.0618169 59.22966070580497
3.062014672 59.44480593812208
3.062041512 59.66967532998347
3.068272143 59.713123983162895
3.069085538 59.83381846114366
3.06926806 59.94125266458311
3.069463083 59.95384096160415
3.077179834 60.032903219893505
3.077541726 60.14122596882468
4.229493778 60.15017823551555
4.693620445 60.17196860260329
5.384170675 60.258500984446705
5.49855826 60.25850098444672
5.941615861 60.92401213429171
5.9418272 61.13915736660882
5.941856892 61.364026758470224
5.948101862 61.40747541164965
5.948890814 61.5281698896304
5.949078199 61.635604093069865
5.949278404 61.64819239009089
5.960132375 61.8157863761327
7.447208968 61.81578637613271
8.75393219 62.598572541599744
8.754052433 62.71586049542902
8.754157471 62.813717773916856
8.760296222000001 63.082035818957685
8.761084753 63.202730296938434
8.76126406 63.3101645003779
8.761463498 63.32275279739893
11.479790223 64.10553896286595
11.479993954 64.32068419518306
11.486040646 64.58900224022389
11.486811135 64.70969671820465
11.486991325 64.81713092164411
12.871211035 64.81713092164412
14.151832373 65.59991708711114
14.152057892 65.81506231942825
14.158101165 66.08338036446908
14.16200687 66.10603242259266
14.162364682 66.25498573441317
14.177024383 66.2772311856585
14.189664339 66.2800241349853
14.293626609 66.28002413498531
16.743962041 67.06281030045234
16.744081375 67.18009825428162
16.744185973 67.27795553276945
16.750011507 67.54627357781027
16.752908705 67.63422605713896
16.753636302 67.63422605713897
16.759594715 67.67862216958949
16.765707345 67.68648597732323
16.766417013999998 67.68648597732324
16.768556201 67.74012439899968
18.18642658 67.7401243989997
19.284015524 68.52291056446674
19.28424267 68.73805579678384
19.290116476 69.00637384182467
19.299542292 69.13872243360387
19.30560244 69.14658624133763
19.309373924 69.14658624133764
21.749960942 69.92937240680467
21.750076034 70.04666036063395
21.751845248 70.14451763912179
21.757315729 70.4128356841626
21.760090364 70.5007881634913
21.767222672 70.5451842759418
21.773114666 70.55304808367556
23.547735253 70.55304808367558
24.153278676 71.33583424914261
24.153499221 71.5509794814597
24.159276052 71.81929752650053
24.16284224 71.84194958462412
24.168601601 71.86180057821548
24.181025068 71.89014105375516
24.185755354 71.93422981744537
26.488532385 72.7170159829124
26.488744851 72.9321612152295
26.497808404 73.22313131839391
26.503467729 73.24298231198527
26.515085281 73.27132278752497
28.753177346 74.054108952992
28.753392849 74.26925418530911
28.764537414 74.37731674753111
28.765846823 74.40591666952676
28.767975731 74.58007528206488
29.9468647 74.5800752820649
31.013339763 75.36286144753193
31.013541254 75.57800667984903
31.022198562 75.86897678301344
31.047496985 75.88229328938453
33.227623607 76.66507945485156
33.22809896 76.82508729329024
33.228521174 76.88022468716868
33.23683269 77.17119479033308
34.03680818 77.17119479033309
35.383650783 77.9539809558001
35.384140746 78.11398879423878
35.38883772 78.12694194212294
35.389052216 78.14732109613574
35.394808015 78.30578867233486
35.727916389 78.30578867233487
37.379836537 79.08857483780189
37.38033077 79.24858267624056
37.384939198 79.26153582412472
37.385148287 79.28191497813752
37.390982556 79.31219016207025
37.395166434 79.35016944900944
37.396187656 79.41291894368734
37.512962966 79.41291894368736
39.315004327 80.19570510915439
39.315436079 80.35571294759306
39.320106056 80.38904524949001
39.329864286 80.45729972036195
39.352524078 80.52004921503985
41.172284437 81.30283538050688
41.172715637 81.46284321894555
41.177287762 81.4961755208425
41.182827584 81.52645070477524
41.186842488 81.56442999171442
41.29664129 81.56442999171443
42.984590264 82.34721615718146
42.985030507 82.50722399562014
42.989519633 82.5405562975171
43.010658102 82.57083148144982
43.03005647 82.57083148144983
44.082017669 82.57083148144984
44.744507461 83.35361764691686
44.744952409 83.51362548535553
44.749474911 83.54695778725248
44.88856017 83.54695778725251
46.439915844 84.32974395271954
46.440345979 84.48975179115821
46.769360037 84.48975179115823
48.089566752 85.27253795662524
48.094186328 85.29723938510598
48.097892577 85.33644947451727
48.112290273 85.39267799669155
48.116724871 85.39267799669156
49.672799702 86.17546416215858
49.922133478 86.1754641621586
51.205553199 86.23551210274155
51.205620742 86.2845654488898
51.206152854 86.4239437368418
51.206242397 86.64711987930173
51.20704638 86.73266068305918
51.207567225 86.74620795967056
51.20950151 86.76127952276303
51.209836865 86.89714494285872
51.227635272 86.95648043690665
52.685571904 87.06558172363786
52.686141128 87.20496001158988
52.686233897 87.4281361540498
52.68703924 87.51367695780722
52.689465207 87.54229579751107
52.689725357 87.6997487258139
52.776715282 87.69974872581392
54.123690181 88.14029272177189
54.123931357 88.17208939781119
54.131304033 88.19058926179522
54.131573488 88.35757051581243
54.147420438 88.4124986558385
54.176451723 88.41249865583853
55.529309619 88.8530426517965
55.529572261 88.8848393278358
55.536815604 88.90333919181984
55.537267366 88.90333919181985
55.543781587 89.0314917166477
56.084942608 89.03149171664771
56.875172978 89.03792972815371
56.875367277 89.1405930033789
56.875932349 89.50314743379083
56.876494869 89.50314743379086
56.882399493 89.52233225262903
56.917260028 89.52233225262904
57.178421521 89.52233225262906
58.185905299 89.52877026413506
58.186140803 89.582380193212
58.188067243 89.63143353936024
58.188508725 89.90263855003352
58.188803905 89.96287624858701
58.192675096 89.97678505399136
58.194161666 90.01317278861038
59.457192146 90.45371678456834
59.457435644 90.48551346060765
59.567170398 90.48551346060768
60.689549216 90.59461474733885
60.69033166 90.65440092935663
60.690373426 90.7244472667021
60.693304093 90.750368627309
60.694868017 90.78934084118865
60.696316841 90.90486215108243
60.69653957 90.95716917775081
61.864955085 91.04970404064667
61.865408479 91.0497040406467
61.865948701 91.06627046448202
61.866534563 91.12605664649979
61.866583842 91.19610298384524
61.869411901 91.22202434445217
61.87093449 91.37884775769274
61.880050913 91.38674235854137
61.882075209999996 91.42115936862484
63.002645665 91.47729240703998
63.002857576 91.5136942315207
63.003683045 91.53569949022719
63.00435079 91.59004683737382
63.00440267 91.66009317471926
63.007110854 91.6860145353262
63.008625608 91.72498674920584
63.009958955 91.84050805909959
63.010152763 91.85613287282212
63.562474031 91.85613287282214
64.11875799 91.948667735718
64.119566763 91.97067299442446
64.120175079 92.07266726937215
64.120635344 92.09506667891654
64.122902476 92.12098803952347
64.124317318 92.27781145276404
64.133068456 92.28570605361267
65.164986325 92.34183909202781
65.16522786 92.35248352829234
65.165601333 92.37824091650853
65.166028099 92.40024617521502
65.166680676 92.45459352236165
65.166725348 92.5246398597071
65.171085393 92.54938195043
65.173242967 92.70738463355458
65.293325525 92.7073846335546
66.182742952 92.73950351055949
66.182839292 92.81648592028579
66.183543035 92.87627210230356
66.1838723 92.9239190301046
66.183955917 92.946318439649
66.188477093 92.95157719051856
66.188506232 92.95458817462675
66.191429884 92.97849258440691
66.195386874 93.02378498378037
66.196296772 93.05155185722698
66.197239606 93.07863879211139
66.20065627 93.08429005270303
66.694047479 93.08429005270304
67.162300327 93.09072806420903
67.162469826 93.19339133943421
67.163179552 93.19883017430536
67.163537188 93.19883017430537
67.163757343 93.30082444925304
67.165790082 93.33753871624572
67.177312882 93.41686642076164
67.179202305 93.42845727637544
67.609567228 93.42845727637545
67.9022007 93.42845727637547
68.104981378 93.43489528788146
68.1051967 93.48850521695837
68.105231465 93.53755856310664
68.105721606 93.64499167292544
68.107785568 93.6457937973023
68.109555598 93.6657886081428
68.109876619 93.66578860814282
68.110757922 93.67566081744758
68.119372634 93.68170593991812
68.121167326 93.76103364443404
68.192526805 93.76103364443405
68.517101258 93.76103364443406
68.890036719 93.76103364443408
69.001472292 93.85356850732992
69.002230018 93.87557376603638
69.002550368 93.8755737660364
69.002758008 93.9775680409841
69.004590144 93.97837016536093
69.006179922 93.99836497620143
69.006477339 93.99836497620144
69.007313432 94.0082371855062
69.015713714 94.01428230797677
69.861417185 94.0704153463919
69.861651689 94.0810597826564
69.861989798 94.10681717087262
69.862416821 94.12882242957907
69.862733735 94.12882242957909
69.863037444 94.1831697767257
69.863322193 94.23081670452677
69.867529271 94.2614858490489
69.950291924 94.26148584904891
70.203309094 94.26148584904894
70.684850476 94.26792386055493
70.685074875 94.32153378963187
70.685659657 94.37602597065126
70.68616895 94.47802024559894
70.689367945 94.4988171808163
70.737306704 94.49881718081632
71.381574011 94.49881718081633
71.472187025 94.55886512139926
71.472739082 94.66770464956528
71.473021627 94.71535157736632
71.484216322 94.71615370174317
71.490755007 94.71615370174318
71.86379917 94.7161537017432
72.179821577 94.71615370174321
72.227392997 94.77620164232613
72.227924525 94.88504117049214
72.228190562 94.93268809829321
72.446359509 94.93268809829324
72.953924013 94.99371523357028
72.953995185 95.0252229611891
72.955188995 95.10157556704219
72.962805769 95.13381330626687
73.238308488 95.1338133062669
73.651605379 95.18994634468201
73.651832361 95.22634816916273
73.653038905 95.30270077501582
73.656710616 95.50967868358858
73.670569421 95.5096786835886
73.755107104 95.50967868358863
74.316674248 95.56581172200374
74.316883434 95.57645615826827
74.319996111 95.67856615233758
74.330090634 95.68523861758221
74.380709205 95.68523861758224
74.650222285 95.68523861758227
74.955443844 95.75201609226188
74.956547414 95.85412608633119
75.209011326 95.85412608633122
75.561891302 95.91025912474633
75.562974652 95.93951614540602
75.563306125 95.94284858530223
75.563759051 95.95539465999393
75.56415915 96.00744745608056
75.567707748 96.04864786224691
75.572864588 96.12998385268112
75.607831641 96.12998385268115
76.009708284 96.12998385268118
76.139873164 96.18611689109629
76.14091412 96.21537391175598
76.141226245 96.21870635165219
76.141658686 96.23125242634387
76.142044796 96.28330522243051
76.148096611 96.28938004148598
76.159353979 96.28938004148601
76.359030129 96.28938004148604
76.690664179 96.34551307990118
76.69141274 96.37477010056087
76.691440685 96.4023954381244
76.692536259 96.4427014112354
76.711118783 96.44270141123542
76.839640993 96.44270141123543
77.214035631 96.49883444965057
77.215486103 96.54396998489813
77.217764816 96.55205258862493
77.21796375 96.55205258862495
77.218132151 96.55571680787382
77.21821441 96.57270155643688
77.399742222 96.5727015564369
77.666624463 96.57270155643691
77.710721871 96.628834594852
77.71234269199999 96.67397013009959
77.71516581 96.68408078022547
77.77715112 96.68408078022549
77.919739605 96.6840807802255
78.053123654 96.68408078022551
78.187533908 96.74021381864063
78.18911696 96.78534935388821
78.192229989 96.79343195761501
78.200979561 96.79343195761503
78.34578207 96.79343195761504
78.638827254 96.84956499603017
78.640139864 96.89470053127772
78.642149595 96.96315405329209
78.642412751 96.9631540532921
78.668616515 96.96315405329212
78.788897174 96.96315405329213
79.070009156 97.01928709170727
79.071281887 97.06442262695485
79.482723077 97.12055566537
79.485027865 97.1563970081657
79.487715913 97.16361605038111
79.788181493 97.16361605038112
79.868865267 97.21974908879622
79.869790296 97.25559043159194
79.877200794 97.25559043159195
79.898110888 97.25559043159197
80.161200656 97.25559043159198
80.216625888 97.31172347000708
80.221479902 97.34028102475311
80.228058544 97.34028102475312
80.248264656 97.34028102475314
80.544090838 97.39641406316828
80.853334766 97.67477621247333
80.853648984 97.73425385802148
81.146313554 97.74603269873819
81.149914986 97.78432678290415
81.170445744 97.78432678290417
81.420611243 97.79610562362086
81.424191637 97.95703268601734
81.434743631 97.95703268601736
81.677572599 97.96881152673406
81.681419897 97.99145868817298
81.830933083 97.991458688173
81.920077502 98.0032375288897
82.146252714 98.08638874853774
82.172262723 98.08638874853776
82.356800899 98.27982647955069
82.365179884 98.27982647955072
82.554691656 98.34952894348693
82.911184724 98.43984041052056
83.008033807 98.43984041052057
83.068309444 98.5532404342023
83.212779374 98.57867113145936
83.346616075 98.64315955776738
83.784267254 98.67685897288479
83.870549852 98.80359518462397
83.88209019 98.80359518462399
