0.000363481 47.87526841607166
0.000565283 48.41874345796707
0.0021554 48.4984590492597
0.002947582 48.609824551904865
0.003776457 48.63854549571208
0.011430646 48.909325980341514
0.029891391 48.918082607642305
0.057214939 49.05340815420138
0.079390984 49.340191836788534
0.079513459 49.88366687868393
0.080777248 49.963382469976565
0.081405642 50.07474797262173
0.082063155 50.103468916428945
0.089928908 50.310494923372424
0.091820669 50.369919674684866
0.100806873 50.37424940105838
0.102651724 50.383006028359176
0.124251652 50.51833157491826
0.244587469 50.51968115121397
0.366426355 50.52416271638184
0.546983896 50.524162716381845
0.606982275 50.52863249157545
0.66713817 50.52863249157546
0.728294859 50.548171940550446
0.84813759 50.54817194055045
1.325844247 50.61909630180718
1.384566465 50.61909630180719
1.5665299 50.62236960257633
1.62613403 50.62236960257634
1.6877872630000001 50.623009890724106
1.750094603 50.62300989072411
1.8108849139999998 50.62300989072412
1.93279353 50.64752885198942
1.995221825 50.67351260304841
2.056039968 50.67351260304842
2.116279273 50.677911773531626
2.176667139 50.67791177353164
2.235522321 50.705346368106355
2.294826078 50.70534636810636
2.353819224 50.726404514819826
2.414008268 50.72640451481983
2.472611202 50.764771119418796
2.531422047 50.7647711194188
2.712332531 50.769100845792316
2.832086875 50.76910084579232
2.950869582 50.77785747309311
3.010511661 50.777857473093114
3.088029486 51.31541042655434
3.088176387 51.85888546844974
3.089527428 51.93860105974237
3.090790896 52.07868750619475
3.098010992 52.28571351313823
3.099840748 52.34513826445067
3.108590109 52.34946799082418
3.13096823 52.49355016468405
3.590214014 52.49355016468406
5.95089418 53.170855565631626
5.951030609 53.71433060752703
5.952277286 53.794046198819665
5.953498156 53.93413264527204
5.959196179 54.20491312990148
6.072029638 54.204913129901485
6.297271036 54.20924285627499
6.914301043 54.209242856275
8.748588608 54.88654825722258
8.749031613 55.34970748584064
8.749583456 55.43002329911798
8.750071906 55.50973889041061
8.752066623 55.64982533686298
8.758385493 55.85685134380646
8.799744367 55.92060582149242
11.485237643 56.60224094881351
11.485383075 57.145715990708915
11.488290427 57.22543158200154
11.489448636 57.36551802845392
11.496285759 57.5725440353974
14.150853766000001 58.254179162718486
14.150999823 58.797654204613885
14.152236949 58.87736979590652
14.153430047 59.0174562423589
14.160395154 59.03349550070787
14.16047428 59.047768372771465
14.162357022 59.138232183003204
14.162589316 59.19264848424443
14.214705942 59.19264848424444
16.746230683 59.874283611565524
16.746689379 60.33744284018359
16.747643286 60.497474244753555
16.748412026 60.49747424475356
16.753548029 60.5003395874951
16.755631789 60.65359994955492
16.755711802 60.667872821618516
19.272785147 61.34950794893961
19.27322722 61.812667177557664
19.274166027 61.97269858212764
19.280004327 61.97556392486917
19.282725211 62.01284700498672
19.290971825 62.122026449866844
19.291668724 62.12202644986685
19.782164803 62.12202644986686
21.744626837 62.80366157718794
21.745033312 63.266820805806006
21.747449362 63.42685221037598
21.753101366 63.42971755311751
21.755843648 63.46700063323506
21.768166029 63.538564831600766
21.768208068 63.54675332098857
21.768892831 63.54675332098858
21.771295787 63.57162436600673
21.79322192 63.576180078115186
21.812672977 63.57618007811519
24.191741862 64.25781520543629
24.19216445 64.72097443405436
24.193032772 64.88100583862432
24.198702317 64.88387118136586
24.201354382 64.92115426148341
24.213915038 64.99271845984912
24.213967583 65.00090694923692
24.216929127 65.02577799425507
26.532455638 65.70741312157615
26.532899269 66.17057235019422
26.533789272 66.3306037547642
26.539330906 66.33346909750573
26.54192251 66.37075217762327
26.553458057 66.44231637598898
26.553510425 66.45050486537679
26.556550266 66.47175313879865
28.842456802 67.15338826611973
28.842868692 67.61654749473782
28.843724106 67.77657889930778
28.849092587 67.77944424204931
28.851635891 67.81672732216684
28.852253794 67.81672732216686
28.863080984 67.89648000992038
31.107370744 68.57811513724145
31.107781058 69.04127436585951
31.108446169 69.04127436585952
31.108624152 69.2013057704295
31.113932559 69.20417111317103
31.116403469 69.24145419328856
31.117011367 69.24145419328858
31.128188595 69.32120688104209
33.282927829 70.00284200836317
33.283351163 70.46600123698123
33.284161421 70.62603264155119
33.289436254 70.62889798429273
33.291870122 70.66618106441027
33.309737556 70.66618106441028
33.309942835 70.72410107007384
33.474264204 70.72410107007387
35.362888519 71.40573619739496
35.364086027 72.02892683058298
35.369263711 72.03179217332452
35.375756461 72.03218440388527
35.38795643 72.03218440388528
36.941204032 72.0321844038853
37.365166606 72.71381953120637
37.366427324 73.3370101643944
37.367159912 73.33701016439441
37.371503088 73.33987550713594
37.378464863 73.3402677376967
39.286740156 73.34026773769672
39.303824715 74.02190286501781
39.304958455 74.64509349820582
39.305659042 74.64509349820584
39.309907919 74.64795884094738
40.163677204 74.6479588409474
41.170282181 75.32959396826847
41.171409627 75.9527846014565
41.326039662 75.95278460145651
42.988493277 76.02557906217056
42.988579277 76.3564564902823
42.988776291 76.35876710622479
42.989039658 76.39633661087763
42.989142072 76.57844816205969
42.989191529 76.63441972877759
42.990802401 76.97194817846564
42.990852381 77.06292372252526
42.991510825 77.06292372252527
42.999415010999996 77.0828485993278
43.021123447 77.25761036196565
44.738471316 77.3304048226797
44.738575939 77.53120012054568
44.73860037 77.73076327597119
44.739129401 77.88327392256882
44.740473042 78.27677393897477
44.740542841 78.36774948303439
44.878052781 78.3677494830344
46.057668462 78.36774948303442
46.43595795 78.44054394374848
46.436056522 78.64133924161443
46.437907516 78.84090239703995
46.438433185 78.99341304363757
46.439921155 79.18108573825438
46.442428641 79.19310931556983
46.443211134 79.22729675707622
46.443320081 79.42519969702866
46.448957015 79.47788860410314
46.535670798 79.47788860410316
46.539921936 79.47788860410317
46.803525617 79.47788860410319
48.0826044 79.55068306481722
48.082700955 79.7514783626832
48.082725783 79.95104151810871
48.083276809 80.10355216470633
48.084734938 80.29122485932315
48.087856162 80.33743587814499
48.087969182 80.53533881809742
48.100363776 80.54551537619102
48.229014469 80.54551537619103
48.968568756 80.54551537619105
49.667589839 80.61830983690511
49.667692678 80.94918726501685
49.667732163 81.0186682901966
49.669713199 81.35885163141104
49.67278016 81.40506265023288
49.672886153 81.6029655901853
49.891214764 81.60296559018532
51.201817642 81.67576005089938
51.201899593 82.00663747901112
51.202336565 82.04651759960646
51.202550908 82.07611850419087
51.204354775 82.41630184540531
51.213797191 82.5787591508238
51.216271148 82.60572398241442
51.216792871 82.60572398241443
51.224249577 82.60599784644114
51.64281684 82.60599784644116
52.690686115 82.6787923071552
52.690752529 82.69304116226415
52.69078768 83.00966973526694
52.690822285 83.0791507604467
52.69271188 83.41933410166114
52.703110041 83.5817914070796
52.704973797 83.60875623867024
52.837250249 83.60875623867025
52.850658749 83.60875623867027
54.126971576 83.68155069938433
54.127032263 83.69579955449329
54.127066214 84.01242812749607
54.127098896 84.08190915267582
54.129371563 84.42209249389026
54.138936885 84.49272513597948
54.139089354 84.55394567290367
54.949297367 84.55394567290368
55.532993114 84.62674013361774
55.533089969 84.95761756172948
55.533128015 85.02709858690923
55.535485041 85.36728192812367
55.545005949 85.4379145702129
56.889715645 85.51070903092696
56.889805484 85.8415864590387
56.890219677 85.88146657963404
56.890426575 85.91106748421844
56.892116679 86.25125082543289
56.906157635 86.2672990250049
57.116817731 86.26729902500492
58.202287948 86.340093485719
58.202349034 86.35434234082794
58.202382307 86.67097091383073
58.202415436 86.74045193901048
58.204648919 87.08063528022493
58.218861654 87.08145626821694
58.244257058 87.08145626821695
59.477215649 87.154250728931
59.477276409 87.16849958403995
59.477310935 87.48512815704274
59.477350884 87.55460918222249
59.481121279999996 87.64516638702455
59.483314791 87.77396017504313
59.484342312 87.82375488540475
59.559550766 87.82375488540477
60.71501093 87.89654934611885
60.715094505 88.22742677423058
60.71546549 88.26730689482591
60.718840358 88.38746500421237
60.720977046 88.51625879223096
60.725193004 88.52226974355784
61.899521873 88.59506420427189
61.899593807 88.60931305938085
61.899627735 88.92594163238363
61.901879647 88.96582175297897
61.905045323 88.97188589352014
61.905113582 89.08597986236543
61.905550081 89.08597986236545
61.907146524 89.21477365038403
62.387059069 89.21477365038405
63.059152456 89.2875681110981
63.059245854 89.48836340896406
63.05950351 89.57412840127915
63.06076569 89.60034129130273
63.061588967 89.64630513321806
63.062812734 89.77848376919161
63.06326305 89.77848376919162
63.065504992 89.87015951932781
63.067219099 89.88967873312173
63.074152312 89.88967873312174
63.191315218 89.88967873312176
63.294099123 89.88967873312177
64.160988869 89.96247319383583
64.16107722 90.16326849170181
64.161125427 90.3699984313049
64.16457906 90.45338885192936
64.164997423 90.45338885192938
64.852329945 90.45338885192939
65.208377982 90.52618331264345
65.208469114 90.72697861050943
65.208718521 90.81274360282453
65.208996799 90.93370855011248
65.21424416 91.0146715225142
65.228656292 91.017098970737
66.219672419 91.08989343145105
66.21973272 91.10414228655999
66.21977577 91.29068872931703
66.22002927 91.37645372163212
66.220306112 91.49741866892009
66.225262487 91.57838164132181
66.245225996 91.57838164132183
66.812110491 91.57838164132184
67.228823642 91.65117610203588
67.228886044 91.66542495714482
67.228933354 91.85197139990186
67.228976415 92.05870133950494
67.234418232 92.1063196572333
67.244903434 92.11701796214533
67.255657722 92.11701796214534
67.274888112 92.11701796214535
68.143937708 92.11701796214537
68.176508066 92.1898124228594
68.176561023 92.20406127796835
68.176603908 92.39060772072538
68.176649123 92.59733766032846
68.181920578 92.64495597805683
68.200429559 92.64495597805684
68.777046013 92.64495597805686
69.084779105 92.71775043877089
69.084833723 92.73199929387984
69.085110698 93.00431072895195
69.085364193 93.12527567623995
69.103172575 93.12527567623997
69.343639889 93.12527567623998
69.892377489 93.12527567624
69.945644284 93.19807013695404
69.945914921 93.4846304271351
69.950856157 93.53407646364091
69.957242985 93.55327494340281
70.469416497 93.55327494340283
70.772077234 93.62606940411689
70.772389367 93.91262969429795
70.772718158 93.91262969429796
70.777156419 93.96207573080375
70.777440061 93.96207573080376
70.785080005 93.97380604719142
71.571083287 94.04660050790547
71.571379213 94.30707211576994
71.571698453 94.33316079808654
71.576310967 94.38260683459234
71.591956537 94.38260683459237
72.328131934 94.45540129530642
72.328433139 94.71587290317089
72.332876562 94.72407623087173
72.347881487 94.72407623087174
72.62201862 94.72407623087176
73.053783234 94.79687069158582
73.054078465 95.05734229945028
73.083140561 95.0573422994503
73.74819784 95.168420232624
73.750665513 95.22295524789531
73.750987823 95.22295524789533
73.751306122 95.23974282892839
73.755094651 95.3286227192503
73.76144625 95.34885317305546
73.788464006 95.34885317305547
74.221153266 95.34885317305549
74.413505675 95.45993110622919
74.415765861 95.5144661215005
74.416101799 95.51446612150052
74.416422119 95.53125370253358
74.42418796 95.54858775849485
74.4246757 95.56589906158676
74.42575503 95.56967677914501
74.451867083 95.56967677914503
74.902776924 95.56967677914504
75.059989191 95.68075471231874
75.062132283 95.73528972759006
75.062445955 95.73528972759007
75.062744636 95.75207730862313
75.070271715 95.7694113645844
75.253785944 95.76941136458441
75.676799689 95.78295098498837
75.677369504 95.83944356526503
75.677489473 95.88048929775813
75.678689325 95.93502431302944
75.680027127 95.94943061859976
75.680288937 95.94943061859978
75.683546856 95.95181189406252
76.25872562 96.06288982723623
76.258797991 96.08878779855155
76.26080543 96.11742484250755
76.26110278 96.11742484250756
76.262312021 96.13183114807786
76.262540366 96.1318311480779
76.812559351 96.24290908125161
76.812627215 96.26880705256693
76.814591813 96.29744409652294
76.815878253 96.31185040209326
76.876535197 96.31185040209327
77.33744685 96.42292833526697
77.337795366 96.44882630658229
77.341409524 96.47746335053829
77.361886033 96.4774633505383
77.365165484 96.47746335053832
77.836299025 96.58854128371203
77.836542535 96.61443925502734
77.836705802 96.63656689501536
77.838202206 96.64307629898335
78.314993525 96.75415423215708
78.315052189 96.8021798434604
78.334125461 96.80217984346041
78.772308642 96.82086259262613
78.772573449 96.95928577050186
79.204187986 96.98693599503669
79.20436232 97.06794162391823
79.208505974 97.0911210159275
79.210006966 97.09316118956474
79.216865126 97.09316118956475
79.609593507 97.12081141409956
79.611491637 97.19548283141245
79.612362317 97.2018170429811
79.612955083 97.2210525603571
79.613188604 97.28871344842464
79.615103153 97.3160596114619
79.993840241 97.34370983599672
79.994004618 97.34718934077999
79.99562898 97.41838125330959
79.996436083 97.42471546487825
79.997619183 97.44789485688753
80.343995888 97.47554508142235
80.344149169 97.55655071030388
80.346713305 97.57685745078984
80.347122951 97.66492739741017
80.672068491 97.69257762194498
80.672220779 97.77358325082652
80.976204445 97.80123347536133
80.976773058 97.80471298014461
80.978110819 97.87590489267421
80.983902227 97.87590489267423
81.269795622 97.90703462199231
81.271074921 97.91425943069342
81.272206103 97.97662589650899
81.272366064 97.976625896509
81.544493185 98.12144072923859
81.544729671 98.20102883801016
81.800429262 98.23215856732824
81.802967816 98.30174984184494
82.041179966 98.4465646745745
82.042569481 98.48673398261812
82.127825751 98.48673398261813
82.265915831 98.49511292679856
82.266913527 98.49749952637397
82.267323949 98.5002736030221
82.345725824 98.50027360302212
82.475094955 98.50865254720253
82.47619366 98.51103914677795
82.555313579 98.51103914677796
82.673014791 98.51941809095838
