0.000362854 55.828172640507155
0.000467471 57.066269106942954
0.000510988 57.289105760722904
0.000598229 57.321072736875394
0.000657971 57.34675272501752
0.001388673 57.61402955795077
0.002113476 57.657342220545374
0.002144842 58.37906373794919
0.003052374 58.419056217151905
0.009961064 58.45578852995251
0.011019549 58.455788529952514
0.020078878 58.566813236811754
0.07866948 58.706324860400414
0.078742362 58.7382918365529
0.078793811 58.76397182469502
0.079387467 59.03124865762828
0.079951207 59.074561320222884
0.07997811 59.79628283762669
0.080724652 59.83627531682941
0.086164854 59.873007629630024
0.09826512 59.98403233648926
0.156510561 59.984032336489264
0.217159407 59.98845756165477
0.217949648 59.988457561654776
0.278819803 59.994725188028326
0.279107068 59.99988633242038
0.463541014 59.99988633242039
0.520338485 60.02279605310873
0.521140813 60.022796053108735
0.64385226 60.02279605310874
0.763279309 60.051347799923434
0.764067813 60.05134779992344
0.882795877 60.08120378067518
1.003573064 60.10878423782499
1.06640303 60.13115634978001
1.123860486 60.131156349780014
1.184242715 60.151996771463516
1.185051561 60.15199677146352
1.304596536 60.15495797718886
1.427647658 60.1666189864471
1.484961679 60.166618986447105
1.5473121779999999 60.17296538755405
1.666164553 60.17452219392172
1.787830289 60.185419041686444
1.906937828 60.19415938685988
1.9077451760000002 60.19415938685989
2.149781088 60.19538972714332
2.212164518 60.19538972714333
2.3910240529999998 60.23538220634604
2.391812849 60.235382206346046
2.512251301 60.27211451914664
2.5130454589999998 60.27211451914665
2.630269706 60.272114519146655
2.7514683939999998 60.377978081613826
2.873750506 60.383139226005895
3.099786143 60.58273523407992
3.099834703 60.80557188785987
3.09991171 60.83753886401236
3.099962641 60.86321885215449
3.100584465 61.13049568508774
3.101156928 61.17380834768234
3.101186058 61.89552986508616
3.101916261 61.93552234428888
3.10789549 61.97225465708948
3.118424992 62.083279363948726
3.500965274 62.088440508340774
3.9234889969999998 62.08844050834078
4.151608647 62.08844050834079
5.969938051 62.39906122327405
5.970042867 62.548622922023476
5.970084217 62.65386485320649
5.970138898 62.67954484134862
5.970790182 62.94682167428187
5.97136904 62.99013433687647
5.971409507 62.9994752055706
5.97152158 63.39436381763428
5.971565124 63.45762873462562
5.972117765 63.48669779229344
5.9721801150000005 63.75184833348301
5.982385172 63.78858064628361
6.091415161 63.793741790675675
6.998868083 63.79374179067568
8.789158728 64.10436250560895
8.789249441 64.25392420435837
8.789290773 64.3591661355414
8.789344317 64.38484612368353
8.789979794 64.65212295661678
8.790536132 64.69543561921138
8.790576757 64.70477648790549
8.790685439 65.09966509996919
8.791270085 65.19199907462833
8.791326468 65.4571496158179
8.901430034 65.46231076020997
11.521550664 65.7780926195353
11.521650601 65.92765431828471
11.521690953 66.03289624946774
11.521743876 66.05857623760986
11.522374545 66.32585307054313
11.522915387 66.36916573313773
11.52295762 66.37850660183184
11.523067259 66.77339521389554
11.523640138 66.86572918855468
11.525915787 66.87179802746192
11.531188597 66.9767013040734
11.531300863 67.08091656508466
12.332015127 67.08091656508468
14.199477378 67.39669842440999
14.199570249 67.5462601231594
14.199596842 67.65150205434243
14.199646517 67.67718204248455
14.200248282 67.9444588754178
14.20257847 67.9946332075282
14.203063261 68.16775931804175
14.204517114 68.27530688552703
14.20886611 68.33760401057613
14.208894037 68.59530710894806
14.230782629 68.68706871582695
16.791032245 69.00285057515227
16.791139487 69.1524122739017
16.791180772 69.2576542050847
16.791234437 69.28333419322685
16.791871804 69.5506110261601
16.792405849 69.59392368875471
16.792447267 69.60326455744881
16.792554462 69.99815316951252
16.793104808 70.09048714417166
16.822030341 70.09843957552685
16.822260055 70.17160327893863
16.826869308 70.20145925969037
19.323789754 70.51724111901568
19.323881899 70.66680281776512
19.325733077 70.77204474894812
19.325784271 70.79772473709026
19.32632358 71.06500157002351
19.328496468 71.11517590213388
19.328963348 71.28830201264746
19.330324409 71.39584958013275
19.336639115 71.5159321451376
19.355403068 71.61283011939027
19.355627566 71.68599382280205
19.715477293 71.68599382280208
21.798260348 72.00177568212739
21.798356003 72.1513373808768
21.79838233 72.25657931205983
21.798432848 72.28225930020194
21.80090873 72.33456733965453
21.801218157 72.35487056697379
21.801270935 72.5997104652456
21.801731221 72.77283657575914
21.803128408 72.88038414324443
21.80936939 73.00046670824928
21.830252218 73.01666032778088
21.831498986 73.05674349925876
21.83784486 73.08941225114675
21.88701729 73.08941225114678
24.196264466 73.4051941104721
24.196360004 73.5547558092215
24.19638655 73.65999774040453
24.196435627 73.68567772854665
24.198818793 73.73798576799926
24.199181964 74.0031288935903
24.199625868 74.17625500410385
24.200997419 74.28380257158916
24.207159661 74.40388513659401
24.227860269 74.42007875612559
24.229104894 74.4601619276035
26.541510232 74.77594378692883
26.54160051 74.92550548567824
26.541638983 75.03074741686127
26.541687464 75.05642740500339
26.544016899 75.10873544445597
26.544697782 75.108735444456
26.544800785 75.54700468056059
26.546192261 75.6545522480459
28.866982456 75.97033410737122
28.867085531 76.11989580612062
28.867125632 76.22513773730365
28.867178534 76.2508177254458
28.870209923 76.30312576489838
28.870318468 76.74139500100297
28.871728992 76.74755110193463
28.872357476 76.84894256848828
31.072426722 77.31428612656303
31.07248875 77.41952805774606
31.072539546 77.44520804588818
31.075647605 77.62814159424208
31.075976745 77.67232947619591
31.076054951 77.7382146573817
31.076210305 77.87865616501911
31.081315482 77.9866049689188
31.085860744 78.00275303668515
33.219095119 78.4680965947599
33.219158924 78.57333852594292
33.219209478 78.59901851408505
33.222211646 78.78195206243895
33.222528066 78.82613994439276
33.222609235 78.89202512557856
33.222774023 79.03246663321595
33.227779091 79.14041543711565
33.232215772 79.15656350488202
35.278592202 79.62190706295674
35.278648593 79.72714899413977
35.281672406 79.93576253063578
35.281997363 79.9799504125896
35.282074214 80.0458355937754
35.282230456 80.18627710141278
35.287172265 80.29422590531249
35.287824385 80.2942259053125
35.289542537 80.29422590531252
37.272958276 80.37510191278977
37.273014045 80.4920551991205
37.273274981 80.49907651432503
37.273641653 80.75956946338727
37.273668313 80.86481139457028
37.275956554 80.90986034883406
37.275994678 80.95424360050868
37.276235106 80.99467628107212
37.276273822 81.11761281302013
37.276348412 81.18349799420591
37.276503553 81.32393950184331
37.299095335 81.39020258521326
37.310161766 81.43188830574302
39.204977188 81.51276431322027
39.205457162 81.62971759955099
39.205726937 81.63673891475553
39.20680052 81.89327779880662
39.208313132 82.04752274926456
39.208362844 82.09190600093918
39.20859784 82.13233868150262
39.208635468 82.25527521345064
39.208714533 82.32116039463644
39.208871744 82.46160190227383
39.231284368 82.52786498564377
39.717505166 82.52786498564379
41.080825067 82.60874099312103
41.080889182 82.72569427945176
41.081551688 82.72569427945177
41.08293361 82.80801299214785
41.083266027 82.8651228859831
41.083359931 82.95936422010622
41.083811446 83.14349942916532
41.083862979 83.18788268083995
41.084106903 83.22831536140339
41.084147317 83.35125189335139
41.084227313 83.41713707453718
41.084383758 83.55757858217459
41.376617227 83.5575785821746
42.909462477 83.63845458965183
42.909517119 83.75540787598257
42.910122903 83.75540787598258
42.911460203 83.83772658867866
42.911782796 83.89483648251392
42.911888982 83.95999949334556
42.913587103 84.03697767635956
42.914139876 84.03697767635957
42.917159303 84.1081410388071
42.91811039 84.17321302569614
42.920396253 84.21759627737076
42.924598469 84.24690646245854
42.929664628 84.31476235860075
42.930098491 84.41626612126512
42.934739805 84.41626612126514
42.935985342 84.44685067106799
44.022858806 84.446850671068
44.669647299 84.52772667854525
44.669700411 84.64467996487598
44.671596394 84.72699867757207
44.671921967 84.78410857140733
44.672042302 84.84927158223898
44.673481032 84.92624976525296
44.677022246 84.99741312770051
44.681354491 85.06500091077807
44.684113548 85.08165069256738
44.684373085 85.13617855135195
44.689456286 85.20403444749417
44.689858765 85.30553821015853
45.890765394 85.30553821015855
46.389362291 85.38641421763579
46.389419858 85.50336750396652
46.391356611 85.58568621666261
46.39167239 85.64279611049787
46.391824584 85.70795912132952
46.392664578 85.82334607676917
46.40092358 85.9236884498686
46.403656888 85.94033823165792
46.403925001 85.99486609044249
46.408803133 86.0627219865847
46.409677334 86.16422574924906
46.745937579 86.16422574924907
48.055325121 86.2451017567263
48.055378726 86.36205504305704
48.057235363 86.44437375575313
48.05753597 86.50148364958838
48.057663794 86.56664666042003
48.059010648 86.64362484343403
48.062371275 86.71478820588158
48.06933897 86.85355362953301
48.074218996 86.92140952567522
48.084621068 86.92140952567523
48.904459002 86.92140952567524
49.657489343 87.00228553315247
49.657542181 87.11923881948321
49.659338739 87.20155753217931
49.659643936 87.25866742601455
49.661556445 87.4008086198602
49.664320941 87.47197198230775
49.671173242 87.61073740595918
50.596922122 87.6107374059592
51.209490487 87.69161341343643
51.209542017 87.80856669976716
51.21130976 87.89088541246323
51.211621808 87.94799530629848
51.213489644 88.09013650014414
51.216248245 88.16129986259169
51.223078472 88.22724657144283
51.228442041 88.26207313049893
51.289347172 88.26207313049895
51.296594288 88.26207313049896
52.695233927 88.3429491379762
52.695293088 88.45990242430692
52.697129396 88.4660912169051
52.697378038 88.59933103083827
52.699239793 88.7414722246839
52.706039975 88.74550207026753
52.709223608 88.8785822959826
52.721069643999996 88.88499692330568
52.771699477 88.88499692330569
53.358095491 88.8849969233057
54.161501808 88.96587293078294
54.161550214 89.08282621711366
54.163330585 89.08901500971183
54.163587634 89.222254823645
54.165556711 89.33096975489228
54.1659102 89.35132851424805
54.167267977 89.36252855610245
54.172010826 89.36842586307428
54.175128357 89.50150608878934
54.288687551 89.50150608878936
55.410205619 89.50150608878937
55.566879227 89.58238209626658
55.566927189 89.69933538259731
55.56873306 89.70552417519548
55.568982261 89.83876398912865
55.571328638 89.96783767973169
55.572640778 89.97903772158608
55.57730975 89.98493502855793
55.582729396 89.99825357908597
55.583123649 89.99861299650148
55.587342664 90.00281758512979
55.58891201 90.01221481337369
55.616225043 90.0122148133737
55.697656819 90.01221481337372
56.853663133 90.01221481337373
56.943461397 90.09309082085095
56.943502191 90.21004410718167
56.94522157 90.21623289977984
56.945463987 90.34947271371301
56.949076541 90.48974644617044
56.953619096 90.49564375314229
56.958746232 90.50896230367033
56.959123172 90.50932172108584
56.963230742 90.51352630971415
57.016580927 90.51352630971417
57.675506234 90.51352630971418
58.264870994 90.59440231719142
58.264925844 90.71135560352215
58.26662878 90.71754439612032
58.266866605 90.85078421005349
58.270382899 90.99105794251092
58.274846535 90.99695524948277
58.279981438 91.01027380001081
58.280368511 91.01063321742632
59.072544895 91.01063321742633
59.543383607 91.09150922490356
59.543432854 91.20846251123429
59.545108298 91.21465130383245
59.54534367 91.34789111776563
59.548840491 91.48816485022306
59.553132007 91.4940621571949
59.602585839 91.49406215719492
60.049130334 91.49406215719493
60.76552399 91.57493816467218
60.765572267 91.6918914510029
60.767183486 91.69808024360107
60.767524196 91.83132005753426
60.770850994 91.97159378999167
60.775878743 91.97443403064247
60.871382601 91.97443403064248
61.951289644 92.0553100381197
61.951344999 92.17226332445043
61.95297039 92.1784521170486
61.953207178 92.31169193098178
61.956522223 92.45196566343921
62.025410427 92.45196566343922
63.101267122 92.45196566343924
63.105019535 92.53284167091648
63.105232357 92.6497949572472
63.106631869 92.65598374984536
63.10687022 92.78922356377855
63.11506818 92.82281555778822
63.117796376 92.87221264031339
63.121024723 92.8722126403134
63.121456398 92.88412911398747
63.498096628 92.88412911398748
64.214843332 92.9650051214647
64.215322421 92.96500512146471
64.215349172 93.08195840779543
64.216469985 93.08814720039359
64.21670096 93.22138701432678
64.228009992 93.30437609086162
64.236252038 93.30437609086164
64.622613985 93.30437609086165
65.251792944 93.30437609086167
65.265693329 93.3852520983389
65.267213725 93.50839417726779
65.267424789 93.64163399120096
65.28016208 93.65535632392573
65.283932403 93.67522598521063
65.419266464 93.67522598521064
66.293936556 93.75610199268787
66.295486645 93.87924407161677
66.2957104 93.90113995669867
66.295889815 93.95537399171468
66.297720082 94.00497017875628
66.308114609 94.02620621827472
66.347723637 94.02620621827474
66.953723286 94.02620621827475
67.273171668 94.107082225752
67.274807072 94.23022430468089
67.275031258 94.25212018976279
67.27524853 94.3063542247788
67.275513748 94.31347498782496
67.277080587 94.3559504118204
67.296312549 94.35595041182042
68.223317544 94.43682641929766
68.224689899 94.58186438330844
68.225110529 94.63609841832447
68.23830733 94.64321918137064
69.118021272 94.72409518884788
69.119353596 94.86913315285867
69.119782862 94.92336718787467
69.135345386 94.92336718787469
69.517822251 94.9233671878747
69.979894668 95.00424319535193
69.984101259 95.05819699856984
69.984842537 95.10836281524968
69.985182364 95.14393780512545
69.985376192 95.20035128206266
70.035648022 95.20035128206268
70.812974057 95.28122728953993
70.816952493 95.38534690943766
70.817369209 95.42092189931344
70.81859524 95.4307811451968
70.823513286 95.461930398221
70.855996032 95.46193039822101
71.184399128 95.46193039822103
71.59939306 95.54280640569826
71.599817395 95.54280640569827
71.602096976 95.68784436970904
71.603611508 95.69236026135515
71.604052654 95.70573839592916
71.737539536 95.70573839592917
72.352954715 95.70573839592919
72.354123081 95.7866144034064
72.358592634 95.89073402330415
72.365235357 95.89713307510091
72.367281786 95.9316523674172
72.399783976 95.93165236741721
72.687136924 95.93165236741723
73.080643098 96.01252837489446
73.084949911 96.1166479947922
73.091372042 96.12304704658898
73.207029753 96.123047046589
73.624200984 96.12304704658901
73.780006605 96.20392305406622
73.78018484 96.31247583522513
73.808085432 96.31247583522514
73.889770442 96.31247583522516
74.347252599 96.31247583522517
74.454491163 96.39335184270242
74.458404261 96.49747146260016
74.89144756 96.49747146260017
75.091149498 96.5783474700774
75.091499865 96.57834747007742
75.099024104 96.63230127329531
75.111226102 96.63230127329533
75.403296568 96.63230127329534
75.708169609 96.66756370935914
75.709458091 96.70551440971775
75.711934536 96.71317728077257
75.719459124 96.71317728077258
75.743880007 96.7131772807726
76.298768099 96.74843971683642
76.299530256 96.78138140182297
76.300025576 96.78639041719502
76.30422864 96.78741012426502
76.304310048 96.78741012426504
76.458233346 96.78741012426505
76.85652139 96.82267256032885
76.857217006 96.85561424531542
76.858843691 96.86062326068746
76.869622136 96.86062326068748
77.376570593 96.91626153406193
77.376767527 96.92678796899915
77.377420316 96.92882738173785
77.379828593 96.93235222269709
77.390796619 96.9323522226971
77.71598961 96.93235222269712
77.87138686 96.98799049607155
77.871564938 96.99851693100878
77.872188642 97.00055634374748
77.911234155 97.00055634374749
78.233536622 97.0005563437475
78.351214154 97.05619461712193
78.3517268 97.06672105205917
78.388970581 97.06672105205918
78.778573985 97.0667210520592
78.804519658 97.12235932543364
79.02083608 97.12235932543365
79.239645148 97.15762176149744
79.244254013 97.1713528339167
79.310226327 97.17135283391671
79.568489453 97.17135283391673
79.645225308 97.22463994782275
79.64928864 97.27007846128254
79.650395677 97.33122366840323
79.671131243 97.33122366840324
79.955237597 97.33122366840325
80.026329345 97.36648610446703
80.03371478 97.36648610446704
80.089401659 97.36648610446706
80.160090919 97.36648610446707
80.37472744 97.52694203468377
80.452693075 97.52694203468378
80.62052525 97.5269420346838
80.701628762 97.54646862470257
80.702032793 97.54646862470258
80.954723085 97.5464686247026
81.008772328 97.58156452923711
81.227344839 97.58156452923713
81.564066383 97.88355405798272
81.566169019 97.88355405798274
81.57355584 97.88355405798275
81.758423352 97.88355405798276
82.053505158 97.89378142460085
82.210156896 97.89378142460086
82.276977204 98.03490646455116
82.311935619 98.03490646455117
82.459054928 98.03490646455118
82.484225449 98.31911926470532
83.036313766 98.41123806315659
83.040163329 98.4112380631566
83.154353983 98.41123806315662
83.339203271 98.48040651853812
83.342456347 98.48040651853813
83.820291559 98.7030280267753
83.853350199 98.70302802677531
