0.000352605 50.31652378165311
0.000510644 50.36024852612248
0.000540743 50.46900358708253
0.000567349 51.22813702557114
0.000641859 51.68659255107483
0.011282059 51.70741564394455
0.01645397 51.74108434872186
0.022889447 51.75108564765984
0.02333477 51.78435473694963
0.041307921 51.925466329696015
0.04319798 51.955906826239136
0.079337823 52.01238675291054
0.079364858 52.77152019139914
0.079423372 53.229975716902835
0.087619423 53.250798809772554
0.091643666 53.28446751454987
0.096650666 53.294468813487846
0.096985511 53.327737902777635
0.111248518 53.46884949552402
0.232421269 53.47128366146544
0.23392326 53.50172415800858
0.301833127 53.501724158008585
0.474068328 53.519202002937696
0.595549561 53.52533886092041
0.716436371 53.53072909425013
0.776181971 53.53072909425014
0.903744964 53.53072909425015
0.954643396 53.549237790708425
0.962792207 53.54923779070843
1.074314795 53.554683610032605
1.134987755 53.55468361003262
1.196538866 53.56550079631
1.317478774 53.5824035502602
1.444693687 53.58240355026021
1.557428373 53.594226665713386
1.61625101 53.5942266657134
1.674627471 53.60322664312992
2.087744397 53.636895347907235
2.156408721 53.63689534790724
2.207920528 53.6468966468452
2.21612944 53.64689664684521
2.328916007 53.646896646845214
2.454098069 53.67328550462919
2.5689022919999998 53.680165736135
2.690593359 53.68908328463359
2.811640603 53.709979273917874
2.872919823 53.821277328881386
3.075476068 53.90332460144455
3.075588915 53.94704934591391
3.075615599 54.055804406873975
3.075640424 54.81493784536258
3.075705198 55.27339337086627
3.076555836 55.27339337086629
3.083873775 55.29421646373599
3.087799801 55.327885168513305
3.092914277 55.37115555674107
3.106513105 55.51226714948744
3.125795523 55.51226714948746
3.222294936 55.512267149487464
3.453432528 55.54553623877724
3.461263826 55.545536238777245
3.568910576 55.54553623877725
3.690773387 55.54553623877726
4.143267494 55.575349776560124
5.963109608 55.80196419337659
5.963233761 55.84568893784595
5.963260789 55.95444399880601
5.963285191 56.7135774372946
5.963350107 57.1720329627983
5.964206376 57.17203296279831
5.971473284 57.19285605566802
5.980129419 57.23652605938331
5.995531767 57.26291491716729
6.000042381 57.29960868645597
6.113370688 57.29960868645599
7.126045167 57.299608686456
8.776702362 57.55603664105532
8.776825518999999 57.59976138552468
8.776853028 57.708516446484744
8.776876854 58.46764988497335
8.776943886 58.92610541047704
8.777775416 58.92610541047706
8.784965557 58.94692850334676
8.793445285 58.99059850706205
8.82011273 59.01698736484602
8.875073125 59.01698736484603
9.247584611 59.016987364846045
11.524781566 59.27341531944538
11.52491647 59.317140063914735
11.524944806 59.425895124874785
11.524970044 60.18502856336339
11.525037797 60.64348408886708
11.525883481 60.6434840888671
11.532936318 60.6643071817368
11.54138445 60.707977185452094
11.968560866 60.70797718545211
14.21724698 60.964405140051454
14.217364243 61.00812988452081
14.217391818 61.11688494548088
14.217415769 61.87601838396948
14.217481602 62.334473909473175
14.218257692 62.33447390947319
14.225258771 62.355297002342894
16.819890006 62.61172495694224
16.820019813000002 62.6554497014116
16.820047692 62.76420476237165
16.820110679 63.98179372636396
16.82093969 63.981793726363975
16.866555781 64.00261681923367
18.15199763 64.00261681923368
19.351251486 64.25904477383301
19.351367601 64.30276951830237
19.353197375 64.41152457926242
19.353273232 65.62911354325473
19.548820552 65.62911354325475
21.800710955 65.88554149785409
21.800817959 65.92926624232345
21.800843398 66.0380213032835
21.800928904 67.02285867335921
21.801629798 67.25561026727581
24.20203118 67.68969784305963
24.202811288 67.68969784305965
24.203278387 67.93982592657329
24.203608268 68.07095287657764
24.205617934 68.12120658752421
24.205744235 68.23929198455556
24.208798399 68.30509252802358
24.211564078 68.3096359455087
24.212619198 68.46122011717105
24.213186395 68.59907298990078
24.216593907 68.66962817486335
24.223952547 68.69701953890193
24.228434913 68.8489412317451
24.334352905 68.84894123174512
26.536302973 69.28302880752894
26.537488023999998 69.53315689104258
26.538034814 69.54685598360889
26.538691076 69.62688312618178
26.539797458 69.7145375519935
26.539912975 69.83262294902485
26.542930765 69.89842349249287
26.545656008 69.90296690997799
26.54762559 70.05455108164034
26.548146564 70.19240395437006
26.552269324 70.26295913933262
26.559243382 70.2903505033712
26.572719469 70.29035050337122
27.160874985 70.29035050337123
28.810213612 70.72443807915505
28.81141965 70.9745661626687
28.812603704 71.06829239780791
28.813695802 71.15594682361962
28.814245257 71.21549765709764
28.814491909 71.27403222065097
28.816818402 71.339832764119
28.819489863 71.34437618160409
28.820143097 71.3443761816041
28.821049412 71.63381322599618
28.825169285 71.70436841095872
28.847891256 71.70436841095874
31.042250369 72.13845598674256
31.043382713 72.3885840702562
31.044528588 72.48231030539542
31.045594197 72.56996473120714
31.045712007 72.68805012823849
31.048621748 72.7538506717065
31.051845447 72.75839408919163
31.053096612 72.90997826085398
31.053615081 73.04783113358368
31.059126928 73.05775911347176
31.068084036 73.05775911347177
33.378330746 73.4918466892556
33.379450595 73.74197477276924
33.380556035 73.83570100790844
33.381254994 73.83570100790845
33.381619375 73.92335543372016
33.381738613 74.04144083075153
33.384599448 74.10724137421954
33.387140734 74.11178479170465
33.388126463 74.263368963367
33.38865145 74.40122183609674
35.450509267 74.83530941188054
35.451270401 74.83530941188056
35.451683709 75.08543749539419
35.452814498 75.17916373053339
35.45384178 75.26681815634511
35.453960846 75.38490355337646
35.456771751 75.45070409684448
35.459272257 75.4552475143296
35.465221792 75.46534912217285
35.465447553 75.47865334556087
35.465622994 75.67301605848958
37.443869157 76.1071036342734
37.444953268 76.35723171778704
37.446048826 76.45095795292625
37.447039921 76.53861237873797
37.447158175 76.65669777576932
37.44990337 76.72249831923733
37.464649449 76.76267476226826
37.465649193 76.81848828897209
37.466372365 76.9243276831905
38.32641521 76.92432768319051
39.394670852 77.35841525897432
39.395753758 77.60854334248796
39.39680723 77.70226957762716
39.397793474 77.78992400343888
39.39831899 77.84947483691691
39.398539272 77.90800940047023
39.400579547 77.97380994393825
39.415116772 78.06979991367301
39.415890259 78.12662589739864
40.29049487 78.12662589739865
41.280203709 78.56071347318246
41.281290932 78.8108415566961
41.282355725 78.9045677918353
41.283307091 78.99222221764703
41.283835068 79.05177305112504
41.284037065 79.11030761467838
41.303968493 79.23374665406207
41.306114809 79.28135678537306
41.710367753 79.28135678537308
43.104056042 79.71544436115687
43.104733709 79.71544436115688
43.105109653 79.96557244467051
43.1058029 79.96557244467053
43.106183867 80.05929867980971
43.106803602 80.05929867980974
43.107153185 80.14695310562145
43.107660263 80.20650393909948
43.107861062 80.2650385026528
43.127916994 80.27746490287876
43.131807454 80.41504605718674
43.552707127 80.41504605718676
44.503169358 80.41504605718677
44.870944972 80.84913363297056
44.871976552 81.09926171648421
44.872995982 81.19298795162341
44.873594544 81.19298795162342
44.873922065 81.28064237743513
44.874414952 81.34019321091314
44.874627895 81.39872777446648
44.898457339 81.44766892654658
44.901414012000004 81.50470476096542
44.959076086 81.50470476096544
45.710399914999996 81.50470476096545
46.58620241 81.93879233674926
46.587294831 82.1889204202629
46.588305884 82.2826466554021
46.58889604 82.28264665540212
46.58923165 82.37030108121382
46.589723353 82.42985191469185
47.291010678 82.42985191469187
48.258171758 82.53374591183994
48.258210823 82.78144905745457
48.258770121 82.78144905745458
48.258868989 83.11406757398932
48.259864285 83.20779380912852
48.267945428 83.20872298674247
48.270195282 83.25889855935687
48.382209905 83.25889855935688
48.701306971 83.2588985593569
49.655142968 83.25889855935691
49.853335479 83.36279255650498
49.853368032 83.61049570211961
49.853893162 83.61049570211962
49.85398684 83.94311421865436
49.854967817 84.03684045379356
49.863272715 84.03776963140751
50.018951892 84.03776963140753
51.348299104 84.03776963140754
51.392090703 84.31627862429588
51.39229738 84.38936677417026
51.392857798 84.72198529070499
51.393810022 84.8157115258442
51.401982082 84.81664070345815
52.0702732 84.81664070345816
52.904036389 85.09514969634651
52.904277912 85.16823784622088
52.904861728 85.50085636275561
52.917825388 85.55742296620149
53.154909309 85.5574229662015
54.201989305 85.55742296620151
54.348283129 85.83593195908986
54.348484128 85.90902010896421
54.348956694 85.90902010896423
54.349045296 86.24163862549896
54.362900093 86.29820522894482
54.390892777 86.29820522894484
54.603690612 86.29820522894485
55.747219808 86.57671422183319
55.747435294 86.64980237170755
55.749646448 86.98242088824229
55.777576361 86.9824208882423
56.020782467 86.98242088824232
56.616187087 86.98242088824233
57.107215534 87.26092988113069
57.107427675 87.33401803100504
57.107870442 87.33401803100506
57.107959622 87.6666365475398
58.128785026 87.66663654753981
58.415940938 87.94514554042813
58.416170044 88.0182336903025
58.416950066 88.05596648820739
58.417744981 88.22682015288889
58.422390941 88.2309466034495
58.427916112 88.34204946358906
58.453770899 88.34204946358908
59.371331421 88.34204946358909
59.598157881 88.3420494635891
59.690048818 88.69364660635179
59.690501867 88.6936466063518
59.690784685 88.73137940425669
59.691562889 88.9022330689382
59.695493157 88.9063595194988
59.703441021 89.01480883431528
60.53301693 89.01480883431529
60.921192245 89.09454279727677
60.921250714 89.366405977078
60.92281847 89.52644349866463
60.926528425 89.579118890225
60.95041892 89.57911889022502
62.108030346 89.93071603298775
62.109552892 90.09075355457438
62.124974059 90.13474526014184
63.242626485 90.48634240290455
63.244105381 90.64637992449119
63.25916339 90.69037163005865
63.597611905 90.69037163005866
64.35183723 90.72437802081218
64.351982452 90.77010559302016
64.353309549 90.96211328423928
64.353388668 91.17077485136649
64.357648083 91.18341844602075
64.367105882 91.19119579010946
64.892173452 91.19119579010948
65.403279031 91.22520218086298
65.403425149 91.27092975307097
65.404759325 91.46293744429009
65.406981651 91.62624705101814
65.408461048 91.68424260607155
65.428966931 91.68424260607156
65.772383364 91.68424260607158
66.417253718 91.7182489968251
66.417387725 91.76397656903308
66.42039068 91.9559842602522
66.423078491 92.11929386698026
66.432510524 92.12745618577374
66.437161308 92.16489828547672
67.16275895 92.16489828547674
67.405977157 92.19890467623026
67.406097293 92.24463224843824
67.407384826 92.43663993965735
67.409543879 92.5999495463854
67.429636836 92.59994954638542
67.676274544 92.59994954638543
68.370483074 92.63395593713895
68.370601223 92.67968350934693
68.371829418 92.87169120056606
68.37541088 92.8781773910193
68.375581613 92.87817739101932
68.375720715 92.9812389238591
68.38278393 92.9938630252441
68.383941594 93.00904591273373
68.981967974 93.00904591273374
69.283142327 93.08877987569521
69.284560141 93.28078756691436
69.288075522 93.2872737573676
69.288372512 93.3903352902074
69.295122457 93.40295939159239
69.435174621 93.4029593915924
69.654578122 93.40295939159242
70.14287044 93.43696578234595
70.142956851 93.48269335455392
70.144093766 93.57269932381435
70.1441687 93.67470104577305
70.148975733 93.68118723622631
70.149937374 93.73295809700161
70.157860482 93.7842487690661
70.77582245400001 93.78424876906611
70.978477375 93.81825515981961
70.978584665 93.86398273202758
70.979722788 93.95398870128801
70.979789892 94.05599042324671
70.985983611 94.11424747447528
71.01806779 94.11424747447529
71.191175481 94.1142474744753
71.207260459 94.11424747447532
71.770060681 94.14825386522882
71.770168502 94.19398143743679
71.773311708 94.28398740669722
71.773373086 94.38598912865592
71.780308388 94.42527966973707
71.781698842 94.42696987449497
71.812537216 94.42696987449499
71.812801789 94.426969874495
72.473457096 94.42696987449501
72.53524867 94.46097626524853
72.535335504 94.50670383745651
72.536417632 94.59670980671693
72.536473938 94.69871152867563
72.54326205 94.73800206975679
72.544723683 94.7396922745147
73.26491897 94.77369866526821
73.265024393 94.8194262374762
73.266050234 94.9094322067366
73.266117316 95.01143392869533
73.273049292 95.05072446977647
73.356716013 95.0507244697765
73.964148431 95.08473086053003
73.964244271 95.13045843273798
73.965277318 95.22046440199841
73.965332432 95.32246612395713
74.298149857 95.32246612395714
74.634899912 95.40220008691865
74.63620164 95.40256561118711
74.636489514 95.4906322462311
74.636708439 95.52787340361402
74.636750833 95.59165072649246
74.777251649 95.59165072649247
75.279965812 95.67138468945399
75.281100523 95.67175021372245
75.281946323 95.67900418829026
75.28218842 95.7457324964236
75.282649987 95.78657368950442
75.284030472 95.84598453367425
75.880118064 95.92571849663577
75.881065621 96.01572446589618
75.881208742 96.0860347252831
76.459169967 96.16576868824461
76.459853428 96.32516374399569
77.010813634 96.4048977069572
77.011566869 96.53941951627455
77.020589128 96.5424117590803
77.165231632 96.54241175908031
77.530718573 96.62214572204181
77.532513261 96.75666753135917
77.896080598 96.75666753135918
78.023476606 96.8364014943207
78.025127773 96.86064723432493
78.025238899 96.88911087109598
78.025873906 96.90856269981103
78.027784308 96.96690145470848
78.14334653 96.96690145470849
78.500363454 97.04663541766999
78.501864653 97.07088115767424
78.501972017 97.09934479444526
78.505293617 97.10012603895233
78.720077338 97.10012603895234
78.940042115 97.10012603895235
78.95437181 97.17986000191385
78.955813155 97.20410574191811
78.955931463 97.23256937868913
78.962117141 97.23256937868915
79.381235736 97.31230334165066
79.382623958 97.31992284048695
79.383009929 97.33654908165492
79.383105711 97.36501271842594
79.660067305 97.36501271842596
79.782578485 97.44474668138746
79.787339216 97.45236618022373
79.788741433 97.4828015433773
79.857658969 97.48280154337732
80.161788844 97.56253550633883
80.165867175 97.57015500517511
80.170313609 97.57015500517512
80.504359059 97.64988896813662
80.50853963 97.67144206063819
80.584319351 97.6714420606382
80.77986213 97.67144206063821
80.831007829 97.73546299007677
80.831121354 97.75117602359971
80.837179171 97.75752418150307
81.03856935 97.75752418150309
81.092793143 97.7575241815031
81.136596908 97.8372581444646
81.379889354 97.83725814446461
81.422907229 97.90127907390318
81.423791368 97.90471718159601
81.495042306 97.90471718159603
81.69632903 97.92537249400407
81.698528745 97.96873811103458
81.703922199 97.9687381110346
81.952717928 98.06068573049153
82.070411434 98.06068573049154
82.195423615 98.08134104289957
82.197597809 98.08966296938698
82.265088378 98.08966296938699
82.419791799 98.11031828179503
82.566148206 98.11031828179505
82.631119713 98.1145268817051
82.63181886 98.11783096088324
82.632161123 98.11898622086115
82.632620411 98.12213918561542
82.767188474 98.12213918561544
82.824994973 98.1263477855255
82.825970799 98.13080712468154
82.826935764 98.13120650153928
82.915308456 98.1312065015393
83.009627689 98.1398744406054
83.090115853 98.13987444060541
83.178757835 98.3363029093564
83.335793069 98.33764706367218
83.842706017 98.4452475438603
83.845011025 98.44524754386032
84.339459063 98.58219076967374
84.347465972 98.58219076967376
84.445310834 98.66503886735276
84.489979289 98.75012845760453
84.505561727 98.75012845760455
