0.000358627 56.267376041399665
0.000534863 56.530472792872196
0.000563911 56.696532698494245
0.001050372 56.82818007138689
0.002277298 57.256665917553484
0.00332412 57.25666591755349
0.003736637 57.58536980360906
0.004366758 57.62746617740736
0.011693323 57.66671492963534
0.011793118 57.70518623151964
0.021841319 57.930794639218725
0.022479306 57.9893454926763
0.079833937 58.05188423897143
0.080289841 58.183531611864076
0.08132105 58.61201745803067
0.082166504 58.61201745803068
0.08249011 58.94072134408625
0.08301161 58.98281771788455
0.088800279 59.02206647011253
0.088882356 59.06053777199683
0.096715523 59.28614617969591
0.157695145 59.29476410221263
0.279854149 59.29511889594913
0.280363002 59.35366974940672
0.401525734 59.35366974940673
0.522586277 59.361820462906145
0.644506105 59.36334719294489
0.764016486 59.36986085946723
1.005117361 59.37029281067584
1.124843591 59.37046464228603
1.363845352 59.382168448201135
1.483112911 59.41372702668269
1.5437082530000001 59.4137270266827
1.661719464 59.41372702668271
1.721889515 59.415876350535655
1.8401879559999998 59.42141720042912
2.082750643 59.42247445131641
2.204000196 59.43184966602091
2.323061551 59.45302641730091
2.444002468 59.45988850231342
2.679484295 59.47934646055097
2.740925354 59.47934646055098
2.801057034 59.630841851844366
3.087192885 59.709556597672375
3.087231827 59.87561650329444
3.087649637 60.00726387618707
3.08861244 60.43574972235366
3.089741714 60.76445360840924
3.090247211 60.80654998220754
3.095830057 60.84579873443552
3.095911448 60.88427003631982
3.096694622 60.884270036319826
3.106534905 60.903727994557386
3.118796426 61.055223385850766
3.125421787 61.05522338585077
3.233555182 61.05737270970372
3.918232147 61.062913559597185
4.375320947 61.06397081048447
4.602483658 61.073346025188975
4.832400816 61.09452277646896
5.067470869 61.10138486148148
5.518752694 61.120842819719044
5.946416958 61.369175596178636
5.946456707 61.5352355018007
5.946863491 61.66688287469333
5.947832981 62.09536872085992
5.948955384 62.4240726069155
5.949445482 62.4661689807138
5.954914062 62.50541773294178
5.955696092 62.50541773294179
5.955774891 62.54388903482609
5.965332322 62.56334699306365
6.525207781 62.58452374434364
6.545746736 62.58452374434365
6.972072143 62.591385829356156
7.10517797 62.59138582935616
8.74783778 62.6241186488733
8.747968957 62.88721540034583
8.74799606 63.05327530596788
8.749370091 63.61340852502712
8.750606818 63.761847889503535
8.750818946 63.869728792440476
8.750974821 63.984208784880984
8.759397337 64.01576736336256
8.766575742 64.01791668721552
8.766641532 64.03389000270076
11.479137527 64.06662282221791
11.479271191 64.32971957369043
11.479298797 64.49577947931249
11.480731841 64.69308934830966
11.480976522 64.71782854941016
11.481655178 64.94635009008452
11.481723378 65.3846165844273
11.482216641 65.4267129582256
11.487474047 65.46596171045358
11.583365499 65.4659617104536
14.143778438 65.49869452997073
14.143913637 65.76179128144327
14.14394316 65.92785118706531
14.145502741 66.06936321491828
14.145640202 66.14990025716298
14.146334648 66.37842179783735
14.146726101 66.74430467353791
14.146886133 66.85878466597843
16.735326048 66.89151748549557
16.735464115 67.1546142369681
16.73728549 67.32067414259015
16.738784472 67.46218617044313
16.739415604 67.51798401158733
16.740746114 67.88982438274957
16.741385104 67.92686998807883
16.746515537 67.99008505585792
16.747054825 68.00105185190966
16.748688322 68.0097884717223
16.76018337 68.23278636624701
19.265845683 68.26551918576416
19.265981634 68.52861593723668
19.266010357 68.69467584285874
19.267434668 68.89198571185591
19.269493244 69.26382608301816
19.27015685 69.30087168834741
19.275693982 69.37505355217826
19.277320914 69.38379017199088
19.290530583 69.43691344235904
19.295193457 69.51112932933134
20.006471293 69.51112932933135
21.727893908 69.54386214884849
21.728028394 69.806958900321
21.728055814 69.97301880594307
21.729461373 70.17032867494024
21.730420569 70.34634522374004
21.731363916 70.34634522374006
21.731834652 70.54216904610249
21.732470935 70.57921465143174
21.737852677 70.6533965152626
21.739448111 70.66213313507522
21.752530677 70.71525640544338
21.848511403 70.7152564054434
24.114391496 70.74798922496052
24.114515621 71.01108597643304
24.11454195 71.1771458820551
24.115986206 71.31865790990807
24.117804345 71.34669008863686
24.117856795 71.74629612221452
24.118511801 71.78334172754377
24.123897942 71.85752359137462
24.125496958 71.86626021118724
24.220629106 71.86626021118725
26.472527668 71.89899303070439
26.472657336 72.16208978217692
26.47272646 72.20011901813929
26.473036515 72.28052718505148
26.474187491 72.3090711831431
26.474215339 72.36878460172902
26.474839205 72.46966171565194
26.475998759 72.49769389438073
26.476053393 72.89729992795839
26.476682495 72.93434553328765
26.481926882 73.00852739711848
26.482612135 73.0085273971185
26.503680189 73.01477729209964
27.309729495 73.01477729209965
27.449030032 73.01477729209967
28.761750365 73.04751011161679
28.761871913 73.3106068630893
28.761934609 73.34863609905167
28.762979802 73.3636622399731
28.76329867 73.61817879656434
28.764090149 73.84999318650834
28.765175139 74.04581700887078
28.765801696 74.08286261420004
28.770952276 74.15704447803088
28.904799562 74.1570444780309
29.853944153 74.15704447803091
31.07331156 74.18977729754805
31.07349646 74.49090328498293
31.074583862 74.50592942590436
31.074961642 74.59985544998675
31.07558074 74.76044598249558
31.076118173 74.76119736017414
31.076383101 74.9922603724396
31.076757404 75.18808419480204
31.077372782 75.2251298001313
31.085336485 75.25398633200656
31.114421295 75.29931166396214
33.258037426 75.33204448347927
33.258209336 75.63317047091417
33.259204052 75.64819661183559
33.259546465 75.74212263591798
33.260165295 75.90271316842681
33.26069567 75.90346454610537
33.26131359 76.33035138073326
33.261903954 76.36739698606253
33.270144009 76.3962535179378
34.471260765 76.39625351793781
35.346003082 76.42898633745494
35.346171953 76.73011232488983
35.346869504 76.73011232488984
35.347187893 76.74513846581127
35.347547261 76.83906448989366
35.348130521 76.9996550224025
35.348676493 77.00040640008103
35.349279101 77.42729323470894
35.349858906 77.4643388400382
35.43067737 77.46433884003821
37.329555147 77.49707165955533
37.329742187 77.79819764699023
37.330740707 77.81322378791165
37.331081894 77.90714981199405
37.331657067 78.06774034450288
37.33215998 78.06849172218143
37.335196533 78.17875268911597
37.335706123 78.18367524019786
37.336513268 78.20756400550236
37.337454501 78.36055668437548
37.337729849 78.47105179864108
37.348216083 78.5213474557511
38.252434533 78.52134745575111
39.256941799 78.55408027526823
39.257133597 78.85520626270313
39.258161625 78.87023240362456
39.258504136 78.96415842770695
39.259084321 79.12474896021578
39.2595874 79.12550033789434
39.262292086 79.23576130482887
39.262801837 79.24068385591076
39.263574482 79.26457262121527
39.26449887 79.41756530008838
39.26475275 79.52806041435399
39.28704173 79.56628057226298
39.325105089 79.566280572263
39.96228919 79.56628057226301
41.126575391 79.59901339178013
41.126743542 79.90013937921502
41.127404549 79.90013937921505
41.127710175 79.91516552013645
41.12807857 80.00909154421883
41.128605053 80.1696820767277
41.129127773 80.17043345440622
41.132287376 80.28561697242266
41.133062906 80.30950573772716
41.133964171 80.4624984166003
41.134255115 80.5729935308659
42.95573051 80.60572635038302
42.955913279 80.90685233781792
42.9568633 80.92187847873934
42.957350817 80.95275950802714
42.957733243 81.17639503533057
42.958246173 81.17714641300913
42.96136371 81.29232993102555
42.962119416 81.31621869633005
42.963009578 81.46921137520317
42.977197264 81.54620393668205
42.987713375 81.54620393668206
43.023891651 81.54620393668208
43.78647873 81.54620393668209
44.714817169 81.57893675619921
44.714981168 81.88006274363413
44.717939651 81.92596991384333
44.718302743 82.14960544114678
44.71879451 82.15035681882533
44.722301488 82.26554033684174
44.722467907 82.28942910214624
44.726979486 82.31747510222695
44.729684734 82.3286274522133
44.734867718 82.34056451014895
44.73557656 82.36564258285902
44.737346339 82.37941937329667
44.737496388 82.41137325353161
44.73784672 82.4330338518474
44.749551616 82.44242178101933
44.758734381 82.44242178101935
45.000825332 82.44242178101938
46.425091914 82.47515460053648
46.425263251 82.77628058797137
46.425864601 82.7762805879714
46.426631171 82.82218775818058
46.426989124 83.04582328548405
46.431207354 83.18564694648352
46.442124269 83.20750205593242
46.442607604 83.20750205593245
46.443748226 83.23678235448625
46.444445601 83.2618604271963
46.449502526 83.27563721763394
46.453937746 83.30759109786888
46.459218454 83.32925169618464
46.480110542 83.32925169618467
47.175433924 83.32925169618468
48.082962944 83.36198451570179
48.083133331 83.66311050313668
48.083745285 83.6631105031367
48.084515632 83.70901767334588
48.087615489 83.904925423703
48.088140884 83.90492542370303
48.092872609 83.93248635909568
48.093397893 83.9324863590957
48.095715415 83.9340545626013
48.09829167 83.9579069758495
48.098918553 84.02629394061405
48.099565617 84.09433197109773
48.100041393 84.09433197109776
48.1011385 84.12361226965156
48.101813182 84.1486903423616
48.524302569 84.14869034236162
49.697164599 84.18142316187873
49.697332017 84.48254914931361
49.698674567 84.52845631952282
49.701671003 84.72436406987994
49.706863557 84.75192500527261
49.709586025 84.75349320877824
49.712093555 84.77734562202643
49.71269566 84.84573258679099
49.713311212 84.91377061727466
49.714822469 84.9430509158285
49.7166495 84.96812898853852
49.748010156 84.96812898853854
49.916475588 84.96812898853855
51.244404738 85.00086180805567
51.244580481 85.30198779549059
51.245891059 85.3478949656998
51.24627781 85.3559596870704
51.246591792 85.35821664455864
51.246711175 85.57228187068176
51.253811428 85.57293185495521
51.258431391 85.59678426820338
51.259024011 85.66517123296794
51.259632741 85.73320926345164
51.261159198 85.76248956200544
52.741094183 85.79522238152255
52.741264118 86.09634836895744
52.741859455 86.09634836895746
52.742569307 86.14225553916667
52.745511676 86.16158229960753
52.748259819 86.16408192138566
52.749120679 86.16923844655561
52.749233813000004 86.1832239871734
52.749313308 86.28239352866082
52.750604977 86.31761843732805
52.753061415 86.36729242842209
52.755495533 86.39114484167025
52.756059191 86.45953180643481
52.756649782 86.52756983691852
52.785625104 86.52756983691853
54.189413829 86.56030265643565
54.1895775 86.86142864387057
54.190833821 86.90733581407977
54.191182412 86.91540053545037
54.191508139 86.91765749293862
54.191630952 87.13172271906174
54.198403087 87.1323727033352
54.203420039 87.15622511658336
54.203970529 87.22461208134791
54.209767334 87.22461208134793
54.210212711 87.2926501118316
54.246944103 87.29265011183162
55.593741288 87.32538293134876
55.593911744 87.62650891878364
55.594505583 87.62650891878367
55.595173594 87.67241608899288
55.59803312 87.69174284943374
55.599990486 87.75877580913239
55.600304728 87.84777898715426
55.602658294 87.89745297824827
55.603190709 87.89745297824828
55.608051848 87.98969235626102
55.613658974 87.98969235626103
55.618216908 87.99759815571615
56.625402148 87.99759815571616
56.954471818 88.03033097523328
56.954630995 88.33145696266817
56.955201767 88.3314569626682
56.955854169 88.3773641328774
56.956216166 88.385428854248
56.956627352 88.60175103785937
56.963183949 88.6024010221328
56.963704233 88.60240102213281
56.967939609 88.69464040014554
56.973671949 88.69464040014556
57.684035214 88.69464040014557
58.271422728 88.72737321966268
58.271582629 89.02849920709757
58.272814222 89.07440637730677
58.273125463 89.0824710986774
58.273533849 89.29879328228877
58.277176434 89.38750253505312
58.290504831 89.39168264457493
58.31657277 89.39168264457496
59.549625385 89.42441546409208
59.54979036 89.725541451527
59.550985338 89.7714486217362
59.551292546 89.7795133431068
59.551701426 89.99583552671817
59.555274299 90.08454477948251
59.678810119 90.08454477948253
60.147175321 90.08454477948254
60.785414426 90.11727759899965
60.785594502 90.41840358643454
60.788446879 90.46431075664374
60.788714557 90.47237547801437
60.789116701 90.68869766162574
60.795038041 90.68934764589916
60.828155489 90.68934764589918
61.268011406 90.68934764589919
61.809879512 90.6893476458992
61.968207228 90.7220804654163
61.968367447 91.02320645285121
61.969572125 91.06911362306042
61.969857969 91.07717834443102
61.97026194 91.29350052804239
61.993549371 91.29350052804241
62.653217352 91.29350052804243
62.998730402 91.29350052804244
63.115833293 91.32623334755954
63.116036229 91.62735933499442
63.11729483 91.67326650520363
63.120612388 91.6760711303915
63.121704866 91.75962622534317
63.122025979 91.84862940336504
63.128269658 91.85455537623304
63.132754385 91.85455537623305
63.135219614 91.85511537367555
63.443178136 91.85511537367557
64.230669138 91.8878481931927
64.230833957 92.18897418062758
64.231960434 92.23488135083679
64.23499488 92.23768597602466
64.23620826 92.24374626770108
64.236272672 92.27489091336267
64.236359465 92.41024424899817
64.241860087 92.4161702218662
64.246300548 92.41617022186621
64.711015117 92.41617022186622
64.875288391 92.41617022186624
65.287859128 92.44890304138336
65.288015684 92.75002902881825
65.289099924 92.79593619902745
65.292068872 92.7987408242153
65.292447501 92.79874082421533
65.29324913 92.80480111589175
65.293303402 92.8359457615533
65.293383506 92.97129909718883
65.326958377 92.97129909718886
65.799903972 92.97129909718888
66.291192502 93.00403191670598
66.291356444 93.30515790414087
66.292465482 93.35106507435007
66.295397064 93.35386969953795
66.299194073 93.49271163794721
66.437712594 93.49271163794722
66.929436345 93.49271163794724
67.243088406 93.49271163794725
67.272555769 93.52544445746435
67.2726985 93.82657044489926
67.273766555 93.87247761510847
67.276674397 93.87528224029631
67.277028807 93.87528224029634
67.280252687 94.01412417870557
67.330933037 94.01412417870559
68.060490761 94.0141241787056
68.22263828 94.04685699822271
68.222985749 94.156382013456
68.223686108 94.27553334061734
68.22379419 94.39389015586683
68.226509075 94.39669478105468
68.236073799 94.48507934126518
68.308922415 94.48507934126519
68.488841592 94.48507934126522
69.117842488 94.51781216078234
69.118369882 94.51781216078236
69.118776575 94.5428216668137
69.11893123 94.74648850317698
69.119022012 94.86484531842646
69.121986964 94.86764994361434
69.975575344 94.90038276313147
69.976496202 94.9253922691628
69.976637121 95.12905910552611
69.976725327 95.2474159207756
70.801307986 95.2801487402927
70.802189148 95.30515824632405
70.802327312 95.50882508268734
70.803334168 95.52570091058942
70.810910715 95.543423406057
70.843043833 95.54342340605703
71.585263024 95.57615622557415
71.586155747 95.6011657316055
71.587203353 95.80483256796879
71.591521228 95.81890227731489
71.607183443 95.81890227731492
71.817841034 95.81890227731493
72.338650361 95.85163509683204
72.339506208 95.8766446028634
72.339621017 96.08031143922668
72.346951929 96.0803912130867
72.464725295 96.08039121308671
73.064412179 96.11312403260385
73.064695965 96.21038254486247
73.064734547 96.24563971280357
73.067045583 96.3022786928344
73.193764411 96.30227869283442
73.581925012 96.30227869283443
73.760435319 96.33501151235156
73.761240235 96.36002101838288
73.761449317 96.52097622907961
73.800628035 96.52097622907965
74.421490396 96.55604602677344
74.422512166 96.61106532362619
74.423760572 96.64562887696498
74.426804216 96.69307667973699
74.427550364 96.69690605360337
74.427811031 96.69690605360339
74.456544603 96.6969060536034
74.49479259 96.69690605360341
75.057462141 96.73197585129722
75.058455583 96.78699514814997
75.059688755 96.82155870148875
75.062801552 96.86900650426077
75.099790529 96.8690065042608
75.666352709 96.9040763019546
75.667319069 96.95909559880735
75.668513263 96.99365915214614
75.671590314 97.00446776917539
75.672402908 97.0360378142129
76.239636542 97.07110761190671
76.240549834 97.12612690875946
76.241767409 97.16069046209827
76.244672607 97.17149907912753
76.24591241 97.17578307536694
76.792571888 97.21085287306074
76.793461086 97.2658721699135
76.796566169 97.29703564816275
76.796620397 97.32512894762196
76.799062937 97.32512894762199
77.318366216 97.38467190507596
77.319486474 97.41521804216855
77.320569619 97.44978159550733
77.323180622 97.46059021253659
77.824739716 97.52013316999056
77.825072861 97.52013316999059
77.825853512 97.55067930708317
77.827878832 97.5818427853324
77.832436138 97.58524286042196
78.301951865 97.64478581787593
78.303006285 97.67533195496848
78.306218567 97.70649543321774
78.755480057 97.76603839067171
78.756545041 97.7965845277643
78.761220182 97.82253542630743
78.830297254 97.82253542630745
79.180011005 97.85760522400123
79.180795585 97.91262452085398
79.253449387 97.91262452085401
79.579806563 97.97216747830798
79.580679253 98.11295020513252
79.964420117 98.13701252099354
79.964532494 98.20099905668121
80.308296095 98.26054201413521
80.309847912 98.30688717952259
80.636670397 98.349304169715
80.638009986 98.37079652095295
80.638703057 98.39293740485127
80.66595874 98.39293740485128
80.942462619 98.45248036230525
80.945079737 98.45684674628164
80.946621579 98.47898763017996
81.232704447 98.5214046203724
81.233876668 98.54289697161035
81.507647131 98.60546133384129
81.624951673 98.60546133384132
81.757188772 98.64949064715044
81.761480218 98.66841598949527
81.998541738 98.81140958024498
82.008063634 98.81140958024501
82.43120272 99.05754701977872
82.453557274 99.05754701977874
82.807621169 99.20350224316952
83.536884776 99.29217242170672
