0.000355794 54.89391461249552
0.000460098 55.10385035750413
0.000504726 55.6455431475936
0.000776313 55.67926940127201
0.001057883 55.81978108693026
0.002087382 55.84836767526005
0.002185132 55.999092742899904
0.002556332 56.11739598571418
0.003615077 56.11739598571419
0.009966585 56.26938421571927
0.011501468 56.421602850463884
0.078890777 56.590065184655174
0.078930657 57.13175797474466
0.079141192 57.165484228423054
0.079370218 57.30599591408132
0.080181958 57.33458250241111
0.080263793 57.48530757005095
0.080562691 57.60361081286524
0.081398655 57.60361081286525
0.086393645 57.755599042870315
0.087243308 57.75559904287032
0.087631081 57.90781767761493
0.088462524 57.907817677614936
0.209162942 57.909010702873424
0.45381865 57.93355623469821
0.454608384 57.933556234698216
0.693827778 57.951309157186984
0.694641639 57.95130915718699
0.752613015 57.951309157187
0.811923218 57.95702114277454
0.812711288 57.95702114277455
0.928723058 57.957604865709946
1.221042497 57.96054266855822
1.34224861 57.990509877328954
1.460074442 57.99050987732896
1.5814508059999999 57.99767912973582
1.700583349 57.99767912973583
1.817990233 58.00430472713472
1.818782622 58.00430472713473
1.938187756 58.014077505116745
1.9389917620000001 58.01407750511675
2.057220622 58.018432756092814
2.058039898 58.01843275609282
2.116272075 58.04700688135409
2.356752683 58.0855444647033
2.592981681 58.099827183675046
2.711810947 58.10631673434403
2.832278898 58.2377630994479
3.067606267 58.335478892369764
3.067688191 58.54541463737836
3.067729447 59.08710742746784
3.067975542 59.12083368114624
3.068240065 59.261345366804505
3.06910814 59.28993195513428
3.06919174 59.44065702277413
3.069488196 59.55896026558841
3.070321398 59.55896026558842
3.075257732 59.7109484955935
3.079128756 59.725231214565255
3.083208624 59.73172076523423
3.340153409 59.731720765234236
3.427665654 59.763768797914445
3.659012856 59.76376879791446
4.38757443 59.78454106755519
4.400793217 59.91598743265905
4.414248513 59.915987432659065
5.967664652 60.07301307857086
5.967736803 60.28294882357947
5.967776015 60.82464161366892
5.968011764 60.85836786734733
5.96825731 60.99887955300559
5.969055307 61.027466141335374
5.969429495 61.29649445178952
5.975409236 61.32348088564951
5.98200853 61.40994509844539
6.019978838 61.4099450984454
6.315512005 61.498689309329905
6.768914438 61.508462087311926
7.216886111 61.512817338287995
8.781887317 61.7969340983276
8.781969559 62.00686984333619
8.782010261 62.548562633425675
8.782265763 62.58228888710407
8.782521684 62.72280057276234
8.783343119 62.751387161092126
8.783722343 63.02041547154626
8.789693076 63.04740190540625
8.812678682 63.105291992940856
8.867370615 63.10529199294087
11.540643615 63.39376400395653
11.540714094 63.60369974896512
11.540753243 64.1453925390546
11.54098677 64.179118792733
11.54122955 64.31963047839126
11.542004881 64.34821706672105
11.54242919 64.42333694142489
11.548125379 64.64423181103517
11.583051085 64.64423181103518
12.07964235 64.6442318110352
14.216564475 64.93270382205087
14.216645727 65.14263956705946
14.216685196 65.68433235714895
14.216922738 65.71805861082734
14.217173881 65.85857029648561
14.217968595 65.8871568848154
14.218389436 65.96227675951924
14.229816088 66.03544089792567
14.230126988 66.1739381177583
14.261437808 66.17393811775831
16.836225103 66.46241012877398
16.836287715 66.67234587378258
16.836324779 67.21403866387205
16.836536546 67.24776491755046
16.836769444 67.38827660320871
16.837514044 67.4168631915385
16.837924311 67.49198306624235
16.855552089 67.5379108575222
16.858812908 67.59246380112647
16.909319009 67.59246380112648
19.377983385 67.88093581214214
19.378051551 68.09087155715073
19.380268505 68.0926161573665
19.380482618 68.44626565051783
19.380662304 68.80680228657687
19.38137763 68.83538887490666
19.381780192 68.91050874961051
19.392722411 68.98367288801693
19.955008325 68.98367288801694
21.850357006 69.27214489903261
21.850427328 69.4820806440412
21.850465919 70.02377343413067
21.850936398 70.19801137346735
21.851680018 70.22659796179714
21.852104764 70.30171783650098
21.885095129 70.34506798784471
23.143182607 70.34506798784473
24.260725925 70.63353999886039
24.260789739 70.84347574386898
24.260826945 71.38516853395845
24.261938221 71.5879930616249
24.262336868 71.66311293632874
24.289729702 71.66311293632876
26.621751884 72.16152069235304
26.621869609 72.16326529256881
26.62209606 72.51691478572013
26.622618425 72.70321348244251
26.62484603 72.71905286526227
26.626807717 72.83543805966612
26.627102108 72.90603801010897
26.63635334 72.95730340900107
28.931229712 73.45571116502533
28.931334513 73.45745576524111
28.931533429 73.81110525839243
28.932806674 73.97635053076593
28.93392886 74.01324333793457
28.935861641 74.1296285323384
28.93614609 74.20022848278127
31.117905151 74.69863623880555
31.118014518 74.70038083902132
31.118240884 75.05403033217264
31.119495086 75.21927560454614
31.120589439 75.25616841171478
31.122472918 75.3725536061186
31.190152546 75.37255360611861
32.250111835 75.37255360611863
33.23476452 75.48523814211747
33.234809316 75.87270596235864
33.235041092 76.22635545550997
33.236341679 76.39160072788346
33.23742258 76.42849353505211
33.246372967 76.4776050756903
33.261201953 76.49982892108368
34.113053724 76.49982892108369
35.283411237 76.61251345708254
35.283450869 76.99998127732371
35.283653508 77.35363077047505
35.284892924 77.51887604284855
35.28595125 77.55576885001719
35.299346613 77.57449396145925
35.304224344 77.60488039065538
37.281149174 77.71756492665425
37.281198743 78.10503274689542
37.281413368 78.45868224004674
37.284216337 78.62392751242022
37.285184618 78.66082031958886
37.299227585 78.67954543103095
37.416700488 78.67954543103096
39.206236713 78.79222996702983
39.206284343 79.17969778727098
39.206662564 79.52890171203778
39.206693026 79.53314251788453
39.2071839 79.53334728042232
39.207734645 79.69859255279582
39.219319682 79.72088443681731
39.234850542 79.74432715172335
40.610983982 79.74432715172337
41.075918991 79.8570116877222
41.0759669 80.24447950796338
41.07633973 80.59368343273016
41.076846691 80.59812900111471
41.085493874 80.63477244539979
41.089101803 80.63700225364757
41.089998971 80.68676448662063
41.111856373 80.7856661575097
41.235553347 80.78566615750971
41.641143263000004 80.78566615750972
42.902145522 80.89835069350856
42.902193529 81.28581851374973
42.902552196 81.63502243851651
42.904875316 81.63946800690107
42.913008667 81.67611145118615
42.916579351 81.67834125943392
42.920285894 81.70895621241529
43.10027267 81.7089562124153
44.014801814 81.70895621241532
44.662059697 81.82164074841415
44.662111143 82.20910856865532
44.662473932 82.55831249342211
44.674638076 82.60163131433951
44.682107759 82.61954527488318
44.68988045 82.6195452748832
46.366676446 82.73222981088205
46.366719399 83.11969763112323
46.367072719 83.46890155589001
46.379803043 83.51222037680742
48.031196496 83.62490491280627
48.031237363 84.01237273304744
48.031586983 84.36157665781423
48.122258779 84.36157665781424
48.923499936 84.36157665781425
49.636977387 84.78420326970456
49.638427917 84.79046126106574
49.638561315 84.89946347356305
49.639305112 85.01498783969028
49.642441379 85.18704178485615
49.642948227 85.18704178485616
49.65485704 85.19001028485656
49.654883264 85.20923751983446
49.685940431 85.20923751983449
49.691195996 85.2092375198345
51.171336814 85.63186413172481
51.172059775 85.63186413172484
51.172883191 85.72351386965673
51.173883879 85.73601224271076
51.174049377 85.86264870171055
51.179998049 85.87324821619592
51.183523103 85.93156585783414
51.184160194 85.93862210902236
51.184579181 85.95957367774645
51.193778915 86.03767114687683
51.773431748 86.03767114687685
52.341842267 86.03767114687686
52.671598356 86.46029775876715
52.672261071 86.46029775876717
52.673049597 86.55194749669907
52.674022154 86.56444586975309
52.675184478 86.57639580420835
52.679454153 86.67306655588771
52.683570965 86.75999948487647
52.684204242 86.76705573606469
52.684627994 86.78800730478878
53.267252723 86.7880073047888
54.124721431 86.90069184078764
54.124766285 87.2881596610288
54.125293333 87.3424132857357
54.138681286 87.4164477911671
54.142205504 87.51033564278842
54.198485157 87.51033564278845
55.553406846 87.93296225467876
55.554799563 88.02461199261066
55.55527269 88.20001501683367
55.564764973 88.25403416151315
55.565025384 88.36551174547316
55.592849602 88.36551174547317
56.000781988 88.36551174547319
56.917423689 88.7881383573635
56.91811074 88.78813835736351
56.918865665 88.87978809529541
56.919761373 88.89228646834943
56.925546749 88.89433487561692
56.931090789 88.9939522318515
56.933701708 89.00713213567117
57.066470463 89.00713213567118
57.885841848 89.0071321356712
58.238647551 89.42975874756151
58.239282743 89.42975874756152
58.24001905 89.52140848549342
58.24092353 89.53390685854744
58.246674854 89.53595526581493
58.251992044 89.63557262204951
58.406137881 89.63557262204952
59.523693823 89.74825715804839
59.523737913 90.13572497828956
59.524179656 90.18997860299646
59.537911068 90.26401310842785
60.747289152 90.37669764442671
60.747334559 90.76416546466787
60.747778458 90.81841908937477
60.816648458 90.81841908937479
61.934636425 91.298711727803
61.93646925 91.32323666101392
61.936821087 91.34519381225104
61.941626409 91.34724221951853
61.946992614 91.36533434927259
61.947459268 91.3653343492726
62.039852847 91.36533434927262
63.084987726 91.84562698770083
63.086203336 91.87961069909485
63.087040762 91.89210907214887
63.332750702 91.89210907214888
64.200208918 92.37240171057708
64.20073739 92.3724017105771
64.202120651 92.5107507288834
64.222487288 92.51075072888341
64.628195854 92.51075072888342
65.272476366 92.99104336731162
65.273005137 92.99104336731163
65.279307122 93.01716758857069
65.286209003 93.02067366003517
65.288303436 93.02502707870565
65.376333582 93.02502707870566
66.287924459 93.50531971713386
66.288432484 93.50531971713387
66.305817203 93.51394922831527
66.306528026 93.5349500098574
66.32677858 93.53495000985741
66.401189378 93.53495000985743
67.287045827 94.01524264828562
67.287519 94.01524264828564
67.304328621 94.02387215946703
67.320336499 94.02387215946705
68.248822977 94.50416479789526
68.322423636 94.50416479789527
69.164519166 94.56739662411728
69.16624819 94.77960589183921
69.16668322 94.83150405053371
69.167181452 94.87660941206734
69.167974273 94.92027700701874
69.175693704 94.93564253469606
69.179812611 94.95979285142852
69.361978763 94.95979285142853
70.031128321 95.02302467765053
70.032718079 95.23523394537247
70.033148224 95.28713210406697
70.033654213 95.3322374656006
70.050954912 95.33223746560061
70.118843236 95.33223746560063
70.871309976 95.39546929182262
70.873226304 95.43870677745628
70.873312285 95.65957671823905
70.885177505 95.68385123275156
71.18784657 95.68385123275158
71.671163326 95.68523346909443
71.671275982 95.7067136572322
71.672434913 95.79032054460721
71.672530135 95.99569688009899
71.685802875 95.995696880099
71.716931138 95.99569688009902
72.233939836 95.99569688009903
72.432983144 96.01855930457967
72.434239284 96.1021661919547
72.434340923 96.20507496754908
72.43990173 96.25440906660498
72.485290559 96.25440906660499
73.167899192 96.25579130294786
73.167990557 96.27727149108561
73.169063184 96.36087837846064
73.169156321 96.46378715405503
73.18398359 96.46378715405504
73.630284993 96.46378715405505
73.868644738 96.46516939039792
73.868734457 96.48664957853569
73.87046994 96.54458134574871
73.870740983 96.59712370679509
73.87215377 96.64110025565031
73.885980071 96.64110025565033
74.457626555 96.64110025565034
74.540165741 96.72189444734401
74.541514636 96.77443680839039
74.545701731 96.78490866333892
74.547166065 96.81405452090073
74.552662253 96.81841335724562
75.179785644 96.8197955935885
75.17988666 96.84127578172627
75.18089407 96.89920754893929
75.181144034 96.95174990998566
75.185337343 96.96222176493421
75.786750946 96.98508418941486
75.788519028 97.09555831767426
75.986241632 97.09555831767427
76.366183869 97.09694055401714
76.36628827 97.11842074215491
76.367300061 97.1743281202032
76.367927771 97.22889487041431
76.794378836 97.22889487041432
76.929407273 97.25175729489499
76.93016024 97.30766467294325
76.932754037 97.32362637260104
76.935849517 97.32992375318373
76.936125297 97.33611845753107
76.93876914 97.3416020089413
77.34037105 97.34160200894131
77.46009068 97.34298424528419
77.460185424 97.36446443342196
77.460779448 97.42037181147025
77.464315174 97.42363586368973
77.46658455 97.44263089171073
77.466836317 97.44882559605806
77.497536081 97.44882559605807
77.958714811 97.47168802053874
77.95945519 97.527595398587
77.96312142 97.53085945080649
77.966042485 97.54059449404146
77.967250144 97.54762909261454
78.459022604 97.57049151709519
78.45919425 97.62639889514348
78.462309004 97.62966294736296
78.46589818 97.63939799059791
78.475388596 97.63939799059793
78.913385886 97.66226041507859
78.913550664 97.71816779312687
78.916526683 97.72143184534634
78.926227242 97.72143184534636
79.345002509 97.74087559511104
79.345514708 97.74429426982701
79.3460181 97.80020164787528
79.354570576 97.8002016478753
79.750644112 97.81964539763999
79.753117365 97.85533835578767
79.756816974 97.86621380882364
80.133353196 97.88565755858835
80.13580785 97.91548830341893
80.237605072 97.91548830341894
80.482941007 98.0002191801976
80.599975828 98.00021918019762
80.811292702 98.01966292996231
80.812235369 98.07593576135055
81.118815226 98.09537951111523
81.202386637 98.09537951111524
81.231762676 98.09537951111525
81.417065722 98.09581778783702
81.419253918 98.1135036534831
81.513308015 98.11350365348311
81.691178186 98.11394193020489
81.692232147 98.1447268340664
81.820228695 98.14472683406642
81.946888302 98.14516511078817
81.984986614 98.1451651107882
82.187155548 98.33577875957322
82.25474307 98.33577875957323
82.621423958 98.38378705708568
82.621484721 98.43558954376547
82.672050876 98.43558954376549
83.00246146 98.54264505968361
83.012708552 98.54264505968362
83.11807834 98.54264505968364
83.3327059 98.60807673964919
83.335287733 98.7545425103286
83.73975803 98.76609480410991
83.832899445 98.76609480410993
84.663419747 98.9290606623222
84.669897302 98.92906066232221
84.697776606 99.04409406703685
84.745500977 99.10578101376286
