0.000352875 49.898680208264494
0.000436649 50.33189278749522
0.000541811 50.86743082624102
0.000647831 51.86749977244756
0.001641998 51.86749977244757
0.021300806 52.04745286341537
0.044817331 52.06688429581747
0.07892868 52.408910760477006
0.079011548 53.408979706683546
0.095144435 53.588932797651346
0.096008127 53.58893279765135
0.216733733 53.5922605099383
0.235076939 53.61169194234039
0.355391151 53.61206198746387
0.476100557 53.62831567766251
0.53581094 53.62831567766252
0.577729365 53.631766239561266
0.578545417 53.63176623956127
0.709355609 53.63427877825678
0.71365719 53.65371021065887
0.893508576 53.65371021065888
0.954653166 53.654461367724494
1.075399775 53.6544613677245
1.1950924139999999 53.66674675392649
1.254261623 53.666746753926496
1.535615733 53.66990252381886
1.553574496 53.689333956220956
1.673376011 53.69815430354249
1.9131528370000002 53.69947051643461
1.971563269 53.71358906116892
2.030808839 53.713589061168925
2.073180842 53.741006637240794
2.090939878 53.76043806964289
2.271248622 53.760438069642895
2.554847027 53.77760524965562
2.555640838 53.77760524965563
2.572895962 53.797036682057715
2.788073616 53.95755834062343
2.805993482 53.97698977302552
2.923454197 53.97698977302553
3.069450658 54.48778772494618
3.069551682 55.487856671152706
3.085817729 55.48785667115272
3.086176567 55.66780976212053
3.432217082 55.670543546850936
3.560539462 55.67054354685095
3.9083843 55.70714215926577
4.30842534 55.70714215926578
5.281372842 55.88709525023357
5.339794609 55.887095250233585
5.941603668 55.976390037652735
5.9416575179999995 56.07438236050656
5.941983838 56.28845925676093
5.942219124 56.61141332145009
5.943019873 56.71757761380066
5.943094092 56.83489154508605
5.9432021 57.18898521025572
5.943286357 57.20054950922433
5.951417457 57.400695933091185
5.970123199 57.4006959330912
8.084405599 57.43227294187999
8.103347929 57.47467232214059
8.104129922 57.4746723221406
8.111198056 57.474672322140606
8.112539511 57.53380001558503
8.130570895 57.53380001558504
8.451442088 57.533800015585044
8.761563723 57.66921772342853
8.761665443 58.20475576217433
8.761783075 58.239580441014496
8.761902543 58.61435229069865
8.76196756 58.809690046684324
8.762260499 59.01985001378702
8.789844102 59.121377087492064
8.807646239 59.12137708749207
9.556255946 59.166386236202186
9.573896583 59.16638623620219
11.508528423 59.31592248878
11.508643554 59.85146052752578
11.508771253 59.88628520636596
11.50881269 59.98334104989954
11.50891039 60.26105705605011
11.509005171 60.3544235024654
11.50928297 60.42423040168267
11.509312149 60.66655477913847
11.527683039 60.70895415939909
11.55362437 60.75396330810921
12.276418074 60.75396330810922
14.183139597 60.94850870939714
14.183241445 61.48404674814294
14.183355387 61.518871426983104
14.183471481 61.893643276667255
14.183533909 62.08898103265293
14.183812022 62.29914099975563
14.220772609 62.315394689954275
14.23426238 62.34154038001624
14.305409773 62.34154038001625
16.776538264 62.53608578130415
16.776641419 63.071623820049965
16.776756141 63.10644849889013
16.776872242 63.48122034857427
16.776949157 63.676558104559945
16.777237081 63.88671807166264
17.080270562 63.88671807166265
17.682406513 63.886718071662656
18.635519641 63.88671807166266
19.301114982 64.08126347295058
19.301221216 64.61680151169638
19.303027819 64.65162619053655
19.303147995 65.02639804022071
19.303212122 65.22173579620639
19.304183524 65.36856112265264
19.31320833 65.40554508629177
19.315550151 65.4315257181856
21.756678819 65.62607111947351
21.756777442 66.1616091582193
21.756889724 66.19643383705947
21.757002618 66.57120568674362
21.757076516 66.66457213315891
21.757312912 66.73437903237618
21.757812681 66.76654344272931
21.75879249 66.91336876917553
21.767762223 66.95035273281468
24.152554172 67.05993560304907
24.152655091 67.28500344752433
24.152721152 67.78413020038876
24.153816956 67.96078818734956
24.153891275 68.07810211863494
24.154185083 68.09312367291412
24.154238207 68.15535952269647
24.155171692 68.1630037080752
24.155656675 68.17636082208037
24.162424673 68.19464044473578
24.163592217 68.21623727550464
24.176013578 68.29136935042709
24.178250436 68.39401653274258
24.178987455 68.45784342974353
24.186972278 68.45784342974355
26.493001766 68.65238883103149
26.49310511 69.18792686977727
26.493204476 69.22275154861745
26.493315312 69.5975233983016
26.493391434 69.69088984471688
26.493645357 69.76069674393415
26.494132552 69.79286115428727
26.517539116000002 69.8566461192247
26.794666133 69.85664611922472
28.757909704 69.9662289894591
28.757996598 70.19129683393436
28.75813697 70.31632345169913
28.758164608 70.39333571387768
28.758408745 70.43568232599603
28.758845115 70.69042358679881
28.759117727 70.8670815737596
28.759182961 70.98439550504499
28.759451463 70.99941705932417
28.759505278 71.06165290910651
28.760829748 71.08265420849041
28.767294798000002 71.10093383114584
28.782537255 71.19166384376841
28.827150806 71.19166384376842
28.847960873 71.19166384376844
31.007870119 71.30124671400281
31.007964367 71.52631455847808
31.008102892 71.65134117624284
31.008129517 71.7283534384214
31.00838592 71.77070005053976
31.008811776 72.02544131134252
31.00908945 72.20209929830334
31.009159288 72.31941322958872
31.009429958 72.33443478386788
31.00962594 72.33530179228715
31.009790233 72.3849530881937
31.010836103 72.41767193303413
31.039857304 72.45742803351577
31.042428733 72.4575483864584
31.48978477 72.45754838645841
33.148949912 72.56713125669279
33.149039652 72.79219910116805
33.149177658 72.91722571893281
33.149203885 72.99423798111135
33.149445426 73.03658459322972
33.150110876 73.4679838409933
33.150180799 73.58529777227868
33.150452396 73.60031932655785
33.150642928 73.60118633497713
33.150790034 73.65083763088367
33.151801066 73.6835564757241
33.179558487 73.72331257620574
33.428967475 73.72331257620576
35.211838943 73.83289544644013
35.211925042 74.0579632909154
35.212059924 74.18298990868016
35.212086558 74.2600021708587
35.212329515 74.30234878297706
35.212981629 74.73374803074064
35.213047137 74.85106196202602
35.213314173 74.8660835163052
35.213500224 74.86695052472447
35.213661496 74.91660182063103
35.214659268 74.94932066547145
35.564601545 74.94932066547146
36.916774644 74.94932066547148
37.202675158 75.05890353570585
37.202759275 75.2839713801811
37.202896635 75.40899799794587
37.202923228 75.48601026012442
37.203168875 75.52835687224278
37.203815195 75.95975612000633
37.2038812 76.07707005129171
37.204153432 76.0920916055709
37.204339772 76.09295861399018
37.204489197 76.1426099098967
37.235431395 76.14260990989672
38.845813629 76.14260990989673
39.121220097 76.9356788670087
39.121439433 77.06743611980767
39.122289558 77.15304536443162
39.12235669 77.270359295717
39.122630773 77.28538084999619
39.122804343 77.28624785841545
39.123447876 77.32616880261814
40.979486088 77.43575167285252
40.97959164 77.66081951732778
40.979723219 77.78584613509256
40.979751487 77.86285839727108
40.980008921 77.90520500938945
40.980673426 78.19828552609967
40.980712859 78.45391818843841
40.98096477 78.4689397427176
40.981145759 78.46980675113686
40.985883928 78.4807664763542
40.990803401 78.4994444914313
41.014056025 78.49944449143132
41.643089797 78.49944449143133
42.786151322 79.2925134485433
42.786360427 79.42427070134225
42.786995585 79.42427070134227
42.787247447 79.6271938772516
42.787503298 79.64221543153079
42.78766991 79.64308243995006
42.792099201 79.6540421651674
42.850799743 79.65404216516741
44.423976954 79.65404216516743
44.536062171 79.86670487675717
44.536153961 80.57886837507836
44.55135067 80.72973184451145
44.554443738 80.79681310526686
44.560612072 80.79768011368614
44.696578666 80.79768011368616
46.23439181 80.88737881298638
46.234567318 81.25735744616057
46.23459324 81.3343697083391
46.234826725 81.37671632045746
46.236539135 81.4210847841502
46.23728368 81.48953329334253
46.237575124 81.68352236978156
46.244330929 81.69906210702514
46.244499078 81.75517435435555
46.454617534 81.75517435435556
46.742359419 81.75517435435557
47.892322076 81.96783706594532
47.89242739 82.6800005642665
49.483630718 82.97755093948737
49.483819849 83.10878128045569
49.483849985 83.186697281643
49.485887931 83.30340523473056
49.486419513 83.30340523473058
49.486546193 83.49482846900025
49.48689861 83.56584282036194
51.013811592 83.8633931955828
51.013956385 83.99462353655112
51.013983 84.07253953773842
51.015823262 84.18924749082599
51.018299223 84.39772667461968
51.025714049 84.42344409082594
51.116145004 84.42344409082595
52.497118026 84.7209944660468
52.497256321 84.85222480701512
52.497796785 84.85222480701513
52.499017892 84.88221657648734
52.499045807 85.04684876129001
52.502413621 85.12123283624997
52.502469871 85.23827199555969
52.520311852 85.25569577923983
52.752240451 85.25569577923984
53.942557554 85.5532461544607
53.942719201 85.68447649542901
53.944527167 85.71446826490123
53.944553623 85.87910044970388
53.947933084 85.95348452466385
53.947970909 86.07052368397358
55.204341205 86.07052368397359
55.37622644 86.36807405919446
55.376358486 86.49930440016277
55.378063932 86.52929616963497
55.378092629 86.69392835443765
55.381826826 86.81976064415869
55.382318952 86.8197606441587
55.819525863 86.81976064415872
56.733586496 87.11731101937957
56.733743102 87.24854136034789
56.735459894 87.2785331298201
56.735486572 87.44316531462276
56.743586913 87.48875920781205
56.744249166 87.55529244337977
56.744664041 87.5689976043438
56.770370434 87.56899760434382
58.042128737 87.56899760434383
58.044198159 87.86654797956469
58.04589203 87.89482200300338
58.045952507 88.02777009000522
58.045974002 88.19240227480788
58.056495976 88.25041652838034
58.058168311 88.2873564191908
58.058216279 88.3111527341641
58.288091162 88.31115273416411
59.326943091 88.60870310938496
59.328703935 88.63697713282367
59.328764068 88.7699252198255
59.32878683 88.93455740462815
59.33961788 88.99257165820063
59.341195753 89.02951154901109
59.341255372 89.05330786398437
59.395216582 89.05330786398439
60.559509365 89.35085823920525
60.561212709 89.37913226264396
60.561273705 89.51208034964579
60.568136596 89.55982951877183
60.570475275 89.63276384196793
60.572013916 89.7122624065485
60.575571087 89.75309258542882
60.762095751 89.75309258542883
61.732077861 90.0506429606497
61.733745246 90.07891698408841
61.733964911 90.21186507109023
61.741268129 90.25961424021628
61.74150715 90.29293317571968
61.772163816 90.2929331757197
62.59370179 90.29293317571971
62.878890813 90.59048355094056
62.880541479 90.61875757437927
62.880602529 90.7517056613811
62.887149433 90.79945483050714
62.889527775 90.80263008656873
62.891285478 90.8155578376383
62.95862181 90.81555783763831
63.91029089 90.81555783763832
63.988093298 91.11310821285917
63.989712728 91.14138223629789
63.990197798 91.27433032329971
63.996229189 91.32207949242576
63.998954796 91.32525474848735
64.89455047 91.32525474848737
65.043519571 91.62280512370823
65.045064597 91.65107914714693
65.045122067 91.78402723414877
65.051885806 91.83177640327482
66.060409896 92.12932677849567
66.062044327 92.2905488889362
66.08254439 92.29054888893621
67.063026777 92.58809926415708
67.066533889 92.63362328015985
67.06822816 92.70040564155005
68.005408405 92.99795601677093
68.008625533 93.04348003277369
68.013709467 93.08465788484456
68.014172063 93.11026239416388
68.158870481 93.1102623941639
68.905739422 93.40781276938473
68.908904934 93.4533367853875
68.913939505 93.49451463745838
68.91656283 93.49795935816805
68.920954004 93.49795935816806
69.405904931 93.49795935816807
69.772919129 93.79550973338893
69.776010919 93.8410337493917
69.780294262 93.88221160146256
69.949369019 93.88221160146257
70.623962067 94.17976197668342
70.626977239 94.2252859926862
70.633285517 94.22944366344407
71.329580926 94.22944366344409
71.435267984 94.52699403866494
71.438233873 94.57251805466771
71.443976281 94.57667572542559
72.202616555 94.87422610064645
72.205527354 94.91975011664921
72.211532902 94.91975011664923
72.445873976 94.91975011664924
72.943516216 95.21730049187009
72.943956445 95.2173004918701
72.957837945 95.26282450787286
73.650346752 95.56037488309373
74.013593092 95.56037488309374
74.327116502 95.67699233246705
74.327253765 95.70283350417755
74.327541805 95.70988727977723
74.328583233 95.8205341841586
74.396615823 95.82053418415862
74.961244224 95.93715163353194
74.961292511 95.96299280524242
74.961694694 95.97004658084212
74.963543371 96.01967193371671
74.967082608 96.05896617513045
74.979363744 96.05896617513046
75.573559748 96.17558362450379
75.573700406 96.20142479621427
75.573995038 96.20847857181397
75.575600213 96.25810392468857
75.582530492 96.26123820915356
75.882356768 96.26123820915357
76.151745975 96.37785565852688
76.152137149 96.41075060583707
76.153749818 96.46037595871167
76.164893688 96.46037595871168
76.671098764 96.4603759587117
76.702864525 96.576993408085
76.703225885 96.57699340808502
76.703274413 96.6098883553952
76.704422183 96.6183450595571
76.70474176 96.65548251322399
76.711153415 96.71939715425489
76.909423927 96.7193971542549
77.224273294 96.83601460362821
77.224601707 96.83601460362823
77.226317358 96.86890955093841
77.228104111 96.9145037087672
77.237900952 96.91450370876721
77.613271983 96.91450370876723
77.72162659 97.03112115814054
77.722005657 97.06401610545072
77.723171878 97.07247280961262
77.790982548 97.07247280961263
78.203023562 97.07247280961265
78.207784559 97.18909025898596
78.210428613 97.19082026385556
78.212000565 97.19164509664103
78.214548872 97.19993172571456
78.215831419 97.22889590396774
78.424075966 97.22889590396775
78.661617187 97.34551335334106
78.664054361 97.34724335821068
78.665635217 97.34806819099614
78.667704194 97.35635482006968
78.763246445 97.3563548200697
78.984983077 97.35635482006971
79.090222546 97.472972269443
79.092539479 97.47470227431262
79.094032425 97.47552710709809
79.110387861 97.4755271070981
79.249746505 97.47552710709812
79.419602333 97.47552710709813
79.49698918 97.59214455647142
79.499229544 97.59387456134104
79.519886977 97.59387456134105
79.645376941 97.59387456134107
79.806029697 97.59387456134108
79.880778896 97.7104920107144
79.886096794 97.71075418091863
79.886263944 97.71093803083903
79.887052362 97.71093803083905
80.10742487 97.71093803083906
80.227130701 97.82755548021237
80.293315924 97.82755548021238
80.554447902 97.8808373385204
80.555840984 97.91613692428338
80.55586483 97.91719088321024
80.865762296 97.97047274151826
80.866550077 97.99937180487545
80.870682451 98.00546945068324
80.882623636 98.00546945068325
81.15432596 98.05875130899128
81.157706324 98.19105912130847
81.159235812 98.19105912130848
81.192308228 98.1910591213085
81.428774406 98.2443409796165
81.434047972 98.27324004297371
81.687252891 98.32652190128174
81.697484586 98.32652190128175
81.929352175 98.34102091415922
81.929582815 98.37613645501666
82.135428776 98.37613645501668
82.154452434 98.41326465921325
82.154819666 98.42182913740159
82.155912588 98.42185164513485
82.164600406 98.42185164513486
82.365994564 98.45897984933146
82.366379515 98.46754432751979
82.563709571 98.50467253171638
82.565723606 98.5125322999267
82.612863051 98.51253229992672
82.744802555 98.54966050412332
82.746723805 98.5569775964535
82.915242957 98.59410580065011
82.91755943 98.64146892082402
83.076313414 98.66289855645967
83.076369543 98.67274784145106
83.076902552 98.67411102282979
83.14067753 98.6741110228298
83.22179245 98.69554065846543
83.221820656 98.70538994345682
83.24968349 98.70538994345685
83.357645535 98.72681957909248
83.480288096 98.75973436320544
