0.000355507 51.49310052791494
0.00043927 51.51423606605982
0.000467145 51.582335383665665
0.000492643 52.650086320077186
0.001251282 52.93903230833894
0.002306332 53.06224117812493
0.003845469 53.258974013773425
0.013462729 53.36297819075136
0.017901845 53.36411896339533
0.078500557 54.03350665905527
0.07911291 54.32245264731702
0.079959603 54.44566151710301
0.081175376 54.64239435275151
0.088589074 54.74639852972945
0.210279994 54.74812368448543
0.252607252 54.7492644571294
0.331183225 54.75687721152088
0.334610958 54.75801798416484
0.374057138 54.758017984164844
0.433390837 54.75801798416485
0.452405304 54.785644128152036
0.455786593 54.786784900796
0.613663135 54.78678490079601
0.691699076 54.78725136770651
0.695174198 54.788392140350474
0.85362892 54.78839214035048
0.929871582 54.80446983099452
0.93337664 54.805610603638485
0.970268888 54.80561060363849
1.04892578 54.81251340094421
1.052346634 54.81365417358817
1.090633876 54.813654173588176
1.168548283 54.81415686219465
1.172111554 54.815297634838615
1.40976255 54.83975600537486
1.413159429 54.84089677801882
1.470262777 54.84608243295442
1.4737132530000001 54.84722320559838
1.590434482 54.8542325896603
1.593824595 54.85537336230426
1.631250821 54.85537336230427
1.710433712 54.86477876107236
1.713905559 54.86591953371632
1.933844808 54.86591953371633
1.9525150089999999 54.89610699090323
1.95597369 54.897247763547185
1.99430826 54.89724776354719
2.072183961 54.92135031869546
2.075511117 54.92249109133942
2.115050982 54.922491091339424
2.175480994 54.92249109133943
2.19396066 55.00950866273578
2.197595136 55.01064943537975
2.257555872 55.010649435379754
2.43262382 55.05242088693854
2.492538867 55.06151159672086
2.495935628 55.06265236936483
2.731732414 55.11901653037091
2.772582363 55.12015730301487
2.856500712 55.16665654634276
2.895553357 55.166656546342764
3.085717491 56.10465806566622
3.086371331 56.393604053927966
3.087209917 56.516812923713964
3.0955742490000002 56.57338448133705
3.095709032 56.817549936340406
3.443788458 56.86518995231226
3.53839883 56.865189952312264
4.863105951 56.92269488596231
5.972558221 57.954835664585524
5.973465426 57.95483566458553
5.973947145 58.019616568299334
5.974141298 58.366990522633266
5.982392817 58.42356208025637
7.427971602 58.4244954562833
7.428748287 58.42449545628331
7.436034549 58.481067013906404
8.772488895 59.54546939838743
8.773315131 59.54546939838744
8.773750703 59.61025030210123
8.77393952 59.957624256435174
8.782087491 60.01419581405826
8.837854466 60.014195814058276
11.506557733 60.036090589920015
11.506605602 61.10384152633154
11.507809885 61.16862243004534
11.508007801 61.51599638437927
11.508790012 61.51599638437928
11.561809979 61.515996384379285
14.178353794 61.53789116024102
14.178402386 62.605642096652545
14.181300804 62.957488024622435
14.195787784 63.01779695470027
16.154323191 63.01779695470028
16.785206206 63.03969173056201
16.785246019 64.10744266697354
16.788179633 64.45928859494343
16.812547919 64.50090119690331
16.830031764 64.50090119690333
19.298883629 64.52279597276507
19.298934889 65.5905469091766
19.301743025 65.94239283714649
19.385686563 65.9423928371465
21.757270998 65.96428761300824
21.757310921 67.03203854941977
21.760113963 67.20453836576166
21.767274143 67.20885204742743
21.775051951000002 67.31888520913395
21.776908367 67.336291857916
21.872909024 67.33629185791601
23.017439775 67.33629185791602
23.112122471 67.33629185791604
24.155215107 67.35818663377775
24.155265315 68.42593757018926
24.158180862 68.5984373865312
24.165183532 68.60275106819694
24.172448167 68.71278422990348
25.673586112 68.71278422990349
25.853510919 68.7127842299035
26.487899388 68.73467900576523
26.487934434 69.80242994217676
26.492489132 69.95705340323947
26.497555606 69.97924344018442
26.517093421 70.029861980963
26.522728962 70.03047788644079
26.532048525 70.06801427624615
27.43054982 70.06801427624616
28.139383252000002 70.06801427624617
28.810127502 70.0899090521079
28.810163122 71.1576599885194
28.810914917 71.15765998851941
28.812901686 71.33015980486132
28.819598236 71.33447348652707
29.721982268 71.33447348652709
31.08510915 71.35636826238883
31.085158013 72.42411919880035
31.087866112 72.59661901514227
32.396793618 72.59661901514228
33.262231674 72.618513791004
33.262288233 73.68626472741553
33.267000729 73.84088818847825
33.349288464 73.84088818847826
35.390682848 73.86278296434
35.390721809 74.93053390075151
35.395516881 75.08515736181424
37.358327475 75.10705213767598
37.358423572 75.58475405973218
37.358485341 75.70947492897385
37.358611879 75.86836007335761
37.358765669 76.05060788121908
37.358865243 76.11289732048213
37.358956366 76.14648097647782
37.370667584 76.23326503941071
37.383589445 76.2687083474168
37.659285919 76.26870834741682
39.282258756 76.29060312327854
39.282351003 76.76830504533476
39.28241479 76.89302591457643
39.282529766 77.01658371198464
39.282555787 77.05191105896019
39.282702395 77.23415886682166
39.282806599 77.29644830608473
39.294513681 77.41681602501329
41.151985001 77.43871080087503
41.152075125 77.91641272293123
41.152136709 78.0411335921729
41.152245348 78.16469138958111
41.152271403 78.20001873655664
41.152417804 78.38226654441812
41.152504705 78.44455598368118
41.163928806 78.56492370260976
42.959223864 78.58681847847149
42.959318327 79.0645204005277
42.959382535 79.18924126976937
42.959494228 79.34812641415311
42.959642016 79.53037422201459
42.959730361 79.59266366127765
42.977054394 79.69958342402816
44.706080134 79.7214781998899
44.706166881 80.1991801219461
44.706227006 80.32390099118777
44.706330943 80.48278613557153
44.706476011 80.665033943433
44.706572086 80.72732338269607
44.723473708 80.83424314544656
46.434993382 80.85613792130832
46.435091468 81.22558270136625
46.43511567 81.28054451982797
46.435150319 81.45856071260619
46.435253825 81.61744585698993
46.435394636 81.7996936648514
46.435477826 81.86198310411447
48.080341682 82.0556694509478
48.080767104 82.1251424073467
48.082765477 82.3672808214331
48.083690688 82.49372651489271
48.085290435 82.55241730879155
48.085420284 82.70011454763109
48.085604422 82.7412583167378
48.096951234 82.88753379821236
49.681528837 82.9094285740741
49.68161352 83.38713049613031
49.681672158 83.511851365372
49.681779843 83.67073650975574
49.681916757 83.85298431761721
51.209530397 84.04667066445053
51.209837958 84.11614362084944
51.209915006 84.35828203493583
51.210662334 84.48472772839544
51.212168933 84.54341852229427
51.212294821 84.69111576113383
51.212475049 84.73225953024054
51.225831227 84.75318145261734
52.027397075 84.75318145261735
52.686970322 84.94686779945067
52.687239584 85.01634075584958
52.687328627 85.25847916993597
52.688083931 85.38492486339558
52.689605045 85.44361565729442
52.689726172 85.59131289613396
52.68989409 85.63245666524068
52.740963232 85.6324566652407
54.139837118 85.63245666524071
54.145058207 85.82614301207401
54.14536467 85.89561596847291
54.146192497 86.26420007601891
54.147671918 86.32289086991774
54.147799854 86.4705881087573
54.168458443 86.49837642563678
54.197191066 86.4983764256368
55.549434768 86.69206277247011
55.549706096 86.76153572886902
55.550509122 87.13011983641503
55.560168407 87.15397942113566
55.560604923 87.15397942113567
55.563223907 87.18881063031387
55.568111255 87.33650786915342
55.825525098 87.33650786915344
56.90322694 87.53019421598675
56.903502192 87.59966717238567
56.904290768 87.96825127993166
56.9140425 87.9921108646523
56.922193999 88.08331974653457
57.053247086 88.08331974653458
58.212094724 88.2770060933679
58.212371993 88.34647904976681
58.213919073 88.58348831573853
58.215797324 88.66975295814764
58.222330636 88.73892274203344
58.229778925 88.76589041969562
58.257004757 88.76589041969564
59.496383378 88.95957676652897
59.496666827 89.02904972292787
59.49974547 89.26605898889959
59.50155153 89.35232363130869
59.513030923 89.364937969725
59.513505188 89.38447219706288
59.516579927 89.41153991356556
60.127215923 89.41153991356558
60.725169345 89.68855438916927
60.728599629 89.99797312517862
60.739930834 90.01058746359493
60.740392162 90.0301216909328
61.728905146 90.03012169093282
61.902886391 90.22380803776612
61.90314485 90.29328099416502
61.906350828 90.61655490254584
61.906841918 90.61655490254586
61.925591803 90.61655490254587
62.695564323 90.61655490254589
63.04157443 90.81206555757527
63.041890993 90.89356937814959
63.045192658 91.20298811415894
64.135258811 91.39667446099224
64.135522317 91.46614741739116
64.142854931 91.61809258208913
64.143887036 91.7172685848777
64.151631717 91.78658434266157
64.176679536 91.78658434266158
64.382429841 91.7865843426616
65.190540232 91.9802706894949
65.190817143 92.04974364589381
65.198033784 92.20168881059179
65.19902669 92.30086481338036
65.228087357 92.30086481338037
65.750498209 92.30086481338039
66.20177819 92.49637546840975
66.202070693 92.5364440394066
66.202526358 92.57787928898408
66.210518795 92.68781178978286
66.220427945 92.69167885695644
66.221271742 92.80013171207838
67.115209729 92.8001317120784
67.198193211 92.99564236710776
67.198378622 93.03571093810461
67.198561376 93.07714618768208
67.207453764 93.12939645623986
67.208928823 93.16372443315012
67.211299803 93.19094575565444
67.291224062 93.19094575565445
68.182431517 93.38463210248776
68.18267811 93.45410505888667
68.190948696 93.5202104998159
68.191939569 93.53154750329327
68.192355483 93.55453847672617
68.198183942 93.56306991765808
68.234451451 93.5630699176581
68.802588023 93.56306991765811
69.099810811 93.75675626449141
69.100057095 93.82622922089033
69.108142911 93.89233466181956
69.14328114 93.89233466181958
69.248870407 93.89233466181959
69.977000059 94.08784531684898
69.977267965 94.12791388784582
69.977620413 94.16934913742328
69.987210505 94.19873084929885
69.987358362 94.2211690801272
69.991432289 94.22157421137096
70.041016798 94.22157421137098
70.812844975 94.45715343739721
70.813218008 94.49858868697467
70.82357575 94.52797039885024
70.823727667 94.55040862967859
70.828001894 94.5988150956189
71.172185686 94.59881509561892
71.617730077 94.83439432164514
71.618123791 94.87582957122261
71.626749363 94.90521128309818
71.626894353 94.92764951392653
72.071066858 94.92764951392654
72.377660365 95.12133586075984
72.377912372 95.19080881715877
72.380987046 95.28661618549178
72.543627075 95.2866161854918
73.086003126 95.28661618549181
73.107327569 95.52219541151803
73.107632763 95.5636306610955
73.805609443 95.75226472909068
73.805747923 95.82678996432773
73.846690981 95.82678996432774
74.468471705 95.83995068939025
74.468516925 95.88466723250448
74.469296413 95.97399848487471
74.470586422 96.02639039182809
74.474183071 96.06771573243758
74.475982626 96.08599053938198
74.594603443 96.085990539382
75.102621761 96.28559096688235
75.109029802 96.32691630749181
75.121528428 96.32691630749183
75.364793059 96.32691630749184
75.715583109 96.52651673499219
75.808621595 96.5265167349922
76.288877731 96.58439400316894
76.289442078 96.67372525553918
76.290827376 96.71647834782725
76.291533714 96.72267827395993
76.308221959 96.72267827395994
76.838463411 96.73583899902245
76.838505421 96.78055554213668
76.839058557 96.86988679450693
76.840368162 96.95426757696622
76.956945303 96.95426757696623
77.357195992 97.01214484514296
77.357743286 97.1014760975132
77.368136347 97.10147609751321
77.85182381 97.15935336568995
77.852668063 97.22517699440478
77.85292647 97.2385020253456
77.872575993 97.23850202534561
78.330416301 97.25166275040812
78.330454526 97.29637929352235
78.330906389 97.36220292223717
78.62007597 97.36220292223719
78.784561888 97.42008019041391
78.787067174 97.4700364466611
78.79056269 97.47392115749247
78.790973665 97.47392115749248
78.807886037 97.4739211574925
79.216902647 97.53179842566925
79.219209294 97.58175468191642
79.244397278 97.58175468191644
79.62502976 97.63963195009318
79.629827234 97.67188122492054
79.630849768 97.67438503699603
80.022985476 97.73226230517278
80.02768541 97.76451158000015
80.376607583 97.8223888481769
80.703648741 97.85088688373865
80.709211755 97.86694070740528
81.012370803 97.89543874296703
81.017767518 97.93950389851027
81.300656529 97.96800193407202
81.305497047 97.97431263728284
81.575544862 98.00281067284459
81.833115003 98.0204249937321
81.919703579 98.02042499373212
82.072396931 98.02515717842404
82.074182365 98.03417466666424
82.253637352 98.03417466666426
82.297524392 98.03890685135616
82.299880215 98.04415847831027
82.308444838 98.04415847831028
82.497329976 98.0441584783103
82.510143425 98.05049606927612
82.5380495 98.05049606927614
82.600606352 98.05049606927615
82.706765588 98.141019864595
82.800822861 98.14101986459501
82.872129887 98.14101986459502
83.061114509 98.25452793664412
83.109294458 98.25452793664414
84.107656224 98.31639795886694
84.123873071 98.31639795886696
84.351227842 98.36188848557435
84.38902403 98.36188848557437
84.622868035 98.59076003878383
