0.000365086 45.46659248721831
0.000436031 45.564522915400886
0.000482559 45.68417580587298
0.002372238 46.15295412571612
0.002398008 46.326487474070234
0.002573108 46.63806048008085
0.002600367 46.80570793130758
0.002697513 46.81594980638984
0.002767078 46.89320128526026
0.003938868 47.67682799780901
0.004750539 47.70990995747265
0.011019305 47.736961388334706
0.028458594 47.76084706976988
0.028704544 47.850007757069434
0.080397364 47.89930839862515
0.080551129 48.21088140463576
0.080576296 48.378528855862484
0.080660867 48.388770730944756
0.080721118 48.466022209815165
0.081724616 49.24964892236393
0.082409808 49.28273088202755
0.087446449 49.30978231288961
0.101119278 49.3336679943248
0.101311297 49.42282868162434
0.223377421 49.42811595975614
0.345558907 49.44217390508152
0.4676956 49.458588184222066
0.705031309 49.46954951003691
1.06210634 49.48398565011783
1.122358363 49.483985650117845
1.419655186 49.48874960794927
1.660129917 49.49332077880845
1.780260045 49.499893958181914
2.02145977 49.50005348397022
2.081671078 49.500053483970234
2.1432047340000002 49.50263146970053
2.261971134 49.51827683808794
2.499226496 49.52686094359511
2.558021567 49.52968290056259
2.6470320000000003 49.553568581997766
2.675825449 49.55356858199778
2.73752689 49.60876171244071
2.797517041 49.608761712440725
3.074977203 49.61394471896254
3.075014616 49.787478067316655
3.075184078 50.26669852455397
3.075275349 50.276940399636246
3.075338541 50.35419187850667
3.076327848 51.13781859105542
3.07701988 51.17090055071904
3.081848913 51.1979519815811
3.103021939 51.27703079345922
3.161710034 51.27703079345923
3.21108445 51.312322537369056
4.81363759 51.367515667811986
5.940739815 51.40799041824364
5.940781286 51.581523766597755
5.940953168 52.06074422383509
5.941047575 52.07098609891736
5.941110585 52.14823757778778
5.942082905 52.931864290336534
5.942783027 52.96494625000015
5.947554708 52.99199768086221
5.97100921 53.07107649274032
6.671242166 53.07107649274033
8.749591571 53.16674437361492
8.749639932000001 53.34027772196903
8.749811470000001 53.81949817920636
8.749907797 53.82974005428862
8.750918402 53.86436142072641
8.750948204 54.690618245707796
8.751631012 54.72370020537143
8.756355755 54.75075163623349
11.490094141 54.88939370092335
11.490151618 55.01995286546219
11.490322381 55.499173322699534
11.49041475 55.50941519778179
11.491401644 55.54403656421958
11.491473844 55.65207362141496
11.491500951 55.932158180116986
11.491649198 56.27896764647153
11.49176163 56.35933206338612
11.492149655 56.403375348864586
11.500809335 56.419020717251996
11.506245521 56.42760482275918
14.167668462 56.56624688744904
14.167734524 56.69680605198788
14.167912425 57.17602650922521
14.168011344 57.18626838430747
14.168820207 57.18626838430748
14.16901467 57.22088975074526
14.169085436 57.32892680794063
14.169111717 57.60901136664266
14.169258095 57.955820832997205
14.169371038 58.036185249911796
14.169754917 58.08022853539026
14.178038905 58.09587390377767
14.200224484 58.09587390377769
16.788640716 58.234515968467534
16.788696765 58.365075133006385
16.788865532 58.84429559024372
16.788958436 58.854537465325976
16.789896149 58.889158831763766
16.789971802 58.99719588895914
16.790040214 59.046286030091494
16.790142511 59.62408991401571
16.790251288 59.704454330930304
16.790612193 59.748497616408784
16.836473334 59.76414298479618
19.332588847 59.90278504948604
19.332647752 60.03334421402489
19.332812317 60.512564671262226
19.332904912 60.52280654634448
19.333690824 60.5228065463445
19.333854739 60.55742791278227
19.333925547 60.66546496997765
19.333994581 60.714555111110016
19.334098201 61.29235899503422
19.33421014 61.37272341194881
19.334595138 61.41676669742729
21.798176273 61.55540876211715
21.798238213 61.68596792665599
21.798401126999998 62.16518838389332
21.800159267 62.17543025897558
21.800898143 62.175430258975595
21.801049995 62.44917416269992
21.801115859 62.53198661851188
21.803308767 62.549151855188214
21.803360806 62.81772997971399
21.804014234 62.95991128940402
21.823083988 62.98612750430418
21.824140311 63.02534712457991
24.190422283 63.16398918926977
24.190487459 63.29454835380862
24.190652183 63.773768811045954
24.19074388 63.78401068612821
24.191619477 64.05775458985255
24.191687171 64.1405670456645
24.19245171 64.14056704566451
24.193883206 64.15773228234085
24.193932553 64.42631040686662
24.194570489 64.56849171655665
24.213629701 64.59470793145681
26.540774624 64.73334999614667
26.540835553 64.86390916068551
26.541008168 65.34312961792286
26.541103473 65.35337149300511
26.54197362 65.62711539672945
26.542041853 65.70992785254141
26.54419451 65.72709308921775
26.54424662 65.99567121374352
26.544897209 66.13785252343355
28.82270059 66.27649458812341
28.822762577 66.40705375266226
28.822929144 66.88627420989958
28.823025786 66.89651608498184
28.823950708 67.25307244451815
28.830246703 67.33298926528146
28.83027639 67.3560482060719
28.83032557 67.3607981792461
28.830400976 67.64551246684387
31.135485554 67.78415453153373
31.135688393 68.39393415330993
31.13816206 68.40417602839219
31.138861114 68.44545138475956
31.138888358 68.5642117543438
31.139031336 68.76073238792847
31.145235444 68.8224575430579
31.146026386 68.86681520712465
31.154382934 69.09963825500417
31.155012455 69.09963825500418
31.158071988 69.10665764635742
31.159501233 69.11942003308879
31.177507288 69.15317241025417
31.30769128 69.15317241025419
33.329181037 69.29181447494403
33.329394234 69.90159409672022
33.330189137 69.91183597180247
33.330894114 69.95311132816987
33.330921337 70.07187169775409
33.337051902 70.33011748646818
33.339202391 70.36976351151708
33.346116387 70.60729819841445
33.346734664 70.60729819841447
33.349756968 70.61431758976771
33.351167864 70.62707997649908
33.351800908 70.62707997649909
34.665383867 70.6270799764991
35.454803712 70.76572204118894
35.455001106 71.3755016629651
35.455090504 71.38574353804738
35.456519717 71.42701889441477
35.456547312 71.545779263999
35.462517785 71.80402505271309
35.464624213 71.84367107776198
35.471449223 71.93550569959724
35.471919107 72.08120576465936
35.49061033 72.0921020579556
37.488147998 72.23074412264546
37.488351498 72.84052374442162
37.489116061 72.8507656195039
37.489795737 72.89204097587128
37.495698875 73.26904713416961
37.497764552 73.30869315921849
37.504592108 73.40052778105377
37.508550532 73.4657477380977
37.512487704 73.47933630627011
37.527828227 73.47933630627014
39.495810724 73.61797837096
39.496012178 74.22775799273616
39.496923118 74.23114540812465
39.497106014 74.23576969749733
39.497459548 74.27927522418582
39.503196131 74.65628138248414
39.505239852 74.69592740753303
39.511842013 74.7877620293683
39.560502772 74.78776202936831
41.364834806 74.92640409405816
41.365027512 75.53618371583434
41.365898447 75.53957113122283
41.366081616 75.54419542059551
41.366427491 75.58770094728398
41.372187626 75.9647071055823
41.374196759 76.0043531306312
41.381754413 76.07705579252031
41.528285492 76.07705579252033
43.190612041 76.21569785721015
43.19080658 76.82547747898633
43.193377758 76.82886489437482
43.193554296 76.8334891837475
43.193879549 76.876994710436
43.199188322 77.25400086873432
43.201108476 77.2936468937832
43.214896887 77.31561149078006
43.249895883 77.31561149078007
43.671948832 77.31561149078009
44.951068691 77.45425355546993
44.951316476 77.69881364820131
44.9514234 77.73009648543703
44.951947226 78.0640331772461
44.952161116 78.06742059263459
44.952349332 78.07204488200728
44.958233017 78.17348972520183
44.958666692 78.49255656699408
44.959970859 78.53220259204296
44.981162977 78.53220259204298
45.064470803 78.53220259204299
45.782080217 78.532202592043
46.661828832 78.67084465673284
46.662065217 78.91540474946422
46.662160406 78.94668758669994
46.662662728 79.28062427850901
46.662882134 79.2840116938975
46.663062439 79.28863598327018
46.663660185 79.2886359832702
46.668860744 79.39008082646475
46.669284257 79.709147668257
46.710564525 79.70914766825702
48.246045944 79.70914766825703
48.339734044 79.84778973294686
48.3399719 80.09234982567824
48.3400608 80.12363266291396
48.340793662 80.46095677011152
48.340977269 80.46558105948421
48.346727205 80.56702590267876
48.347213761 80.5670259026788
48.348385948 80.73064465288938
48.349681703 80.73843458501163
48.350168844 80.73843458501166
48.357692854 80.87214572580935
48.39051848 80.87214572580936
49.635277819 80.87214572580937
49.939989925 81.01078779049921
49.940254578 81.25534788323058
49.940363187 81.2866307204663
49.941118483 81.55435984006833
49.941266951 81.62857911703655
49.949741495 81.90143264256399
49.96220985 82.01559999002491
49.993175056 82.01559999002494
50.399832283 82.01559999002495
51.489272563 82.15424205471479
51.489519102 82.39880214744616
51.489606324 82.43008498468191
51.490298893 82.76740909187947
51.491031459 82.77203338125214
51.496005195 82.8734782244467
51.497594422 83.03709697465729
51.498868839 83.04488690677957
51.90082463 83.0448869067796
53.004465831 83.18352897146943
53.004702964 83.4280890642008
53.004789616 83.45937190143655
53.005501686 83.72710102103858
53.006066032 83.79669600863411
53.006187263 83.80132029800679
53.014250503 83.81292305260638
53.014602981 83.81970922170404
53.019616783 83.84245447044219
53.020150385 83.8424544704422
53.0237288 84.0265988657586
53.03024716 84.06638389141196
53.405589855 84.06638389141197
54.454720583 84.2050259561018
54.454954885 84.44958604883318
54.455039161 84.4808688860689
54.455726293 84.74859800567093
54.456323684 84.74859800567094
54.456413436 84.82281728263916
54.464558982 84.83442003723873
54.464910391 84.8412062063364
54.469776888 84.86395145507454
54.470296298 84.86395145507456
54.473714455 85.04809585039095
54.641838963 85.04809585039096
54.813318382 85.04809585039098
55.856878682 85.1867379150808
55.857127969 85.4312980078122
55.857886461 85.73030996464995
55.858457043 85.73030996464996
55.866396534 85.81613199621772
55.866723929 85.82291816531541
55.871600709 85.84566341405356
55.872100641 85.84566341405358
56.855873279 85.84566341405359
57.224002936 85.98430547874344
57.224338471 86.06847922298451
57.224421201 86.11116908404787
57.224796734 86.2288655714748
57.224988419 86.52787752831256
57.233250503 86.61369955988036
57.233588671 86.62048572897803
57.238371707 86.64323097771619
58.37333563 86.6432309777162
58.548666773 86.78187304240603
58.549024781 86.86604678664713
58.549100773 86.90873664771047
58.549673687 87.32544509197515
58.550257061 87.32544509197517
58.55817007 87.41805329264062
58.624266722 87.41805329264064
59.676433254 87.41805329264065
59.831909552 87.55669535733048
59.832258028 87.64086910157155
59.832326603 87.68355896263492
59.832959816 87.78852374582675
59.833146604 87.84979947899467
59.833341477 87.88716164349884
59.833434886 88.10026740689959
59.84942507 88.1250953624417
59.87433154 88.12509536244173
60.194014989 88.12509536244174
61.020824336 88.12509536244175
61.053883008 88.26373742713159
61.054231838 88.34791117137266
61.054303439 88.39060103243602
61.054800141 88.80730947670071
61.339631829 88.80730947670072
61.648564468000004 88.80730947670074
62.235099529 89.15640408862957
62.236360775 89.19964405037275
62.236936227 89.21743144307696
62.237089411 89.48277171539108
62.397437538 89.4827717153911
63.2141694 89.48277171539111
63.374876459 89.83186632731994
63.375945928 89.87510628906315
63.376365898 89.89289368176733
63.377037096 90.15823395408147
64.474400635 90.5073285660103
64.475817514 90.55056852775351
64.481745352 90.67760049713242
64.481956159 90.74273908673476
64.482135904 90.75442229071723
64.487734997 90.79034609984518
64.487983262 90.80981241306212
64.492403703 90.81774852131149
64.495735207 90.81997899024512
64.7012411 90.81997899024513
65.530499842 91.16907360217395
65.535286376 91.18780446384804
65.537386299 91.19692403193777
65.537748806 91.33934553329605
65.543029008 91.45209113600883
65.547648711 91.47949355747512
65.56878238 91.47949355747515
65.893211601 91.47949355747517
66.543724665 91.828588169404
66.548335148 91.84731903107807
66.550373868 91.85643859916782
66.552448662 91.93776678652493
66.552583774 91.98938720993429
66.556055765 92.11160570323888
66.636123317 92.1116057032389
67.528992181 92.46070031516773
67.533374755 92.47943117684183
67.536121005 92.70779403987466
67.669304125 92.70779403987467
68.484974682 93.0568886518035
68.489335869 93.07561951347759
68.491757913 93.10999668758048
68.493537374 93.21768769233383
68.494497645 93.29386348435767
68.568341791 93.29386348435769
69.289300561 93.2938634843577
69.387701676 93.64295809628653
69.391876192 93.66168895796062
69.394199207 93.6960661320635
69.395699925 93.75213671340747
69.395812431 93.80375713681686
69.40323364 93.8144710742671
69.473779951 93.81447107426712
70.261760881 94.16356568619597
70.265911488 94.18229654787005
70.268213886 94.21667372197292
70.268627491 94.21667372197294
70.27032234 94.32436472672627
70.277193589 94.32436472672629
70.461545761 94.3243647267263
71.109811146 94.67345933865515
71.113831643 94.69219020032924
71.116395713 94.72656737443212
71.122852875 94.78263795577607
71.165509423 94.78263795577608
71.926784974 95.13173256770492
71.93066176 95.15046342937902
72.21853457 95.15046342937903
72.688201117 95.49955804130788
72.747031639 95.49955804130789
73.411087823 95.6824818953338
73.414640645 95.79040489805179
73.498770269 95.7904048980518
74.108229726 95.92904696274164
74.108557465 96.01322070698274
74.113105623 96.02078752228745
74.115750891 96.04933488920105
74.129215838 96.04933488920106
74.620281864 96.04933488920108
74.772398462 96.18797695389091
74.772695941 96.27215069813201
74.781088142 96.29405748156199
74.806860416 96.294057481562
75.385614811 96.29405748156202
75.403491953 96.43269954625185
75.407666576 96.47781860047814
75.407803358 96.4988755306798
75.412250253 96.51967071813974
75.497247231 96.51967071813975
76.006948017 96.65831278282958
76.011213564 96.72448876725753
76.022761919 96.72448876725754
76.092112722 96.72448876725755
76.582421264 96.8631308319474
77.110719205 96.86313083194742
77.131951369 96.89317402579594
77.132591858 96.90467220502612
77.13277851 96.94177649738477
77.13415108 96.94643053241397
77.135150437 96.98681161005536
77.141795658 96.99905197366519
77.14835691 96.9990519736652
77.264548488 96.99905197366522
77.661279391 97.02909516751374
77.661927215 97.04059334674392
77.662107634 97.07769763910257
77.664246309 97.12273275177316
77.669729401 97.15732406791014
77.699792618 97.15732406791015
78.105658293 97.15732406791017
78.157826491 97.1873672617587
78.158449844 97.19886544098888
78.158628853 97.23596973334753
78.160742425 97.2810048460181
78.308399158 97.28100484601812
78.346617605 97.28100484601813
78.633821931 97.31104803986666
78.6344791 97.32254621909685
78.634667665 97.3596505114555
78.636734594 97.42741858048679
78.673477227 97.4274185804868
79.090485648 97.45746177433534
79.091086436 97.46895995356552
79.091254971 97.50606424592416
79.093330058 97.62929178618508
79.522482909 97.6593349800336
79.523097315 97.6708331592638
79.52327313 97.70793745162244
79.526843287 97.73826290935436
79.527791111 97.74750213063363
79.560768584 97.74750213063365
79.673975954 97.74750213063366
79.929217112 97.77754532448219
79.929788222 97.78904350371238
79.929937578 97.82614779607103
79.933337512 97.85647325380295
79.964579744 97.85647325380296
80.232791581 97.85647325380297
80.315157576 97.8865164476515
80.315715036 97.89801462688169
80.315862624 97.93511891924034
80.468621005 97.93511891924035
80.664449283 97.9651621130889
80.664973137 97.97666029231907
80.665268321 97.99882580756265
80.665618581 98.00766971840963
80.856934879 98.00766971840964
80.993866805 98.03771291225819
80.994332026 98.04921109148837
80.994898877 98.07046997430757
80.995082254 98.07366045516036
80.995271327 98.08164299952843
81.013999912 98.08164299952846
81.299351546 98.11168619337698
81.299812328 98.12318437260717
81.300592169 98.14050436763164
81.30223629299999 98.14966196888783
81.390330687 98.14966196888784
81.593278066 98.17970516273637
81.596305723 98.18922441564894
81.596491576 98.20852333699102
81.607685858 98.20852333699104
81.721063925 98.20852333699105
81.86781785 98.23856653083958
81.868274858 98.25006471006976
81.905136868 98.25006471006978
82.126067956 98.2801079039183
82.12877174 98.28962715683087
82.130216947 98.34633536013364
82.149747323 98.34633536013365
82.367693996 98.37637855398219
82.368077746 98.40575366429391
82.426795041 98.40575366429393
82.593083716 98.43579685814247
82.595316661 98.45316598953606
82.595344584 98.45548165063268
82.595423343 98.60888981444371
82.605521506 98.60888981444373
82.804093549 98.63893300829227
82.808311668 98.64845226120482
82.812401037 98.64845226120484
82.905332862 98.64845226120485
83.001162424 98.6784954550534
83.004151819 98.8137256450359
83.008144837 98.81372564503592
83.099474181 98.81372564503593
83.186139375 98.84376883888447
83.189995624 98.84376883888449
83.359530696 98.85944029848615
83.362957296 98.85944029848616
83.406539437 98.85944029848618
84.032933892 98.88174601685766
84.233373181 98.99053856762878
84.233504422 98.99053856762879
84.321672164 99.08933792653572
