0.000365032 52.620999721027815
0.000536205 52.80993360002451
0.000597275 53.35303601442894
0.000780782 53.42595697188044
0.000931205 53.43402169717571
0.001241108 53.47120843704374
0.006850515 53.56859041585791
0.017751166 53.603030148579734
0.079200001 54.397230850615856
0.081161138 54.40803259194939
0.082109152 54.67854924243949
0.082499592 54.708016105495616
0.083522705 54.904545864890366
0.08434265 54.90454586489038
0.084735718 55.07615682335181
0.09341919 55.110596556073645
0.215457406 55.12157959018754
0.276523523 55.12754994279183
0.434278807 55.127549942791845
0.555832751 55.15033979286983
0.678465084 55.15033979286984
0.763131005 55.15453999904116
0.860030751 55.15453999904118
1.003621909 55.155044818189936
1.121787866 55.183517513525146
1.3598288250000001 55.191582238820416
1.5991032490000001 55.19942960271068
1.9592987499999999 55.22876897868845
2.078540729 55.260138411524935
2.321185947 55.2752235708506
2.372060789 55.28408598631873
2.3803479100000002 55.31852571904055
2.477776836 55.318525719040565
2.537982248 55.326150957502605
2.716619807 55.32615095750262
2.740997772 55.33018082912122
2.776464429 55.33018082912123
3.086796514 56.071271210492185
3.086912446 56.26020508948889
3.087073024 56.52580544402791
3.087113848 56.63381792458691
3.087138688 56.87622846134482
3.087263565 56.88429318664009
3.087539789 56.92147992650811
3.092575495 57.01886190532227
3.106722506 57.022891776940895
3.135431472 57.053301638044104
3.538878602 57.05330163804412
3.907947817 57.05733150966272
3.94261395 57.05733150966273
5.962331209 57.82883175213689
5.9624456 58.017765631133585
5.962604639 58.28336598567262
5.962646277 58.391378466231615
5.962671597 58.633789002989516
5.962797009 58.64185372828479
5.963074031 58.67904046815282
5.98112622 58.768797208504935
5.981640639 58.7804523185856
8.765164219999999 59.55598243267839
8.76528118 59.7449163116751
8.765438907 60.010516666214116
8.765480066 60.11852914677311
8.765504665 60.360939683531015
8.765628535 60.3690044088263
8.765884016 60.40619114869433
11.491294145 61.18172126278712
11.491415328 61.370655141783814
11.491561359 61.636255496322846
11.491600986 61.74426797688183
11.491625552 61.986678513639745
11.491755997 61.994743238935015
11.592004601 61.99474323893503
14.143370699 62.51007979595643
14.143525478 62.828351062103835
14.146655904 63.04973981645547
14.147478792 63.320256466945565
14.148728527 63.546253089396444
14.192153221 63.54625308939646
16.101454997 63.54625308939647
16.728227137 63.67386312045913
16.728294197 63.71439190438825
16.728318984 64.37986091256528
16.729769068 64.6012496669169
16.730821031 64.86347617594784
16.731383032 64.871766317407
16.737161712 64.88550276067885
16.742617114 65.09776293985789
19.239782617 65.20489043739501
19.239862864 65.22537297092057
19.239929852 65.26590175484968
19.239955676 65.9313707630267
19.241341577 66.15275951737834
19.242166985 66.42327616786844
19.244484488 66.43334951525232
19.245192922 66.43334951525233
19.248611629 66.43701261114029
19.259477789 66.4399072009958
19.266729631 66.49332690586621
21.696594928 66.6209369369289
21.696670464 66.661465720858
21.696695403 67.32693472903503
21.698096454999998 67.54832348338667
21.699123793 67.81054999241759
21.699717174 67.81884013387676
21.705379788 67.83257657714861
21.715356571 67.83547116700413
21.792233353 67.83547116700414
24.09904157 68.1078398374686
24.099150058 68.1343164841711
24.099310953 68.19636263846743
24.099443095 68.22345526773037
24.100076702 68.45863509009293
24.100229888 68.5780863728186
24.100430035 68.89046774452459
24.101228046 69.16098439501467
24.103497234 69.17105774239856
24.10753026 69.17472083828652
24.118868934 69.17761542814203
24.164932357 69.17761542814205
26.451655075 69.28474292567915
26.451732194 69.3052254592047
26.451794022 69.34575424313383
26.451817632 70.01122325131087
26.453156685 70.03052906381411
26.453830729 70.23261200566249
26.453918849 70.50312865615258
26.456105236 70.51320200353646
26.456850824 70.51320200353648
27.544075744 70.51320200353649
28.723555775 70.78557067400097
28.723655447 70.81204732070346
28.723823732 70.8740934749998
28.723952662 70.90118610426272
28.724589202 71.13636592662529
28.724744372 71.25581720935097
28.724933396 71.36611563920853
28.725627693 71.56819858105692
28.726144276 71.57233332545712
28.72627715 71.60769131385194
28.73021969 71.75084879717227
28.730393263 71.80478417221127
28.774534187 71.80478417221128
30.909286475000002 71.93239420327396
30.909351597 71.97292298720306
30.909376053 72.63839199538009
30.910673061 72.85978074973173
30.911712487 72.88007151249892
30.9119474 72.89927348252675
30.917384433 72.96122088381088
30.917567448 72.9683768353258
30.926480993 72.99077265934307
30.932852062 73.00675779372581
30.933041278 73.05904110856876
31.869318823 73.05904110856878
33.024952221 73.20730037991082
33.025126644 73.33140977903324
33.025216116 73.35788642573574
33.025382658 73.41993258003208
33.02549008 73.447025209295
33.02609949 73.68220503165756
33.026429444 73.91195474424083
33.027268578 74.08992744501565
33.027580499 74.11817243048942
33.027699908 74.15353041888423
33.032921763 74.21547782016837
33.033587942 74.21547782016839
33.050087641 74.29668790220455
33.064184509 74.29668790220457
33.114947461 74.29668790220458
35.083144634 74.44494717354664
35.083339159 74.56905657266906
35.08342962 74.59553321937155
35.083591741 74.65757937366789
35.083700321 74.68467200293082
35.084291723 74.91985182529338
35.084434651 75.03930310801906
35.084636323 75.14960153787663
35.085441083 75.32757423865147
35.085765217 75.35581922412523
35.085888978 75.39117721252005
35.0909724 75.45312461380419
35.13133296 75.4531246138042
37.054647379 75.60138388514628
37.054819361 75.7254932842687
37.056508737 75.75196993097119
37.056658587 75.81401608526753
37.05675755 75.84110871453045
37.057300449 76.076288536893
37.057424145 76.19573981961868
37.057621868 76.30603824947626
37.058406577 76.4840109502511
37.058711428 76.51225593572487
37.058830583 76.54761392411967
37.069200412 76.57497269421172
37.077192908 76.57743016873677
37.079300552 76.58362862895555
37.093627256 76.60956132540382
37.285979998 76.60956132540385
38.982374217 76.77770014039561
38.982421984 77.44316914857264
38.983137465 77.44316914857265
38.983672561 77.4624749610759
38.984463584 77.64044766185071
38.984774605 77.66869264732449
38.984897244 77.7040506357193
39.002680454 77.7338668803364
39.0047625 77.74006534055516
40.125306493 77.74006534055518
40.851703463 77.90820415554694
40.851743477 78.57367316372398
40.853720443 78.77095167700205
40.854029962 78.79919666247582
40.854155358 78.83455465087063
40.864157375 78.86191342096268
40.871249641 78.86437089548772
40.944993703 78.86437089548774
42.66127368 79.0126301668298
42.661449561 79.13673956595221
42.66324386 79.1632162126547
42.663386369 79.22526236695104
42.663485653 79.25235499621397
42.664022579 79.48753481857653
42.664147916 79.60698610130221
42.665047647 79.89525723193462
42.665339616 79.92350221740838
42.665456324 79.95886020580319
42.675083678 79.98621897589526
44.413797856 80.15435779088703
44.413839587 80.81982679906407
44.415697349 81.01710531234214
44.416018564 81.0453502978159
44.416134037 81.08070828621071
44.450714958 81.08070828621072
46.119372402 81.3530769566752
46.11948079 81.37955360337769
46.119629505 81.44159975767404
46.119745909 81.46869238693695
46.120258012 81.70387220929953
46.12126505 81.76286442992786
46.121316202 82.1115946226576
46.121596505 82.13983960813138
46.126980678 82.16966075308406
46.526436055 82.16966075308407
47.778222895 82.33779956807585
47.778264095 83.00326857625288
47.785603741 83.00429422478038
47.785634508 83.2586132199574
49.362878658 83.53098189042187
49.362978153 83.55745853712436
49.363123233 83.61950469142072
49.363236823 83.64659732068363
49.363717978 83.8817771430462
49.367169861 84.04121971966721
49.372376269 84.3472670803177
49.385028055 84.34726708031772
49.970310392 84.34726708031774
50.901918497 84.61963575078221
50.902014829 84.6461123974847
50.902242183 84.73525118104395
50.902731007 84.97043100340652
50.906140317 85.12987358002752
50.906687813 85.12987358002754
50.914201776 85.17886982500909
50.917732267 85.29007515864481
50.922025086 85.38103304630582
51.192425089 85.38103304630583
52.399780459 85.6534017167703
52.399895127 85.6798783634728
52.400141861 85.76901714703206
52.400632305 86.00419696939463
52.403959529 86.16363954601563
52.412276365 86.2126357909972
52.415631052 86.3238411246329
52.422505244 86.34641758297178
52.427714556 86.41191938275271
53.686478133 86.41191938275273
53.86317013 86.41615296647355
53.863376172 86.52947016042428
53.863425455 86.67187039971232
53.863458423 86.81001386025281
53.863949132 87.03508330584148
53.86456111 87.0350833058415
53.867186981 87.1945258824625
53.875500561 87.24352212744407
53.87871757 87.35472746107979
53.99216441 87.3547274610798
54.689312562 87.35472746107982
55.261419678 87.62709613154428
55.261739668 87.74271156180605
55.262199073 87.9778913841686
55.265721739 88.05519196239756
55.266002945 88.1373339607896
55.272840665 88.18633020577117
55.280165465 88.24738364848785
55.529264106 88.24738364848787
56.631801136 88.51975231895233
56.631902615 88.54622896565482
56.632133344 88.6353677492141
56.632603497 88.87054757157665
56.635833267 89.02999014819765
56.643127252 89.07898639317922
56.670679252 89.07898639317924
56.789191346 89.07898639317925
57.705762841 89.07898639317926
57.961684766 89.3778317103462
57.961935984 89.46697049390548
57.962384016 89.70215031626805
57.965544653 89.86159289288905
58.017831471 89.86159289288906
58.106626854 89.86159289288908
59.247112385 90.13396156335354
59.247417156 90.2495769936153
59.249446269 90.48475681597787
59.253853544 90.58061592567508
59.549614786 90.58061592567509
60.482236061 90.69816670334667
60.482298515 90.84056694263471
60.48233747 90.9787104031752
60.483359836 91.20377984876389
60.499035798 91.22217558857577
61.352033238 91.22217558857578
61.668450781 91.49454425904024
61.668727609 91.610159689302
61.669144677 91.84533951166456
61.672423545 91.84533951166458
61.827824978 91.84533951166459
62.635370996 91.8453395116646
62.821473859 92.11770818212905
62.821760592 92.2333236123908
62.828689666 92.24366341904464
62.830865605 92.36241843756149
62.838342029 92.40688661322532
62.860015668 92.40688661322534
62.905459596 92.40688661322535
63.925729641 92.67925528368981
63.926037931 92.79487071395158
63.930593124 92.79977852371299
63.930649162 92.89474020109245
63.935267964 92.92396553912225
63.936194086 92.92396553912226
64.808866864 92.92396553912228
64.990679406 93.07222481046432
64.990710679 93.31194963984849
64.997208675 93.32228944650231
65.009479529 93.41181912698936
65.057421544 93.41181912698937
65.73224261 93.41181912698939
66.014378144 93.56007839833144
66.014410803 93.79980322771561
66.02327408 93.81014303436943
66.702627973 93.81014303436945
67.027917631 93.9584023057115
67.027951933 94.19812713509567
67.974555488 94.42442262829934
67.977056332 94.42737370001652
67.980958136 94.4580781520553
67.982647263 94.52816005097992
67.986775244 94.53170145953746
68.023920475 94.53170145953747
68.294381628 94.53170145953749
68.874493416 94.75799695274115
68.876905059 94.76094802445833
68.882836292 94.86173437542173
68.98876108 94.86173437542175
69.540635533 94.86173437542176
69.739029447 95.08802986862544
69.741359915 95.09098094034262
69.747555537 95.19176729130601
70.56852497 95.19176729130602
70.577632966 95.4180627845097
70.579853813 95.42101385622686
70.589648142 95.43262962141897
70.590641045 95.51138796544733
71.373006932 95.73768345865099
71.375169119 95.74063453036817
71.384394123 95.75225029556027
71.39988347 95.75225029556029
72.132606296 95.97854578876397
72.134712195 95.98149686048113
72.238155733 95.98149686048114
72.356369163 95.98149686048116
72.870477088 96.20779235368481
73.012357332 96.20779235368482
73.569065088 96.31214076179513
73.569878292 96.40007702080135
73.932562567 96.40007702080136
74.243884825 96.50442542891167
74.244634546 96.71306139632055
74.845314186 96.71306139632057
74.896826919 96.81740980443088
74.898073962 96.85237120703876
74.900335272 96.87759427854077
74.900643324 96.87759427854078
74.901666875 96.89325885750723
75.47210331 96.89325885750725
75.512871846 96.99760726561756
75.513914127 97.03256866822544
75.516160719 97.05779173972745
75.51646552 97.05779173972746
76.114085682 97.16214014783777
76.115148374 97.19710155044565
76.119023837 97.20561674597818
76.428485847 97.20561674597819
76.685188451 97.3099651540885
76.68619357 97.34492655669638
77.209811609 97.44927496480669
77.214565716 97.46493890548942
77.710265964 97.56928731359972
77.714647685 97.58398429218815
77.724966924 97.58398429218816
78.051456639 97.58398429218818
78.188718461 97.68833270029847
78.225684271 97.68833270029849
78.645792693 97.76055753441867
78.648502191 97.7672115864571
78.654468215 97.78808962415106
78.732564349 97.78808962415107
79.080224378 97.86031445827125
79.082583759 97.86696851030969
79.486568244 97.93919334442987
79.489915433 97.94072275232116
79.490986968 97.94072275232118
79.60172484 97.9407227523212
79.872063429 98.01294758644137
80.131747146 98.01294758644138
80.224154173 98.02996606218973
80.224421762 98.07172381889423
80.226646108 98.08280056077196
80.226832467 98.08343671441496
80.272568368 98.08343671441497
80.550942563 98.10045519016334
80.551199434 98.14221294686782
80.553243278 98.15072686563268
80.555596889 98.15328968874556
80.59309493 98.15328968874557
80.860550203 98.17030816449393
80.860827047 98.21206592119843
80.863405809 98.22057983996328
80.898451068 98.22057983996329
81.009547281 98.2205798399633
81.155108111 98.23759831571167
81.155352255 98.27935607241616
81.355088936 98.27935607241618
81.427342435 98.29637454816454
81.428277234 98.31413072131119
81.429513359 98.31459942613688
81.429745756 98.31586549305
81.435077481 98.31586549305001
81.614339875 98.31586549305003
81.6846099 98.33288396879838
81.684896761 98.33333187610586
81.685538303 98.35064014194505
81.686333801 98.35110884677074
81.926913252 98.36812732251911
81.928943472 98.3685752298266
81.929005608 98.38495557566804
81.930301282 98.38588349566577
81.932912223 98.38588349566578
82.153271069 98.40290197141414
82.154987098 98.40334987872163
82.155357761 98.41973022456307
82.156432742 98.54171456442124
82.361956122 98.55873304016963
82.362199725 98.5591809474771
82.36271076 98.57084976404899
82.560351959 98.58786823979736
82.560589717 98.58831614710483
82.685990963 98.58831614710485
82.74890217 98.59048280050065
82.749657276 98.59562793631785
82.753394981 98.59562793631787
82.919274711 98.63856782248801
83.079467079 98.64073447588383
83.14475247 98.64073447588385
83.228439892 98.73409562199974
83.322226254 98.73409562199976
84.371654353 98.77271036601084
84.454676445 98.96809053901764
