0.000355412 53.71213731134769
0.000446463 54.685062453826575
0.000474805 55.344579794102074
0.000670926 55.37249445360135
0.000879879 55.640904349047716
0.017696439 55.96395118064838
0.063249395 55.963951180648394
0.078964696 56.053204435533445
0.078994382 56.71272177580893
0.079143601 56.740636435308204
0.07931024 57.00904633075457
0.09249758 57.33209316235525
0.153088119 57.334904262250205
0.214067209 57.33561698655994
0.336327168 57.33701495519948
0.396886608 57.33924914968267
0.492048399 57.35780602195511
0.578031728 57.376460117482964
0.613835178 57.37646011748298
0.818246262 57.381064654233484
1.056477326 57.38827902923427
1.209208907 57.39286437960784
1.417126146 57.39849271543197
1.537883667 57.42169845675308
1.657055482 57.42430570540898
1.89337965 57.44703842442418
1.92850741 57.44703842442419
1.952522227 57.467490451233814
1.988211009 57.46749045123383
2.072115706 57.48955885409394
2.131000311 57.49054882529056
2.191328511 57.50936920206
2.251686307 57.50936920206001
2.311994864 57.51616674260316
2.34676789 57.516166742603176
2.371598396 57.51833134365616
2.431434969 57.54543156237088
2.614709347 57.62717652315382
2.709205703 57.627176523153835
3.080736506 58.013881831599456
3.080771991 58.673399171874955
3.080935249 58.70131383137423
3.081114058 58.96972372682058
3.097810392 59.09084958378248
3.099428748 59.172594544565435
3.214699778 59.1793920851086
3.44367211 59.181556686161585
3.539057137 59.1815566861616
3.6856143059999997 59.194424530469874
4.590018041 59.20865690487629
4.704280402 59.20865690487631
5.062219482 59.29040186565926
5.95173623 59.713169534415755
5.951780354 60.37268687469127
5.951958833 60.40060153419054
5.952150881 60.669011429636896
5.970385695 60.87188224738175
8.738585779 61.37639487692118
8.738629894 62.035912217196696
8.738792406 62.063826876695956
8.739091256 62.1771233236304
8.743534354 62.28439118421633
8.751984604 62.29621009596762
8.760938258 62.3007954463412
8.764301709 62.37542151796717
8.765052287 62.41730026879334
8.780937339 62.4262624103895
8.94582493 62.42626241038951
11.47314587 62.930775039928946
11.473201545 63.59029238020446
11.473377978 63.61820703970372
11.473701928 63.73150348663816
11.478143328 63.838771347224096
11.48543088 63.85517560934896
11.498802341 63.92980168097493
11.508363756 63.95187008383505
12.251186248 63.95187008383506
14.128989202 64.4563827133745
14.129031533 65.11590005365
14.129197823 65.14381471314925
14.131256267 65.2571111600837
14.135371351 65.36437902066963
14.152030821 65.36898355742012
14.152219572 65.3807832827945
14.155359163 65.45540935442047
14.258913176 65.45540935442048
15.363307346 65.4554093544205
16.712882019 65.95992198395993
16.712922029 66.61943932423543
16.713087397 66.6473539837347
16.713403062 66.76065043066914
16.71762981 66.86791829125507
16.733829023 66.87252282800557
16.734003675 66.88432255337993
17.228125106 66.88432255337995
19.233727188 67.38883518291938
19.233772193 68.04835252319488
19.233943914 68.07626718269415
19.236001336 68.18956362962858
19.240013321 68.29683149021452
19.255956955 68.301436026965
19.326142823 68.30143602696502
21.682443888999998 68.80594865650446
21.682484944 69.46546599677995
21.682646999 69.49338065627923
21.682941483 69.60667710321366
21.696699718 69.66957800867186
21.79187116 69.66957800867188
24.071224742 70.17409063821131
24.071274586 70.83360797848682
24.071446552 70.86152263798608
24.071744236 70.97481908492053
24.103219708 71.0313387061444
25.304079173 71.03133870614441
26.382695661 71.53585133568384
26.382734549 72.19536867595934
26.382895009 72.22328333545862
26.383649868 72.22328333545863
26.396249148 72.32676387431695
26.396934979 72.32676387431697
26.895080662 72.32676387431698
28.6373919 72.83127650385642
28.637433358 73.49079384413191
28.63759213 73.51870850363119
28.652322534 73.58329824440358
28.659750945 73.5832982444036
28.916350806 73.58329824440361
30.812723335 74.08781087394301
30.812770214 74.74732821421853
30.813617589 74.7752428737178
30.84749556 74.78754290999201
30.855114884 74.8398326144902
30.878837105 74.83983261449022
32.959297731 75.34434524402964
32.959347391 76.00386258430514
32.964059624 76.00386258430515
33.124865113 76.00386258430517
35.023209787 76.50837521384462
35.023251716 77.16789255412012
36.116900945 77.16789255412013
37.029147224 77.82233203840511
37.030987667 78.17049043976343
37.032183893 78.31116954959612
38.786065947 78.31116954959613
38.938936875 78.96560903388111
38.940383011 79.31376743523944
38.941745626 79.43768146357323
40.799272694 79.48008007970961
40.799395379 79.49604177028367
40.799677184 79.8371456561032
40.799703399 79.87218503166122
40.799725569 79.88159953750659
40.799899845 79.96834676857254
40.800455023 80.07155676685123
40.800768444 80.44027934921655
42.596862417 80.48267796535293
42.596989342 80.498639655927
42.597275808 80.83974354174653
42.597318369999996 80.8841974231499
42.597496475 80.97094465421587
42.598034508 81.07415465249456
42.598700093 81.20812124507468
42.603573842 81.2285509605213
42.603623292 81.3531592898035
44.260296902 81.35315928980351
44.339194114 81.39555790593988
44.339323431 81.41151959651394
44.339622285 81.75262348233348
44.339661886 81.79707736373685
44.339844977 81.8838245948028
44.340370851 81.98703459308149
44.341035168 81.9870345930815
44.341061617 82.12100118566164
44.346773237 82.18278453446852
44.349735305 82.19429764749961
46.038227936 82.23669626363599
46.03863653 82.59376184002959
46.038676465 82.63821572143297
46.038836741 82.72496295249891
46.039750475 82.79267521899843
46.039995642 82.82817295077759
46.04002195 82.96213954335772
46.045535854 83.02392289216462
46.113106266 83.02392289216465
47.697208065 83.06632150830103
47.697601691 83.4233870846946
47.699197046 83.46784096609798
47.699336362 83.55458819716395
47.701683634 83.604724369842
47.701978681 83.65713719104907
47.703056784 83.68528851494011
47.705633418 83.73513656901748
47.706085541 83.7351365690175
47.708659957 83.79587166400192
47.708952578 83.82432945279278
47.727757988 83.82539806309306
48.094702749 83.82539806309308
49.291951939 83.86779667922944
49.292073422 83.8837583698035
49.292342472 84.22486225562304
49.29236793 84.26931613702641
49.292523951 84.35606336809238
49.294932827 84.40619954077043
49.295246483 84.4586123619775
49.29554523 84.48676368586854
49.298069442 84.53661173994591
49.300867585 84.59734683493036
49.301170934 84.6258046237212
49.773299432 84.62580462372122
50.841548049 84.66820323985758
50.841933043 85.02526881625116
50.841960477 85.06972269765456
50.844196165 85.12720922329747
50.844472677 85.20660610139856
50.844783966 85.25901892260563
50.84584311 85.28717024649667
50.848330849 85.33701830057404
50.848781841 85.33701830057406
50.851066068 85.3977533955585
50.851349291 85.39798820730869
50.859036661 85.40261304222278
51.375198738 85.4026130422228
52.096700577 85.40261304222281
52.340034516 85.44501165835918
52.340400811 85.80207723475276
52.340428426 85.84653111615614
52.342589384 85.90401764179906
52.342859698 85.98341451990015
52.343153047 86.03582734110722
52.343946414 86.06397866499826
52.345898514 86.11382671907565
52.34896131 86.17479662581027
52.756262831 86.17479662581029
53.802416161 86.21719524194667
53.802537863 86.23315693252073
53.802800806 86.57426081834025
53.802825687 86.61871469974363
53.804937965 86.80801092469471
53.807514358 86.81572172204372
53.808195821 86.88601030266312
53.808628504 86.88601030266314
53.865311087 86.88601030266315
55.234219362 86.92840891879952
55.234353037 86.94437060937359
55.234612913 87.28547449519311
55.234639135 87.3299283765965
55.236780788 87.51922460154758
55.240009203 87.52693539889658
55.244087676 87.59660508805041
56.158881562 87.59660508805042
56.596873348 87.63900370418679
56.59725433 87.99606928058039
56.599332031 88.09800968762669
56.599594618 88.17740656572778
56.599879164 88.22981938693485
56.811151179 88.22981938693486
57.915271759 88.27221800307123
57.915625674 88.62928357946483
57.917661355999996 88.73122398651113
57.917905202 88.81062086461222
57.918307655 88.81062086461223
57.937483624 88.82819695843368
58.044263399 88.8281969584337
59.175249514 88.87059557457006
59.175605729 89.22766115096364
59.179063663 89.32960155800994
59.179312835 89.40899843611105
59.254026606 89.40899843611106
60.155059401 89.40899843611108
60.396872705 89.45139705224744
60.397214024 89.80846262864104
60.400694903 89.8605174318087
60.401884641 89.90310787034072
60.403890616 89.94687127830716
60.41060493 89.96300153073302
60.43564503 89.96300153073304
61.568974317 90.0054001468694
61.569310888 90.362465723263
61.573893169 90.45711096496268
61.620698074 90.4571109649627
61.938114593 90.45711096496271
62.703898386 90.49950958109909
62.704266777 90.85657515749267
62.708239328 90.95122039919235
62.754115766 90.95122039919237
63.804213274 90.99361901532873
63.804550665 91.35068459172233
63.81867711 91.38130107123455
63.819450953 91.41899871882966
64.594451165 91.41899871882967
64.85181776 91.46139733496605
64.852174415 91.81846291135963
64.866747773 91.84907939087186
64.868111367 91.86840077084506
64.868547022 91.88565782440448
65.864892835 91.92805644054086
65.865243701 92.28512201693445
65.87953773 92.31573849644667
65.881009134 92.33505987641986
65.885411646 92.33505987641988
66.8482362 92.37745849255626
66.848884288 92.73452406894984
66.8628216 92.76514054846207
66.868155847 92.76514054846209
67.803667584 92.80753916459847
67.80441053 92.85726998287184
67.804731954 92.8797852446806
67.804981537 92.984575983773
67.807310359 93.05616785794825
67.807510151 93.16454014875613
67.821653099 93.16454014875615
67.888482022 93.16454014875616
68.710790677 93.20693876489253
68.711548258 93.2566695831659
68.711806417 93.38397558406707
68.714111841 93.45556745824233
68.714910935 93.5639397490502
69.572690513 93.60633836518659
69.574075865 93.72106846792363
69.575986931 93.85496705853637
69.578431879 93.9211742381432
69.578563806 93.92117423814321
69.582768467 93.9404350542535
69.586186856 93.94043505425351
69.602966454 93.94043505425353
70.086341373 93.94043505425354
70.412210112 93.98283367038992
70.41373634199999 94.02866212302624
70.414019018 94.02866212302625
70.414590235 94.03758425503368
70.415143173 94.23146236373971
70.417267465 94.29766954334654
70.421213405 94.31693035945685
70.457508469 94.31693035945686
71.212825962 94.35932897559323
71.214042214 94.47405907833028
71.216094719 94.60795766894303
71.218091217 94.67416484854985
71.218215186 94.67416484854986
71.385015283 94.67416484854988
71.970016502 94.71656346468625
71.97068841 94.76629428295962
71.9709191 94.89360028386079
71.973001944 94.96519215803605
71.975194638 95.0170662258756
71.975247774 95.03139933764288
72.051989776 95.0313993376429
72.703415058 95.07379795377928
72.704815462 95.1196264064156
72.705071512 95.11962640641562
72.705583706 95.12854853842303
72.706088177 95.32242664712908
73.394165937 95.36482526326546
73.394428358 95.41490423872085
73.3953115 95.47955536600253
73.398409768 95.53770006232435
73.402760988 95.54355627813443
73.760278383 95.54355627813445
74.056865708 95.58595489427081
74.057141417 95.6360338697262
74.057209992 95.69230886197897
74.058018169 95.70068499700788
74.061081718 95.7588296933297
74.066126864 95.76254181005132
74.650308198 95.76254181005133
74.694897625 95.80494042618771
74.695156394 95.8550194016431
74.695220742 95.91129439389586
74.696030952 95.91967052892477
74.69996567 95.94848123581802
74.700225035 95.94848123581804
74.703293387 95.95330329551014
74.703644538 95.95330329551015
74.7042418 95.97306852404175
75.30604526 96.06554611563352
75.306222875 96.12182110788629
75.30991526 96.12748821653454
75.311200257 96.13019724291519
75.312892984 96.13489438673923
75.316037117 96.15085220391956
75.709870907 96.15085220391957
75.89087347 96.19325082005595
75.891044717 96.29960478776411
75.891922187 96.307980922793
76.345311397 96.30798092279302
76.455724581 96.40045851438478
76.456037203 96.45673350663755
76.457889191 96.4624006152858
76.574550557 96.46240061528582
76.943210258 96.46240061528583
76.988115488 96.61115319913034
76.992360651 96.61197531319213
77.022863384 96.61197531319215
77.192875656 96.61197531319216
77.484623094 96.76072789703669
77.503412344 96.7607278970367
77.608414495 96.76072789703672
77.957752552 96.79506555459042
77.958248972 96.86577571195114
77.964394625 96.88930269094315
77.991876898 96.88930269094317
78.199955647 96.88930269094318
78.411818584 96.93170130707954
78.412381597 96.99435050585762
78.422878508 96.99435050585765
78.844491951 97.03674912199402
78.847342178 97.07370354165245
78.937901456 97.07370354165246
79.253148522 97.11610215778884
79.254245632 97.14147258639764
79.255141668 97.2517937581764
79.25801215 97.25179375817642
79.63531892 97.29419237431281
79.636621266 97.3195628029216
79.640592131 97.32821961412866
79.682729632 97.32821961412867
79.982850433 97.3625572716824
79.983568775 97.39598865887383
79.987377876 97.40287756065983
80.040640017 97.40287756065985
80.22858161 97.40287756065986
80.308261698 97.44527617679621
80.313945942 97.47064660540501
80.438799539 97.47064660540502
80.568270269 97.47064660540504
80.617342871 97.51304522154142
80.906129794 97.54738287909515
80.907119592 97.63906275060145
81.048590047 97.63906275060147
81.179637629 97.67340040815519
81.190393618 97.6734004081552
81.433718961 97.69015379447755
81.433796036 97.83220822387261
81.675541232 97.85943044534653
81.791582202 97.85943044534655
81.898644494 97.953846115229
81.900604786 98.05975989127455
81.913549895 98.05975989127458
82.308409076 98.10019524555842
82.319501808 98.10019524555844
82.323481989 98.10019524555845
82.490481 98.15674210050477
83.098837808 98.1577837328617
83.224289562 98.42975862644175
83.630308492 98.51194795692345
83.696150618 98.51194795692346
