0.000349599 47.11338645992076
0.000510786 47.41011587275233
0.000620975 47.555874826922945
0.002303483 47.91099613092639
0.011273408 47.93023592362782
0.011577367 47.96430422206991
0.014441885 48.27071482786084
0.015455535 48.27071482786085
0.077974307 48.376989992493634
0.078036668 48.986482375270086
0.078112182 49.1322413294407
0.078890367 49.13224132944071
0.080875275 49.15710870659703
0.081086855 49.34598003108755
0.081912923 49.34598003108756
0.082290465 49.432425492869854
0.08238128 49.43363079240075
0.085668419 49.45760205580335
0.086795161 49.50660242614558
0.087020273 49.54067072458767
0.089240827 49.847081330378614
0.15016905 49.84708133037862
0.209348887 49.856789751267925
0.210175029 49.85678975126793
0.328448626 49.86632112308004
0.389571793 49.86632112308005
0.568177639 49.86795200562514
0.568963535 49.86795200562515
0.763062488 49.867952005625156
0.803895482 49.86871288946217
0.804659239 49.868712889462174
0.864353879 49.86871288946218
1.037191446 49.87004144851367
1.27211904 49.89690005824152
1.390330708 49.90038942152212
1.391188349 49.90038942152213
1.452234394 49.900389421522135
1.63099856 49.90381104267578
1.631815384 49.903811042675784
1.746331273 49.906391675306125
1.747119879 49.90639167530613
1.921831632 49.90639167530614
2.000617648 49.945967430739444
2.026332082 49.94596743073945
2.18083007 49.94596743073946
2.220354279 50.023976788512726
2.355371765 50.030635671039335
2.380879523 50.03063567103934
2.57427911 50.05118552458054
2.5750872129999998 50.051185524580546
2.6345053529999998 50.05118552458055
2.752267669 50.13406066198731
2.7530241159999997 50.13406066198732
2.811173009 50.20680002731307
3.032539629 50.802733620024846
3.032661712 51.09946303285641
3.032765974 51.245221987027044
3.034166553 51.60034329103048
3.035012385 51.600343291030484
3.041056117 51.619583083731904
3.042033362 51.65365138217399
3.04795401 51.657073003327646
3.048146874 51.887322622639175
3.06171483 51.96006198796494
4.293975733 51.98727072403277
4.568823724 51.987270724032776
5.209597387 52.07014586143953
5.883986686 52.738818819477075
5.884093908 53.03554823230864
5.8841898 53.18130718647926
5.885015632 53.181307186479266
5.885524377 53.536428490482706
5.886346196 53.53642849048271
5.892393475 53.55566828318413
5.892614126 53.58973658162623
5.899327534 53.593158202779875
5.899524023 53.823407822091404
8.646236422 54.484579540396936
8.646360466 54.7813089532285
8.647616874 54.8813089207424
8.647740712000001 54.88911863051871
8.647781361 55.28218921140257
8.648570048 55.282189211402574
8.654432708 55.301429004103994
8.655431593 55.335497302546095
8.688593649 55.459084669536686
11.347426401 56.237841501048806
11.347537694 56.53457091388037
11.348753076 56.63457088139427
11.348877147 56.64238059117058
11.348915639 57.03545117205444
11.35546131 57.05469096475586
11.369013934 57.057082731137996
11.474643415 57.05708273113801
13.971411523 57.83583956265013
13.971523148 58.13256897548171
13.97471614 58.232568942995606
13.97483745 58.2403786527719
13.974877416 58.633449233655774
13.981255154 58.6526890263572
14.024569381 58.65508079273932
14.05420695 58.65508079273933
16.522688571 59.43383762425144
16.522804532 59.73056703708302
16.524026749 59.830567004596915
16.524151181 59.83837671437321
16.524191567 60.231447295257084
16.530405041 60.25068708795851
16.874384872 60.25068708795852
18.976925838 61.02944391947064
18.977157275 61.097470796441044
18.979105405 61.198544689632996
18.979392041 61.326173332302204
18.979873509 61.43398300959241
18.97991306 61.82705359047627
18.98067667 61.827053590476275
19.02411854 61.846293383177695
19.572468104 61.84629338317771
21.41344692 62.62505021468982
21.413714234 62.69307709166023
21.414124197 62.79415098485218
21.414921788 63.029589304811594
21.414963864 63.42265988569545
21.415763155 63.42265988569546
22.171182773 63.42265988569547
23.631098881 63.422659885695474
23.777236398 64.2014167172076
23.777478534 64.269443594178
23.777852244 64.37051748736995
23.778617957 64.60595580732937
23.778659118 64.99902638821322
24.600675359 64.99902638821324
26.066817199 65.21137024534757
26.066862958 65.46502024978045
26.066949817 65.65032338141074
26.067095689 65.84581009669574
26.067475926 65.9468839898877
26.069131512 66.07663465912466
26.069413962 66.11534640857437
26.069787771 66.31201516226653
26.070247075 66.37629813406255
26.07041645 66.40270781595265
26.070489891 66.52045575015669
26.073297077 66.54563231309018
26.082124517 66.56592826631851
26.722964602 66.56592826631854
28.353581388 66.7782721234529
28.353638981 67.03192212788576
28.353725571 67.21722525951606
28.353859103 67.41271197480106
28.354256105 67.513785867993
28.356033943 67.64353653722998
28.356327486 67.68224828667968
28.356705513 67.87891704037185
28.357164802 67.94320001216786
28.357317416 67.969609694058
28.357387975 68.087357628262
28.360937425 68.11253419119546
28.395824524 68.1125341911955
30.639193439 68.32487804832985
30.639243734 68.57852805276272
30.639336837 68.76383118439301
30.639460182 68.95931789967801
30.639851834 69.06039179286998
30.641485957 69.19014246210693
30.641755908 69.22885421155664
30.642132196 69.4255229652488
30.642787092 69.51621561893495
30.642876071 69.63396355313895
33.25012015 69.84630741027331
33.250258476 70.28526054633647
33.250398119 70.48074726162147
33.250784058 70.58182115481344
33.252489613 70.7115718240504
33.252771125 70.75028357350013
33.253163514 70.94695232719229
33.257397045 71.01123529898825
33.267550209 71.03764498087838
33.290134052 71.03764498087841
33.290208223 71.15539291508239
35.39261738 71.36773677221674
35.392734761 71.8066899082799
35.392840787 72.0021766235649
35.393211917 72.10325051675687
35.394871028 72.23300118599383
35.395109166 72.27171293544353
35.395491122 72.46838168913573
35.409922968 72.54287010070914
36.011548644 72.54287010070917
37.456418488 72.75521395784352
37.456542058 73.19416709390669
37.456652105 73.38965380919169
37.457056497 73.49072770238365
37.458732999 73.6204783716206
37.458997589 73.65919012107034
37.459388164 73.8558588747625
39.460735856 74.06820273189686
39.460874478 74.50715586796002
39.460995561 74.70264258324502
39.4614138 74.80371647643696
39.46308625 74.93346714567394
39.463334952 74.97217889512365
39.47159416 75.05870751662823
39.471950973 75.0662986110938
39.475231204 75.11267431931645
39.516409495 75.11267431931648
41.429267952000004 75.32501817645081
41.429385518 75.76397131251397
41.429493973 75.95945802779897
41.429872042 76.06053192099094
41.431484454 76.1902825902279
41.431722387 76.2289943396776
41.432374453 76.22899433967763
41.439509595 76.31552296118218
41.443711896 76.34989835201611
41.463267962 76.34989835201614
43.319557768 77.00119534521366
43.319705746 77.19668206049866
43.320081244 77.2977559536906
43.324775243 77.42750662292758
43.329422426 77.55274699388184
43.766200287 77.55274699388187
45.155750693 77.76509085101623
45.155856314 78.20404398707939
45.156238522 78.30557473238596
45.156364649 78.50060459555633
45.157800403 78.63035526479331
45.158068448 78.66906701424301
45.165518789 78.75559563574757
45.436054488 78.7555956357476
46.895975867 78.96793949288195
46.896085087 79.40689262894512
46.896454036 79.50842337425169
46.896584297 79.70345323742205
46.898041083 79.83320390665904
46.898295376 79.87191565610874
48.566334484 80.52321264930629
48.566727085 80.62474339461286
48.56836844 80.81977325778323
48.573116255 80.82708164277975
48.57345962 80.85038556735572
48.597094772 80.86909559002677
50.198132568 81.5203925832243
50.198525582 81.62192332853087
50.198653173 81.81695319170123
50.203431446 81.82426157669775
50.203784684 81.84756550127372
50.798941941 81.84756550127375
51.767237772 81.87677286610091
51.767302244 82.49886249447127
51.767681882 82.60039323977784
51.770990119 82.67383291934763
51.771533082 82.67383291934765
51.779827485 82.82097317802169
52.985180701 82.82097317802172
53.278411478 83.47227017121921
53.278768501 83.57380091652578
53.282046342 83.6472405960956
53.289124422 83.68525646398817
53.297135778 83.68942865857252
54.682744185 83.68942865857254
54.748276943 83.71863602339971
54.748324358 84.34072565177007
54.748679544 84.44225639707665
54.752320252 84.51569607664645
54.762827686 84.51636363011815
56.178735583 84.54557099494531
56.178790904 85.16766062331567
56.17913628 85.26919136862224
56.182702793 85.34263104819206
56.37962107 85.34263104819208
56.893465203 85.34263104819209
57.553485815 85.37183841301923
57.553536055 85.99392804138958
57.553851713 86.09545878669616
57.565670892 86.12736342230251
57.592986549 86.12736342230252
57.619978990999996 86.12736342230254
57.912313578 86.12736342230255
58.886299706 86.15657078712968
58.886346339 86.77866041550006
58.886635844 86.88019116080663
59.248768979 86.88019116080665
59.345753988 86.88019116080666
59.963309316 86.88019116080667
60.178003629 86.90939852563382
60.178051667 87.53148815400418
60.183830061 87.57008461671094
60.188299205 87.57999516030156
60.214335079 87.57999516030158
60.375264023 87.57999516030159
61.380770269 87.5799951603016
61.420728071 87.65807480372533
61.421109469 87.81989663535627
61.422160062 87.88198912804899
61.422664636 88.04559100097042
61.423501746 88.17956113572353
61.424476876 88.20302226092252
61.426232458 88.26988861620589
61.650557978 88.2698886162059
61.674993177 88.26988861620592
62.221315043 88.26988861620593
62.622915251 88.29909598103308
62.623134211 88.68774611921809
62.62320548 88.74157316944927
62.623541614 88.92118560940342
62.639917571 88.95486150967115
62.645972756 88.95978207211022
62.728198736 88.95978207211024
63.778065531 89.03786171553396
63.778438693 89.19968354716492
63.779911403 89.42537791277906
63.780701318 89.5593480475322
63.781635091 89.58280917273116
63.78465539 89.59328309685361
63.794375219 89.64475496557544
63.816174795 89.64475496557546
63.887289439 89.64475496557547
64.847584334 89.64475496557549
64.894993849 89.67396233040263
64.895192138 90.06261246858766
64.89526161 90.11643951881882
64.895682459 90.11643951881885
64.89779852 90.24432094099743
64.898330285 90.24432094099744
64.898720636 90.26778206619639
64.901804812 90.27825599031884
64.914377218 90.27825599031887
65.918425585 90.27825599031888
65.965597645 90.30746335514603
65.965790148 90.69611349333105
65.965858017 90.74994054356223
65.968356995 90.87782196574082
65.969223602 90.9012830909398
65.98526048 90.90909455956327
66.396757034 90.90909455956329
66.992653076 90.98717420298702
66.992998146 91.14899603461797
66.994413169 91.37469040023213
66.995639969 91.50866053498524
66.996061684 91.53212166018422
67.016572878 91.53212166018423
68.011508796 91.61020130360797
68.011834837 91.77202313523892
68.0131765 91.99771750085307
68.013917759 92.13168763560618
68.037510269 92.1316876356062
68.98357039 92.16089500043336
68.983786788 92.54954513861838
68.983853232 92.60337218884956
68.987048598 92.72686650169514
69.019968281 92.72686650169516
69.327300389 92.72686650169517
69.886491688 92.75607386652233
69.886691356 93.14472400470736
69.886750624 93.19855105493853
69.903917419 93.23585908710547
70.390977823 93.23585908710548
70.758485263 93.31393873052922
70.759672872 93.33085256779674
70.760024588 93.33085256779675
70.760290676 93.48655018676575
70.760636776 93.48655018676577
70.761604809 93.50106706829759
70.763087578 93.64642716171106
70.76832328 93.65236175279392
70.768709623 93.6811142180744
70.771515516 93.70754364034885
70.775538184 93.70754364034886
71.325683724 93.70754364034887
71.594275832 94.36402071452818
72.088479242 94.3640207145282
72.394690942 94.38979169316588
72.396093121 94.45901419521944
72.396454428 94.45901419521945
72.396681196 94.61471181418845
72.397033425 94.61471181418847
72.399375166 94.77458878913376
72.408456328 94.81162639739249
72.547338782 94.8116263973925
72.808001837 94.81162639739252
73.160619003 94.8373973760302
73.161801511 94.90661987808376
73.162147954 94.90661987808377
73.162363802 95.06231749705277
73.162706548 95.06231749705279
73.166259333 95.13218125006063
73.167551479 95.19757219652256
73.305522489 95.19757219652257
73.684842367 95.19757219652259
73.898581038 95.22334317516028
73.899741352 95.29256567721383
73.900065014 95.29256567721384
73.90029696 95.44826329618284
73.900611003 95.44826329618286
73.907859585 95.53066999536938
73.910306903 95.5306699953694
73.910342171 95.55316213226871
73.912822535 95.58210564761843
73.938456495 95.58210564761845
74.062436374 95.58210564761846
74.606409091 95.60787662625616
74.607566495 95.6770991283097
74.60789294 95.67709912830972
74.608110794 95.83279674727872
74.608432261 95.83279674727873
74.615307146 95.91520344646526
74.617420601 95.91520344646527
74.617454191 95.93769558336459
74.631566245 95.9376955833646
74.726284533 95.93769558336462
75.282857482 95.96346656200232
75.283958262 96.03268906405586
75.284267799 96.03268906405587
75.28447261 96.18838668302487
75.284803208 96.18838668302489
75.337033685 96.1883866830249
75.559713206 96.18838668302492
75.937331189 96.22947598538855
75.943789588 96.24326804041577
75.945537146 96.38646884948004
75.945844756 96.42406418136463
75.945932944 96.43907778268522
76.550060626 96.46484876132293
76.555547879 96.46559136184688
76.556248722 96.49395914007606
76.557916625 96.63715994914031
76.559104764 96.63840862768974
76.998790722 96.63840862768976
77.146457631 96.67949793005336
77.147528261 96.72704127993998
77.15427912 96.83649079414485
77.455058811 96.83649079414486
77.700712748 96.86226177278257
77.70585902 96.86300437330652
77.706513133 96.8913721515357
77.708913881 97.00987222672345
78.022077458 97.00987222672346
78.22610154 97.09850487897367
78.26711144 97.0985048789737
78.726193748 97.12500922015727
78.727961053 97.12501845813534
78.730662432 97.15338623636453
78.77006949 97.15338623636454
79.006694941 97.15338623636455
79.22986411 97.17989057754812
79.23406324 97.2692069375376
79.291613275 97.26920693753762
79.622747916 97.26920693753763
79.687793009 97.2957112787212
79.692768558 97.30992301425738
79.762500024 97.3099230142574
80.120508541 97.33642735544096
80.12595783 97.34720625804614
80.207844467 97.34720625804616
80.530628158 97.3640720912916
80.531384522 97.37371059922972
80.554813566 97.37371059922974
80.914859341 97.5196497157548
80.920425581 97.51964971575481
81.265664467 97.53651554900027
81.57601048 97.53651554900028
81.591692259 97.69152883253578
81.591873759 97.7276460609969
81.660010893 97.72764606099692
81.888734631 97.72764606099693
82.196261127 97.74309017211677
82.202060728 97.74309017211678
82.228543698 97.7430901721168
82.333704239 97.74309017211681
82.730619588 97.88053728257684
83.418862585 97.97468277027744
83.419651253 98.10667708223167
83.580003896 98.10667708223168
84.138941217 98.16269910455372
84.141595307 98.16269910455374
84.224868554 98.16269910455375
84.773882743 98.17111303582892
84.776016037 98.17111303582894
84.802085148 98.17111303582895
84.863505075 98.17111303582897
85.041088347 98.22297455055353
85.093362106 98.22297455055354
85.240854382 98.2553884891466
85.240895653 98.44974576998051
85.251707373 98.44974576998052
85.582024344 99.07847614822704
