0.000358169 47.097624519349516
0.00042763 47.74354126175193
0.00362665 48.18627877161519
0.004683013 48.1862787716152
0.078504358 48.66642633137389
0.078533723 49.312343073776304
0.081041226 49.75508058363957
0.081895613 49.755080583639575
0.142087837 49.757880866456006
0.263924888 49.76243392932542
0.267004445 49.762433929325425
0.384567624 49.76275543345577
0.387714643 49.76275543345578
0.624944923 49.76348873126672
0.628072169 49.763488731266726
0.747051408 49.76348873126673
0.862384074 49.7746982184336
0.865523268 49.774698218433606
0.92144339 49.79186467521709
1.157080489 49.80403026536796
1.275945039 49.83814871598919
1.337159561 49.8381487159892
1.397718666 49.84627931200449
1.6342304460000001 49.900502276473176
1.63737485 49.90050227647318
1.871141538 49.91012850145352
1.8741836840000001 49.91012850145353
1.9338522980000001 49.910128501453535
1.9906687 49.913919693855554
2.115217957 49.92109158606783
2.353100834 49.922404587703795
2.416765202 49.9224045877038
2.5907978419999997 49.97080975290835
2.593974645 49.97080975290836
2.876202064 50.06655907804792
2.947794753 50.06655907804793
3.061582886 50.71403064187084
3.061615914 51.35994738427326
3.064170715 51.582405128093086
3.064967105 51.802684894136526
3.12281152 51.80268489413653
3.917081224 51.85109005934108
3.9290666180000002 51.85109005934109
4.845930211 51.8510900593411
5.932103571 52.59431094830359
5.932202343 52.68345866206384
5.932254672 52.73401585825455
5.932468501 52.99782879191301
5.93281178 53.01070176283301
5.932909982 53.02959775867901
5.938262534 53.1994188842244
5.939024435 53.19941888422441
5.939220969 53.37989485378806
5.947561135 53.53881071022513
5.951800845 53.58721587542969
5.9525477030000005 53.5872158754297
6.064445765 53.63562104063425
7.239968269 53.635621040634256
8.719261479 54.37884192959674
8.719370208 54.467989643356994
8.719424232 54.5185468395477
8.719490598 54.60805943430845
8.719663331 54.782359773206174
8.720032024 54.795232744126174
8.720138444 54.81412873997217
8.72548571 54.983949865517566
8.726419186 55.164425835081225
8.733888689 55.3233416915183
8.744120437 55.37174685672286
11.462601564 56.16337291088989
11.462709365 56.252520624650145
11.464775375 56.303077820840855
11.464968015 56.566890754499326
11.465289458 56.579763725419326
11.46538167 56.59865972126533
11.470390229 56.72229694458386
11.47129433 56.94895681637438
11.479264377 57.107872672811446
11.533431613 57.10787267281145
12.11390003 57.10787267281146
14.133145216 57.8994987269785
14.133263177 57.988646440738755
14.13331859 58.039203636929464
14.133538685 58.303016570587936
14.133899322 58.31588954150792
14.134002088999999 58.33478553735392
14.139263869 58.458422760672455
14.139997535 58.45842276067246
14.140181602 58.685082632462986
14.156592808 58.822096177669444
14.164543466 58.83551359505181
14.320971768 58.835513595051815
16.725721635 59.62713964921885
16.725823423 59.7162873629791
16.725876226 59.76684455916981
16.726078189 60.03065749282828
16.726416816 60.04353046374828
16.726552662 60.04591379533005
16.731566408 60.18606368291282
16.732466977 60.412723554703334
16.748441658 60.54973709990979
16.756339981 60.55936332489014
19.250096181 61.35098937905719
19.250198316 61.440137092817444
19.250250427 61.490694289008154
19.250460361000002 61.75450722266661
19.250794596 61.76738019358661
19.250917213 61.769763525168386
19.255836575 61.909913412751145
19.256686692 62.13657328454166
19.273673686 62.21123326926413
19.616828318 62.211233269264135
21.710533351 63.002859323431174
21.710635193 63.09200703719143
21.710688077 63.14256423338214
21.710892014 63.40637716704061
21.711232449 63.419250137960596
21.71136078 63.421633469542364
21.716206762 63.56178335712513
21.717064039 63.78844322891566
24.113475015 64.58006928308272
24.113579206 64.66921699684298
24.113630927 64.71977419303369
24.113844052 64.98358712669214
24.114172414 64.99646009761214
24.114297562 64.99884342919391
24.11967174 65.13899331677666
24.121539485 65.36565318856718
24.166315935 65.3656531885672
26.430371651 66.15727924273423
26.430533909 66.2969841526852
26.430757019 66.56079708634367
26.431118533 66.57367005726367
26.43125816 66.57605338884544
26.436067585 66.71620327642819
26.439020286 66.81341280441843
26.454550447 66.84348994821745
28.687851088 67.63511600238449
28.687977412 67.77482091233546
28.688175058 68.03863384599393
28.688512496 68.05150681691393
28.68864101 68.05389014849568
28.693216508 68.19404003607845
28.69516451 68.29124956406869
30.904906922 69.08287561823573
30.905051871 69.2225805281867
30.905270242 69.48639346184517
30.905616365 69.49926643276517
30.905746609 69.50164976434692
30.913934113 69.59890364607261
30.914869514 69.71769455033693
30.95858413 69.71769455033694
33.014770206 70.50932060450398
33.015070712 70.91283844811339
33.015398561 70.92571141903339
33.015524463 70.92809475061516
33.022586273 71.02534863234085
33.028096068 71.05225383737732
33.034869894 71.05344842513037
33.054402618 71.14413953660514
33.105833127 71.14413953660515
35.06031073 71.93576559077219
35.060601104 72.33928343438161
35.060912205 72.35215640530161
35.061037213 72.3545397368834
35.067887297 72.45179361860907
35.073073058 72.47869882364554
35.079705075 72.47989341139859
35.091858658 72.4798934113986
35.48760133 72.47989341139862
37.04852432 73.27151946556566
37.049099558 73.6879102800951
37.049226483 73.69029361167686
37.056019851 73.78754749340256
37.061131203 73.81445269843903
38.964710453 74.60607875260605
38.965023252 75.00959659621549
38.965344348 75.02246956713547
38.965475935 75.02485289871726
38.972647067 75.12210678044293
39.011010931 75.12210678044296
40.820651072 75.91373283461
40.821207362 76.33012364913942
40.821335194 76.33250698072119
40.848357361 76.42771944230886
42.142250411 76.42771944230887
42.624680409 77.21934549647588
42.625006589 77.62286334008532
42.62532229 77.63573631100532
42.625444279999996 77.63811964258709
42.655641453 77.66876770805999
43.777766619 77.66876770806
44.383043334 78.46039376222703
44.383986337 78.86391160583646
44.871659342 78.86391160583648
46.090893628 79.6555376600035
46.092304737 79.70724650520269
46.092586974 79.81004078646839
46.095659337 79.88241840005266
46.100392167 79.94171540751783
46.114966213 80.02916752471343
46.121466281 80.02916752471344
47.72023096 80.82079357888047
47.721248599 80.97529670534533
47.725589339 81.0476743189296
47.729590719 81.10697132639477
47.749444503 81.10697132639478
47.762498392 81.1069713263948
48.554073527 81.10697132639481
49.306575903 81.89859738056184
49.307941237 81.95030622576103
49.308211943 82.0531005070267
49.310923799 82.12547812061099
49.851843949 82.125478120611
50.845464395 82.91710417477803
50.846853618 82.96881301997722
50.847121036 83.07160730124292
50.850292962 83.14398491482716
50.879939689 83.14398491482719
52.326392025 83.9356109689942
52.327698888 83.98731981419338
52.327944107 84.09011409545909
52.333455011 84.12458192442615
52.376143457 84.12458192442617
52.477757581 84.12458192442618
53.758362248 84.9162079785932
53.759612472 84.96791682379236
53.759879638 85.07071110505807
53.782384393 85.07205589787831
54.605452031 85.07205589787833
55.171831374 85.86368195204537
55.173152462 85.91539079724453
55.192678432 85.94382836416327
55.680689839 85.94382836416328
56.523464407 86.73545441833032
56.524775111 86.78716326352948
56.65773224 86.7871632635295
57.832110846 87.57878931769653
57.84610028 87.59502321390511
57.857884385 87.59502321390512
59.093105983 88.38664926807216
59.106635552 88.40288316428074
60.323498776 88.4572096620788
60.323609283 88.65374600579698
60.32363378 88.82151703182991
60.323740711 88.97946824962803
60.323990772 88.99780965071416
60.324105493 89.19450921844778
60.49100276 89.19450921844779
61.495054086 89.4921385512794
61.495301159 89.4935071508238
61.495721044 89.49350715082382
61.495890833 89.73751589462611
61.497729597 89.74594081143817
61.502387037 89.76367126988421
61.502841469 89.76367126988423
61.503217014 89.7789866865302
61.507496853 89.87623868765662
61.530177785 89.87623868765664
62.623536461 89.87623868765665
62.635308135 90.17386802048824
62.635561221 90.17523662003268
62.636400947 90.26060293339876
62.63753163 90.30234121226195
62.63777426 90.42767028064702
62.642368911 90.44540073909309
62.643190365 90.46071615573905
62.653213258 90.49360080900436
62.675762427 90.49360080900438
62.698049875 90.49360080900439
63.730396172 91.03660748518274
63.732136638 91.04503240199477
63.736810491 91.06276286044084
63.737628331 91.0780782770868
64.797615021 91.11198481845688
64.797653873 91.36273535391456
64.797954983 91.36362344438903
64.798037471 91.62108495326515
64.806591406 91.64724032852325
64.827792966 91.64724032852328
65.810689177 91.68114686989333
65.810731041 91.93189740535104
65.811031899 91.93278549582548
65.813027584 92.07334285312858
65.817818636 92.07416511488518
65.818131939 92.07416511488519
65.82383401 92.07555404887333
65.827815822 92.16050517300101
65.946154803 92.16050517300104
65.965573101 92.16050517300107
66.7867174 92.19441171437109
66.786758414 92.4451622498288
66.787059743 92.44605034030329
66.788472393 92.58660769760637
66.793147827 92.58742995936294
66.79346604 92.58742995936295
66.952536472 92.58742995936296
67.274567029 92.58742995936298
67.554707853 92.58742995936299
67.729607115 92.62133650073304
67.729638915 92.87208703619072
67.72993307 92.8729751266652
67.730902991 93.01353248396828
67.737352244 93.01353248396829
68.067676003 93.0135324839683
68.459008626 93.01353248396832
68.620876887 93.04743902533836
68.620907414 93.29818956079605
68.621179564 93.29907765127052
68.62565124 93.30262399095618
68.627960353 93.36926722429673
68.628290768 93.42571152108437
68.632442898 93.4269229426688
68.684490665 93.42692294266882
69.483810662 93.46082948403887
69.483850649 93.71158001949655
69.484142747 93.71246810997103
69.48835655 93.71601444965668
69.490642132 93.78265768299724
69.490979625 93.83910197978487
69.573271323 93.8391019797849
69.761247663 93.83910197978491
70.318360702 93.87300852115496
70.318395345 94.12375905661264
70.318673231 94.12464714708712
70.322265447 94.12819348677274
70.322542603 94.12819348677277
70.324572788 94.19483672011333
70.816058514 94.19483672011334
71.08550324 94.19483672011336
71.111539371 94.2287432614834
71.111569361 94.47949379694109
71.111855245 94.48038188741556
71.116148095 94.48392822710122
71.124042098 94.5256333592186
71.127401329 94.52563335921862
71.20084877 94.52563335921863
71.873898295 94.55953990058869
71.873934467 94.81029043604637
71.874202445 94.81117852652085
71.888386455 94.81409628307641
71.89932463 94.81409628307644
72.607062061 94.84800282444648
72.607100309 95.0987533599042
72.607365349 95.09964145037866
72.622014049 95.09964145037867
73.182480471 95.09964145037868
73.310934441 95.11450243362933
73.31127879 95.19943361656394
73.311555195 95.27722256849057
73.31180942 95.30069001036972
73.313190867 95.32207260543808
73.326899727 95.32207260543811
73.946932407 95.32207260543812
73.972053348 95.33693358868878
73.972425752 95.42186477162339
73.972726533 95.49965372355003
73.972990053 95.52312116542915
73.979362051 95.54413920146443
73.983086998 95.54413920146445
74.015195385 95.54413920146446
74.612851315 95.55900018471513
74.613230062 95.64393136764974
74.615038087 95.7217203195764
74.615273544 95.74518776145553
74.623287344 95.75064232592177
75.22565734 95.84954691657975
75.226520806 95.88407523458906
75.22779787 95.94670853207128
75.297991241 95.9467085320713
75.804428498 96.04561312272928
75.805295892 96.12428965018323
76.349878288 96.22319424084122
76.351102388 96.28233317692694
76.358657956 96.2995577246396
76.871860751 96.39846231529759
76.872973665 96.4576012513833
76.88145919 96.46035933523949
77.366837447 96.55926392589748
77.367931197 96.61840286198318
77.852180595 96.71730745264117
77.854789223 96.73678459450815
77.85531433 96.7518357706505
78.153320228 96.75183577065052
78.304091529 96.85074036130848
78.306162422 96.87021750317547
78.310998387 96.87255432112732
78.336978889 96.87255432112734
78.397104331 96.87255432112735
78.731179647 96.97145891178533
78.733448602 96.99093605365229
78.737684912 97.09453251123128
78.89944179 97.0945325112313
79.067940932 97.09453251123131
79.134331723 97.19343710188926
79.136189138 97.21291424375627
79.514133764 97.31181883441425
79.518004698 97.32375935212539
79.518199005 97.3237593521254
79.703239413 97.32375935212542
79.856569169 97.42266394278342
79.857867334 97.65033670099895
79.971626801 97.65033670099898
80.1816322 97.74924129165693
80.378354069 97.74924129165694
80.488892868 97.85395330544762
80.781720691 97.86881428869827
80.78585608 97.88775521432967
80.785967673 97.9100122251198
80.786280681 97.92749363726435
80.786479037 97.9494267674446
80.857480816 97.94942676744462
81.025877175 97.94942676744463
81.055475635 97.96428775069529
81.059629801 98.02296709926136
81.074446934 98.0229670992614
81.309004801 98.03782808251208
81.313081612 98.07902601893358
81.322844756 98.07902601893359
81.394375724 98.0790260189336
81.548814752 98.09388700218426
81.553031514 98.10459211830803
81.624696733 98.10459211830805
81.741058283 98.10459211830806
81.772952309 98.11945310155875
81.775090051 98.17581265351673
81.984184548 98.19067363676741
81.986308058 98.3016063001398
82.014055073 98.30160630013981
82.18140912 98.31646728339048
82.19289472 98.3164672833905
82.364493039 98.44877059317231
82.533953106 98.58116779083508
82.837925191 98.61036294792001
83.209452109 98.69298668370502
83.216144466 98.69298668370503
83.408717668 98.7576679431411
83.463910974 98.75766794314113
84.062218685 99.09548768726901
