0.000363234 48.7489783728007
0.000456723 48.95694221502353
0.000486232 49.807350897849844
0.000545018 50.094648763390914
0.000619897 50.35765932064591
0.000662791 50.532563970352584
0.000848066 50.753389915039236
0.001096026 50.83969925195411
0.002181664 51.1238992944454
0.00397675 51.313160101376496
0.00574412 51.38156900337764
0.00783202 51.44885385103668
0.079817669 51.64706855499582
0.079878634 51.91007911225082
0.079911782 52.084983761957496
0.080053742 52.305809706644155
0.080247385 52.39211904355902
0.08109026 52.676319086050306
0.08251268 52.8655798929814
0.083878293 52.93398879498255
0.085486663 53.00127364264159
0.268240128 53.00751105452025
0.448339746 53.00751105452026
0.509164169 53.01229532161979
0.568850876 53.012295321619796
0.749804762 53.020113668284544
0.81009078 53.02011366828456
0.86971462 53.023536058938916
0.987957511 53.02353605893892
1.106022308 53.027531560924146
1.165421529 53.02753156092415
1.344549494 53.03047423886164
1.404536841 53.03047423886165
1.5853271439999999 53.03122370994034
1.644590675 53.03122370994035
1.8288736110000001 53.038340682098124
2.065891705 53.06216039076983
2.184648714 53.07493859543896
2.243919063 53.074938595438965
2.3041588109999998 53.08054143265559
2.363408243 53.0805414326556
2.424084137 53.09594046292529
2.486796713 53.0959404629253
2.607170818 53.095940462925306
2.666590508 53.09753799925816
3.079700631 53.13502889713066
3.079765564 53.42232676267173
3.0798298 53.685337319926724
3.079867983 53.8602419696334
3.080021658 54.08106791432005
3.081182827 54.397422499883966
3.08132088 54.43811162248178
3.081713535 54.44210663309668
3.081938146 54.4515772937262
3.082510205 54.6408381006573
3.083850526 54.709247002658444
3.084653133 54.70924700265845
3.093842657 54.71084453899131
3.200132903 54.722025207327576
3.210240726 54.723622743660435
3.570043428 54.72362274366044
3.660177348 54.72762804454421
3.670134754 54.72922558087707
4.032828897 54.72922558087708
4.122311849 54.74302707481391
4.132195841 54.74462461114677
4.248561855 54.744624611146776
4.956373553 54.74462461114678
5.058124573 54.746222147479635
5.965432639 54.8174931175076
5.965500871 55.10479098304867
5.965565148 55.36780154030367
5.965603888 55.54270619001034
5.965944157 55.84984147161186
5.966892422 56.0798867202609
5.967034351 56.12057584285871
5.96744115 56.124570853473614
5.967646343 56.134041514103146
5.968198743 56.32330232103424
5.96953418 56.32699447005044
5.970318589 56.39171122303539
5.979336893 56.393308759368246
6.051136441 56.39330875936825
8.784158394 56.75347513127014
8.784247693 57.01648568852514
8.784616867 57.49852561983334
8.785717676 57.7692599910802
8.786110229 57.7732550016951
8.786341336 57.78272566232462
8.786894753 57.971986469255725
8.799025376 58.01939350377053
8.806655266 58.024996340987165
8.833928764 58.040395371256864
11.515579999 58.400561743158754
11.515662826 58.66357230041375
11.516006681 59.14561223172195
11.516824444000001 59.42981227421323
11.518147166 59.61907308114433
11.53011415 59.666480115659134
11.537642046 59.672082952875776
14.190290584 60.032249324777666
14.190375778 60.29525988203266
14.190736449 60.77729981334086
14.191821833 61.04803418458772
14.192197528 61.05202919520262
14.192420764 61.061499855832146
14.192942466 61.25076066276325
14.204892786 61.29816769727805
16.802681836 61.65833406917994
16.802764151 61.92134462643494
16.803113908 62.40338455774314
16.80392268 62.68758460023442
16.805964699 62.87684540716552
16.825391456 62.9114742370112
17.684919873 62.911474237011205
19.339240762 63.27164060891309
19.339326566 63.53465116616809
19.34171528 63.70259220344907
19.342352803 63.79224177153704
19.342473452 63.81834049094419
19.342524496 64.28742546872314
19.342895882 64.29142047933804
19.343093324 64.30089113996756
19.344291291 64.49015194689866
20.08548671 64.49015194689868
21.808805673 64.85031831880055
21.808888261 65.11332887605555
21.809466609 65.28126991333653
21.810016436 65.87956884985505
21.813649872 65.90340044828326
21.814215443 65.94087074879943
21.840207602 66.02298476740458
23.37148497 66.0229847674046
24.20895643 66.38315113930646
24.209045566 66.64616169656146
24.209645694 66.81410273384245
24.210211185 67.41240167036095
24.213853635 67.43623326878917
24.214437191 67.47370356930533
24.249277019 67.51021635046486
24.249544715 67.55362914532247
24.343186255 67.55362914532249
26.556434858 67.91379551722437
26.556516504 68.17680607447936
26.557239684 68.17680607447937
26.557584297 68.94304604827886
26.561152951 68.96687764670708
26.579169028 68.97295420257868
26.585220465 68.97698340864702
28.051932063 68.97698340864703
28.847258963 69.3371497805489
28.847333823 69.6001603378039
28.848377621 70.36640031160337
28.851777657 70.39023191003159
28.869480907 70.3963084659032
30.217497989 70.39630846590322
31.107323148 70.7564748378051
31.107404184 71.01948539506009
31.108456992 71.78572536885957
31.112478544 71.80955696728779
31.783407227 71.8095569672878
33.252383476 72.16972333918967
33.252463637 72.43273389644466
33.253220995 72.43273389644467
33.253569772 72.46142789342095
33.253597933 72.69032450181362
33.253706008 72.71642322122077
33.253889719 72.80572877345189
33.254132543 72.91867053254266
33.261828179 72.95266212789592
33.265652091 73.03757626220722
33.265817183 73.08828523336574
33.266194944 73.10681061844666
33.290206409 73.1312260179069
33.371313252 73.13122601790691
33.630691138 73.13122601790693
35.332918116 73.4913923898088
35.332992418 73.75440294706378
35.333703847 73.7544029470638
35.334046243 73.78309694404007
35.334073994 74.01199355243274
35.334182569 74.03809227183989
35.334373595 74.12739782407101
35.334610913 74.24033958316178
35.342199099 74.27433117851504
35.345972839 74.35924531282635
35.34613011 74.40995428398486
35.346490972 74.42847966906578
37.335116187 74.78864604096766
37.335202209 75.05165659822266
37.336262616 75.08035059519895
37.336294655 75.30924720359162
37.33641332 75.33534592299877
37.336588913 75.4246514752299
37.336831384999996 75.53759323432065
37.344040987 75.57158482967392
37.361328619 75.6410807047333
37.406488746 75.64108070473331
39.275896678 76.0012470766352
39.275979503 76.26425763389018
39.276659044 76.2642576338902
39.2770037 76.29295163086647
39.277031248 76.52184823925914
39.27714553 76.54794695866629
39.277303561 76.63725251089741
39.283773394 76.71666668624944
39.284620215 76.78418586534144
39.306557415 76.7921984436282
41.160598985 77.15236481553008
41.160675273 77.41537537278506
41.161366018 77.41537537278508
41.161699878 77.44406936976135
41.16172675 77.67296597815402
41.161838854 77.69906469756117
41.162009722 77.7883702497923
41.162622399 77.78837024979231
41.176849531 77.83233478652568
41.178286951 77.84134273226408
41.178841726 77.8413427322641
41.183816554 77.85968969954104
41.188285061 77.86983715735781
41.482991233999996 77.86983715735782
42.984242041 78.23000352925969
42.984325529 78.49301408651469
42.985330692 78.52170808349098
42.985363173 78.75060469188364
42.985475659 78.77670341129078
42.985647368 78.8660089635219
43.000867484 78.90997350025529
43.001722177 78.9189814459937
43.007228415 78.93732841327065
43.084636503 78.93732841327066
44.749909593 79.29749478517255
44.749988314 79.56050534242755
44.750959214 79.58919933940383
44.750989788 79.8180959477965
44.751106262 79.84419466720364
44.75126052 79.93350021943476
44.766158093 79.97746475616815
44.766952246 79.98647270190655
45.012679627 79.98647270190656
46.47162759 80.34663907380843
46.471704187 80.60964963106343
46.472659761 80.63834362803972
46.472689267 80.86724023643238
46.472800516 80.89333895583952
46.473091502 80.9819633346155
46.487465722 81.02660904480403
46.505020492 81.02660904480405
46.624340828 81.02660904480406
48.129684408 81.38677541670594
48.12976541 81.64978597396095
48.130702698 81.67847997093723
48.130733175 81.90737657932989
48.130844727 81.93347529873704
48.131139661 82.02209967751303
49.738568782 82.38226604941492
49.738646978 82.64527660666991
49.739778507 82.78591803309352
49.745453927 82.89698744194502
49.747373312 82.90286721203887
49.75261369 82.928965931446
49.752757139 82.97021872953806
49.757455478 83.01333521840715
49.824428091 83.01333521840716
51.273927594 83.37350159030905
51.274001021 83.63651214756403
51.274618504 83.63651214756405
51.274906138 83.66520614454032
51.274930999 83.894102752933
51.275037231 83.92020147234014
51.287486865 83.96145427043218
51.467410474 83.9614542704322
52.769534378 84.32162064233408
52.769608278 84.58463119958908
52.770640775 84.7252726260127
52.7769988 84.780391025273
52.777782409 84.84222180495803
52.830121186 84.84222180495804
54.218621646 85.20238817685994
54.218696078 85.46539873411493
54.219683358 85.60604016053856
54.225935702 85.66115855979885
54.24542079 85.66115855979886
55.612493534 86.02132493170075
55.612573978 86.28433548895573
55.617493346 86.40022156214084
55.627297849 86.42497691537935
55.64161223 86.42497691537936
55.736650994 86.42497691537937
56.971755458 86.78514328728124
56.97182835 87.04815384453624
56.976716123 87.16403991772134
56.994623059 87.16403991772135
56.998823224 87.17314012283914
57.025137422 87.17314012283916
57.198773265 87.17314012283917
58.283442509 87.53330649474104
58.28351546 87.79631705199604
58.288363163 87.91220312518114
58.409217242 87.91220312518115
58.561159277 87.91220312518116
59.554277948 88.27236949708303
59.55443748 88.42615415458688
59.5548907 88.53538005433803
59.561217167 88.5683366289143
59.586500733 88.56833662891431
60.779513582999996 88.92850300081619
60.779685173 89.08228765832003
60.785963919 89.16295538741345
60.786467791 89.1753466975885
60.906389482 89.17534669758851
61.972405514 89.53551306949038
61.972567823 89.68929772699423
61.977043928 89.76996545608765
63.119150915 89.92088736641854
63.119315636 90.28391648549338
63.137320715 90.3157714851579
63.313318556 90.31577148515791
64.232835687 90.4666933954888
64.23297358 90.82972251456364
65.280975008 90.91981275428613
65.281532697 90.91981275428614
65.282025473 91.26037198100042
65.285491498 91.33418610675969
65.285981689 91.3341861067597
66.290086005 91.42427634648219
66.291000552 91.76483557319649
66.296130631 91.7784817306041
66.29749871 91.78082037784523
66.305809384 91.7888929475947
66.306201989 91.80411130088761
66.306531823 91.8057580902299
66.307164115 91.82540495227884
66.35720013 91.82540495227886
67.276926236 91.82988113528738
67.277066196 92.1852316341931
67.279831276 92.1909509051659
67.282046703 92.27203922336439
67.282506089 92.2720392233644
67.291681261 92.28011179311385
67.292018746 92.29533014640676
67.909522037 92.29533014640677
68.234343655 92.38542038612924
68.234737128 92.38542038612927
68.234895933 92.60919625459759
68.235135453 92.71379699412604
68.238995488 92.7419644174923
68.239422083 92.74196441749231
68.247681116 92.75003698724178
69.135768048 92.75451317025032
69.135891578 93.10986366915604
69.140360665 93.19667125832733
69.9987668 93.20114744133586
69.998885108 93.55649794024158
70.003716176 93.59818878990862
70.006038662 93.61733439450903
70.056479676 93.61733439450904
70.106080801 93.61733439450906
70.823974744 93.62181057751759
70.824088873 93.97716107642331
70.828673968 94.01885192609035
70.839839069 94.0358012422283
70.920599578 94.03580124222832
71.009725377 94.03580124222833
71.614860457 94.12589148195082
71.616289585 94.36395623005056
71.620006953 94.42496881901741
71.629731398 94.43731877380961
71.66566992 94.43731877380962
71.938421576 94.43731877380964
72.268812319 94.43731877380965
72.372513757 94.44179495681816
72.3726321 94.79714545572388
72.382467031 94.82648635059869
72.392918389 94.82648635059871
73.092251607 94.82648635059873
73.10274225 94.83096253360723
73.102770902 94.96405229817749
73.102876548 95.18631303251296
73.131847047 95.18631303251297
73.712654523 95.18631303251298
73.802429642 95.27640327223548
73.803315538 95.27793928961731
73.803975012 95.32212244538357
73.804260447 95.44671752917306
73.811505139 95.5185708087021
74.435245269 95.51857080870211
74.471378761 95.52598813728002
74.471526827 95.6195099546963
74.471812155 95.61950995469633
74.472549382 95.6801468305469
74.473289106 95.77897530536215
74.614094759 95.77897530536217
74.653170695 95.77897530536218
75.106010909 95.86906554508465
75.106853284 95.8706015624665
75.107114258 95.94055132720698
75.110637664 95.95138132433166
75.110916435 95.95138132433169
75.111764031 96.03791666176093
75.127302607 96.03791666176095
75.391317779 96.03791666176096
75.720130139 96.12800690148345
75.720951821 96.12954291886527
75.721112012 96.19949268360577
75.72455004 96.20138862424608
75.725016023 96.21032268073046
75.725270699 96.21032268073048
75.726737329 96.26284858149182
75.774578649 96.26284858149184
76.288764896 96.26284858149185
76.300895726 96.27026591006977
76.301279503 96.36378772748607
76.301902276 96.42442460333665
76.305152666 96.42632054397696
76.305823276 96.43525460046133
76.307511706 96.4877805012227
76.335047532 96.48778050122273
76.854592662 96.5141023170443
76.854840295 96.57940675832704
76.856801779 96.64935652306751
76.860432023 96.65125246370782
76.863668932 96.6662013293937
77.289287924 96.66620132939372
77.376783401 96.69252314521528
77.377014585 96.75782758649804
77.37714782 96.82777735123851
77.380217298 96.82967329187882
77.410681628 96.82967329187885
77.871753491 96.85599510770042
77.871972759 96.92129954898316
77.872542867 96.96548270474942
77.872973961 96.9733611575585
77.880932908 96.9801482889347
77.887331601 96.98014828893471
78.117652299 96.98014828893473
78.346696427 97.01470053644168
78.349300818 97.10206283614924
78.350134908 97.11595770180529
78.350678936 97.12383615461435
78.363786092 97.12383615461437
78.403049749 97.12383615461438
78.733736247 97.1238361546144
78.79769861 97.15015797043596
78.800678044 97.2457507018289
78.801484854 97.25964556748494
78.827848553 97.25964556748495
78.894404816 97.25964556748497
79.082440446 97.25964556748498
79.226519968 97.26706289606288
79.228214436 97.28822794729598
79.229771547 97.3815601146995
79.310094592 97.38156011469951
79.415499009 97.38156011469952
79.632313399 97.38897744327744
79.634098044 97.41014249451052
79.635624058 97.47925965571717
79.638766894 97.49399203855283
79.71339182 97.49399203855286
80.015638371 97.50140936713078
80.017191463 97.52257441836386
80.018563052 97.59169157957051
80.032665721 97.59169157957052
80.246199728 97.59169157957055
80.363518588 97.61801339539213
80.366028747 97.71184921000761
80.693614684 97.71926653858553
80.695018151 97.74043158981863
80.697245982 97.74640145751457
80.698204825 97.79323486759526
80.76674186 97.79323486759527
81.003632667 97.81955668341685
81.004573201 97.82181724740629
81.006441977 97.82778711510225
81.294422762 97.83520444368018
81.295733228 97.85636949491327
81.297792652 97.85916606424959
81.432981366 97.8591660642496
81.569699957 97.88548788007118
81.57353648 97.88774844406062
81.599297607 97.88774844406063
81.744747097 97.88774844406065
81.825685965 97.91407025988222
81.829397161 97.91587314962594
81.891516737 97.91587314962595
82.053536422 97.91587314962597
82.065422373 97.94219496544756
82.292121865 97.94961229402547
82.346045843 97.9496122940255
82.885387194 97.97593313269505
82.90564673 97.97593313269506
82.93428656 97.97593313269508
83.211235807 98.01142088183025
83.214321474 98.01142088183026
83.357802811 98.24378668633184
83.371734543 98.24378668633186
83.736345976 98.35549694858078
83.764199873 98.3554969485808
83.936381553 98.50549954962176
83.941911889 98.50549954962177
83.983456025 98.50549954962179
84.174152102 98.55114830830283
