0.000355424 52.176276517745066
0.000437382 53.16559389088175
0.000586566 53.17000307415586
0.000706515 53.70253415325084
0.004646926 53.750530266706605
0.078568543 53.753780890127246
0.078597038 54.74309826326392
0.078709148 54.74750744653804
0.078806048 55.280038525633
0.081907017 55.32803463908877
0.203684492 55.33667875781663
0.325788581 55.341721605092395
0.567922692 55.346180373528505
0.628730568 55.346180373528526
0.807769329 55.348521144229096
0.929014469 55.352043014295845
1.168629913 55.37099285922774
1.228410371 55.37850454479212
1.2886622540000001 55.378504544792136
1.467538651 55.39356188022661
1.52800389 55.39356188022663
1.588620341 55.413637920712475
1.7082994 55.41363792071249
1.828660292 55.43367961987743
2.068336057 55.43723222145976
2.186703576 55.437232221459766
2.30679132 55.459016433855474
2.3669325900000002 55.45901643385548
2.426677942 55.459016433855496
2.549765006 55.494887540948255
2.788877154 55.524514757468964
3.088659129 55.743678592850344
3.088774224 55.984686170411265
3.089612279 55.98468617041127
3.090066247 56.069200434120546
3.090109229 56.30474418823175
3.0901616 56.44672257728713
3.090274601 56.714021629615644
3.091484827 56.814105321683584
3.091744206 57.20098072575203
3.092096689 57.268872031710615
3.5533654180000003 57.26887203171063
5.051919106 57.29849924823132
5.966090832 57.56565919706847
5.966209021 57.806666774629406
5.967459224 57.89118103833869
5.967503156 58.12672479244988
5.967555434 58.26870318150526
5.967843381 58.3921360959765
5.968497744 58.53600223383377
5.972144085 58.87038477929987
5.972386964 58.95557398646379
5.992790594 58.977358198859505
6.015475685 59.04285652247299
8.772493169 59.33964368783084
8.772623074 59.580651265391765
8.773893725 59.665165529101046
8.773937731 59.90070928321224
8.773992233 60.04268767226762
8.774272388 60.166120586738856
8.774898236 60.30998672459613
8.778463036 60.64436927006224
8.778717204 60.72955847722615
8.779495438 60.729558477226156
11.509859221 60.7722434609419
11.509921833 61.026345642584
11.510024683 61.26735322014493
11.511249202 61.351867483854214
11.511292004 61.587411237965405
11.511345543000001 61.7293896270208
11.511637059 61.852822541492024
11.512283844 61.9966886793493
11.517833155 62.10319053818083
11.518077529 62.2466675911512
11.518222691 62.41270783039699
11.535529905 62.41626043197932
14.181163297 62.45894541569508
14.18121812 62.71304759733717
14.181321144 62.954055174898095
14.18212798 62.9540551748981
14.182562704 63.038569438607375
14.182603457 63.27411319271858
14.18265548 63.41609158177396
14.182957307 63.539524496245186
14.183553759 63.68339063410246
14.188991868 63.789892492933994
14.189233851000001 63.93336954590436
14.189715373 63.96479596425619
14.19756622 64.00240892308935
14.197858286 64.03672302450047
14.20332868 64.07936808598521
14.410940376 64.07936808598522
16.7868054 64.12205306970097
16.78686438 64.37615525134306
16.786969602 64.61716282890399
16.789921976 64.70167709261327
16.789965368 64.93722084672447
16.790016386 65.07919923577985
16.790302053 65.20263215025108
16.796281064 65.32031646594167
16.796308201 65.59647719991027
16.796774452 65.6279036182621
16.804427649 65.66551657709525
16.804717016 65.69983067850637
16.90551675 65.69983067850639
19.319317012 65.74251566222212
19.319371097 65.99661784386423
19.319471264 66.23762542142516
19.320638506 66.32213968513445
19.320680321 66.55768343924564
19.320733471 66.69966182830103
19.321012597 66.82309474277226
19.327098236 66.94077905846284
19.327583715 67.24836621078326
21.095915297 67.24836621078327
21.777427552 67.291051194499
21.777585739 67.78616095370202
21.77839711 67.78616095370204
21.778810248 67.8706752174113
21.778851912 68.1062189715225
21.778905087 68.24819736057788
21.779204016 68.37163027504911
21.789463122 68.62548676354041
21.811004191 68.62548676354042
21.822344453 68.75139293248859
21.845118102 68.7513929324886
24.187260392 68.79407791620434
24.18740312 69.28918767540738
24.188498596 69.37370193911666
24.188541173 69.60924569322786
24.188590758 69.75122408228324
24.188868958 69.87465699675447
24.198985711 70.12851348524576
24.219619299 70.12851348524578
26.57052255 70.17119846896153
26.570659165 70.66630822816455
26.571741312 70.75082249187383
26.57178055 70.98636624598502
26.571829376 71.1283446350404
26.572098552 71.25177754951164
26.582353679 71.48465458575454
28.858063878 71.5273395694703
28.858406518 71.80883384600037
28.858521717 71.93579485906821
28.858968631 72.0224493286733
28.859355968 72.10696359238258
28.859439167 72.48448573554916
28.859709412 72.6079186500204
28.870432475 72.84079568626329
28.914102723 72.8407956862633
30.076726085 72.84079568626332
31.038110294 72.88348066997905
31.038453597 73.16497494650915
31.038577633 73.29193595957697
31.039393048 73.4559679083763
31.039474665 73.84062683605795
31.039765926 73.96405975052917
31.055119401 74.169197434716
31.47730115 74.16919743471601
33.153115184 74.21188241843176
33.15343993 74.49337669496187
33.153554871 74.6203377080297
33.15433857 74.78436965682901
33.154420486 75.16902858451066
33.154703562 75.29246149898188
33.169956068 75.41872885263616
33.170405925 75.4975991831687
34.916648733 75.49759918316872
35.191258313 75.54028416688443
35.191515884 75.54028416688445
35.191582019 75.82177844341454
35.191692401 75.94873945648237
35.192477086 76.11277140528169
35.192556106 76.49743033296335
35.192820315 76.62086324743457
35.212407582 76.77113805320788
35.215801633 76.805141019498
35.334503817 76.80514101949801
37.196759939 76.84782600321375
37.197049278 77.12932027974384
37.197160008 77.25628129281166
37.197935458 77.420313241611
37.198000922 77.80497216929264
37.1982649 77.92840508376386
37.216860009 78.07867988953717
37.220503314 78.07867988953718
39.121143138 78.12136487325293
39.121431863 78.40285914978303
39.121540965 78.52982016285085
39.122280703 78.69385211165017
39.122344414 79.07851103933181
39.122598659 79.20194395380304
39.145234152 79.25773423476433
40.993947574 79.30041921848007
40.994243667 79.58191349501017
40.994967017 79.62368735289573
40.995098425 79.87290645687732
40.995162111 80.25756538455896
40.99862184 80.3365136035244
41.028790084 80.33651360352441
42.815972535 80.37919858724014
42.816274094 80.66069286377025
42.816980341 80.70246672165581
42.817110126 80.9516858256374
42.817174559 81.33634475331904
42.829705541 81.33634475331905
42.834661449 81.39800136250672
43.257520385 81.39800136250673
44.577151883 81.44068634622246
44.577431861 81.72218062275256
44.578106205 81.76395448063812
44.578238088 82.01317358461971
44.578302945 82.39783251230135
44.59042049 82.39783251230136
44.595849721 82.45948912148901
44.629707807 82.45948912148903
45.840584022 82.45948912148904
46.218117505 82.45948912148906
46.304162511 82.50217410520477
46.304456029 82.78366838173487
46.305081923 82.78366838173488
46.305161362 82.82544223962043
46.305290085 83.07466134360202
46.305357613 83.45932027128367
46.678449397 83.45932027128369
47.657571543 83.4593202712837
47.955309275 83.50200525499943
47.955569493 83.78349953152953
47.956507073 83.96805321271242
47.95689595 84.0173741649318
47.960796911 84.14279492480105
47.964865993 84.27749122627583
47.965029933 84.4263063894107
47.985884726 84.45915142107832
48.149293155 84.45915142107833
49.543208272 84.50183640479406
49.543493198 84.78333068132416
49.544068014 84.78333068132417
49.54436188 84.96788436250705
49.544663911 85.01720531472643
49.548320754 85.14262607459568
49.552281031 85.27732237607047
49.552430288 85.42613753920534
49.671273724 85.42613753920536
49.737841823 85.42613753920537
51.077775767 85.4688225229211
51.078044008 85.75031679945121
51.078876054 85.93487048063409
51.079199778 85.98419143285346
51.083132184 86.10961219272272
51.091926955 86.18503766849932
51.094631636 86.1957764436213
51.094709079 86.3115878039558
51.094732258 86.31275652200671
51.936582752 86.31275652200672
52.574841176 86.35544150572245
52.575135671 86.63693578225255
52.575699383 86.63693578225256
52.575994165 86.82148946343544
52.579874441 86.99623117552407
52.589898561 86.99623117552409
52.592993957 87.05077259235607
52.594499143 87.07079909873956
52.597981693 87.14171229133122
53.208675893 87.14171229133123
54.022162169 87.18439727504696
54.022427862 87.46589155157707
54.023236434 87.65044523275995
54.026969925 87.82518694484858
54.036343013 87.8251869448486
54.039135729 87.87972836168056
54.040620761 87.89975486806406
54.0691478 87.8997548680641
54.412742468 87.89975486806411
55.457256545 87.94243985177984
55.457520576 88.22393412830992
55.458327693 88.40848780949283
55.462049774 88.58322952158146
55.474107085 88.63777093841342
55.474560634 88.63777093841344
55.558283164 88.63777093841345
56.822958852 88.68045592212918
56.823198259 88.6804559221292
56.823257494 88.9619501986593
56.824024771 89.14650387984217
56.82770432 89.3212455919308
56.837537298 89.32124559193082
56.840163944 89.3757870087628
58.136768196 89.41847199247853
58.137671516 89.50601449848175
58.138936832 89.88451995019152
58.142566415 90.05926166228015
58.151853624 90.05926166228016
58.204181963 90.05926166228018
58.951504637 90.05926166228019
59.425473247 90.10194664599591
59.425710782 90.10194664599594
59.426339557 90.18948915199915
59.426518853 90.56799460370893
59.430070371 90.74273631579756
60.548772779 90.74273631579757
60.643608093 90.78542129951329
60.644427878 90.8729638055165
60.644623543 90.90602136158701
60.645110749 90.90602136158702
60.647062404 91.1334420562453
60.649856598 91.2319952038249
60.65285307 91.30933966688808
60.662756299 91.34737137501965
60.685321515 91.34737137501968
61.833112571 91.39005635873541
61.833918544 91.47759886473862
61.834131221 91.51065642080913
61.834623469 91.51065642080914
61.836543725 91.73807711546742
61.845200512 91.84408479030155
61.84764469 91.85683442384514
61.894828305 91.85683442384516
62.079401132 91.85683442384517
62.974884288 91.89951940756092
62.975673477 91.98706191356413
62.975912553 92.02011946963461
62.97821263 92.19259243118235
62.979803694 92.35354783912706
62.990333435 92.36629747267062
63.056830115 92.36629747267065
64.092034356 92.40898245638638
64.092834531 92.4965249623896
64.095199935 92.51362104754813
64.095286943 92.70205548000784
64.096825861 92.86301088795253
64.097286816 92.86301088795254
64.13955969 92.86301088795256
65.149712863 92.90569587166829
65.150470484 92.9932383776715
65.152863006 93.2537166284003
65.16601516 93.2643647195846
65.168843568 93.31212547229673
65.531751908 93.31212547229674
66.159139707 93.35481045601247
66.159371963 93.35481045601249
66.15990785299999 93.44235296201569
66.162323849 93.70283121274448
66.175259417 93.71347930392879
66.938990805 93.7134793039288
67.149855102 93.75616428764452
67.150608356 93.84370679364774
67.152806468 93.86080287880627
67.15306129 93.94299325210709
67.154744766 94.03005769155563
67.155961884 94.0946177955362
67.156712077 94.10418504437654
67.165887821 94.17514674129576
67.203822169 94.17514674129578
67.22274389 94.17514674129579
68.114169481 94.21783172501152
68.114874875 94.30537423101474
68.117226821 94.40466068947408
68.118922446 94.49172512892261
68.120071705 94.55628523290318
68.192908078 94.55628523290319
68.210840609 94.5562852329032
69.024057696 94.59897021661895
69.024756072 94.68651272262217
69.027081198 94.78579918108152
69.02871966 94.87286362053005
69.484634717 94.87286362053007
69.905995851 94.91554860424579
69.906245401 94.9155486042458
69.906735697 95.003091110249
69.908850592 95.02018719540753
69.909097639 95.10237756870835
69.910694145 95.12663945475148
69.911114179 95.1266394547515
69.911442249 95.1879788545451
69.928642415 95.18797885454511
70.68269037 95.18797885454512
70.734953413 95.23066383826085
70.735896569 95.24929092354724
70.735970943 95.29304270160557
70.736094726 95.31820634426407
70.738336316 95.41749280272344
70.742144234 95.44175468876657
70.744392803 95.45462996831051
70.744504996 95.47328304472909
70.75106094 95.4898949284839
71.485379589 95.48989492848392
71.534015084 95.53257991219965
71.534979028 95.55120699748603
71.535047131 95.59495877554437
71.535170304 95.62012241820287
71.537329522 95.71940887666221
71.541406711 95.74367076270536
71.543191104 95.75654604224931
71.543308506 95.77519911866789
72.299321775 95.8178841023836
72.299953887 95.90542660838682
72.302140694 96.00471306684616
72.303632993 96.02897495288931
72.321719275 96.02897495288933
72.876054329 96.02897495288934
73.031685536 96.07165993660506
73.031875844 96.07165993660507
73.032610763 96.09028702189143
73.032672261 96.13403879994976
73.033119189 96.15194291136879
73.034892368 96.24261001616352
73.041760682 96.24401037689434
73.043182903 96.26258645528712
73.051500648 96.26258645528713
73.733813243 96.30527143900287
73.73471855 96.32389852428925
73.734789857 96.36765030234758
73.736916827 96.47622151856132
73.738384443 96.47762187929214
73.738490698 96.48758058605395
74.215309018 96.48758058605397
74.40500114 96.5302655697697
74.40588196 96.54889265505606
74.405939116 96.59264443311442
74.407379266 96.63490416093144
74.407965354 96.70121564932815
74.460420668 96.70121564932816
75.050729693 96.74390063304388
75.050938055 96.7439006330439
75.053326077 96.76252771833026
75.053390924 96.8062794963886
75.05791331 96.86656700239836
75.060053071 96.87816344437816
75.291204065 96.87816344437817
75.660006636 96.9208484280939
75.660885251 96.93947551338029
75.660965506 96.98322729143862
75.66348106 96.98845428372917
75.66583292 97.04351479744837
75.671368373 97.04351479744838
76.173993262 97.0435147974484
76.254393455 97.08619978116413
76.255196522 97.10482686645048
76.255266728 97.14857864450882
76.257711566 97.15380563679939
76.260179732 97.16188222880555
76.271353473 97.16188222880557
76.285137646 97.16188222880558
76.458871817 97.1618822288056
76.814531965 97.20456721252131
76.815323323 97.2231942978077
76.81539172 97.26694607586603
76.821096828 97.27217306815659
76.884661226 97.2721730681566
76.933831846 97.27217306815662
77.340848368 97.31485805187233
77.341624712 97.33348513715872
77.341682652 97.37723691521703
77.352106677 97.37723691521705
77.38233535 97.37723691521707
77.581491778 97.37723691521708
77.837938394 97.41992189893281
77.838706539 97.4385489842192
77.840064578 97.45349987145802
77.842651803 97.47751641358866
78.092041746 97.47751641358867
78.323973123 97.52020139730439
78.326102326 97.5537793698296
78.328612058 97.57145910523828
78.365021481 97.57145910523829
78.435960764 97.5714591052383
78.776590984 97.61414408895402
78.777326542 97.6327711742404
78.782633808 97.64367500427619
78.78501241 97.64876540529023
78.785036415 97.65139014308666
78.785203203 97.6599719380531
78.837107154 97.65997193805312
79.025162491 97.65997193805313
79.161507627 97.65997193805315
79.206508835 97.70265692176886
79.208584255 97.71381361112151
79.20904192 97.79185107886019
79.258302172 97.7918510788602
79.438038549 97.79185107886022
79.615155392 97.83453606257595
79.615831376 97.85316314786233
79.620421834 97.86406697789812
79.621123667 97.88944673757604
79.675279526 97.88944673757605
79.88555801 97.88944673757607
79.997947291 97.93213172129178
79.998583233 97.95075880657816
80.004069343 97.95356209700044
80.004343756 97.95356209700046
80.004738701 97.96166263661395
80.011687226 97.96166263661397
80.122738502 97.96166263661398
80.347370459 98.00434762032971
80.34917821 98.00497867131757
80.349247545 98.01550430968233
80.352168175 98.0229747056161
80.353234637 98.02577799603837
80.353496299 98.02577799603839
80.550705349 98.0257779960384
80.677500954 98.06846297975412
80.679234522 98.07961966910673
80.681608611 98.0870900650405
80.683066232 98.0898933554628
80.910608379 98.08989335546282
80.985999651 98.13257833917854
80.987653988 98.1332093901664
80.987727141 98.14373502853118
80.990283397 98.15120542446492
80.998695914 98.15120542446493
81.089027447 98.15120542446495
81.277152378 98.19389040818068
81.278790496 98.19452145916854
81.278867862 98.2050470975333
81.28481324 98.20504709753332
81.556052891 98.21559868150551
81.556138272 98.25455235271765
81.650749297 98.25455235271767
81.81663222 98.3575677234755
81.825958974 98.35756772347553
82.046487794 98.35756772347554
82.056787524 98.46546712938856
82.134124638 98.46546712938859
82.282078063 98.50892234561371
82.283225534 98.59129353273588
82.334005208 98.59129353273589
82.495551917 98.60184511670808
82.495947502 98.60212216121509
82.496664964 98.61077534773709
82.69320385 98.62132693170928
82.69433875 98.62357579226216
82.875519748 98.63412737623437
83.048069585 98.64191765224592
83.205253945 98.86041979945465
83.232566998 98.86041979945466
83.483830496 98.90758775110454
83.560301867 98.90758775110456
83.827338189 99.04717866586591
84.159125922 99.25843393875353
84.279390977 99.30720998809052
