0.000357692 46.341739686430095
0.000437862 48.78141372336976
0.000497018 48.80628278990108
0.001006945 48.834665281305384
0.001115124 49.00354514380535
0.003696068 49.54375689666367
0.009031817 49.57100513922058
0.046391743 49.589424782013005
0.048389517 49.59214307243211
0.060192535 49.631837466523386
0.079636687 50.36286214433028
0.079686608 50.38773121086161
0.080090136 50.41611370226591
0.080175542 50.584993564765874
0.0821957 51.12520531762419
0.086418675 51.1524535601811
0.115744915 51.17087320297352
0.117320711 51.17359149339262
0.126372455 51.21328588748389
0.187665304 51.213285887483906
0.24755688 51.21788530469993
0.367796018 51.218321506413396
0.489629572 51.23244178318459
0.731277602 51.248039525896
0.853085711 51.26507750145995
0.912556718 51.278269684907436
0.973351555 51.27826968490745
1.150726206 51.30180526751159
1.270230636 51.313142085398944
1.389364453 51.3165526584307
1.508738838 51.333842054409324
1.617732262 51.34650893314342
1.619268387 51.34922722356252
1.627409599 51.3889216176538
1.857805732 51.40325377796535
1.918313691 51.403253777965354
1.979406497 51.40767953921737
1.988459209 51.44737393330863
2.051152936 51.44737393330865
2.23489316 51.46788384642888
2.537154156 51.48626431636375
2.599258382 51.48626431636376
2.658278911 51.49513208898578
2.71959073 51.49513208898579
2.780868012 51.4979365837518
2.9051977 51.513551731778215
3.024481244 51.51627002219732
3.098084775 52.52107713992023
3.098140373 52.54594620645155
3.098561437 52.574328697855854
3.098647738 52.74320856035582
3.100624532 53.283420313214144
3.104740533 53.31066855577105
3.132624887 53.329088198563475
3.134135309 53.33180648898258
3.249036416 53.337151960149356
3.257101012 53.37684635424062
3.486619467 53.376846354240634
3.714763012 53.37956464465972
3.772643415 53.37956464465974
4.171685172 53.38236913942575
4.859928712 53.39798428745216
5.968789355 54.4505495608522
5.96934144 54.672680981287805
5.9715749559999995 54.773349046059785
5.971666734 54.83083249696619
5.971798511 55.05815097311619
5.9721482980000005 55.21289273414613
5.9991922970000005 55.231273204081
6.004343342 55.261278909914566
8.764667148000001 56.33498211652615
8.764734336 56.359851183057486
8.765223259 56.55711353696174
8.767173935 57.09732528982008
8.794569497 57.115705759754945
8.808897368 57.11570575975495
11.503374965999999 58.18940896636653
11.50397138 58.41154038680213
11.507455027 58.512208451574104
11.507548357 58.56969190248051
11.50767915 58.79701037863052
11.508022906 58.95175213966045
11.552900775 58.95175213966046
14.155857663 59.02793503851382
14.155950684 59.43887605027826
14.156002861 59.57323727002318
14.156093541 59.6349411285425
14.15614589 59.75009311035301
14.156169902 60.018076512101096
14.156413689 60.24758676670764
14.160979725 60.31790694079928
14.161811781 60.40566870089634
14.161963934 60.52878693819453
14.172032684 60.708836290790885
14.187986937 60.76728860644572
14.211434508 60.767288606445724
16.747016088 61.04019400116909
16.747193683 61.25441251706352
16.748982831 61.38877373680844
16.749076214 61.45047759532776
16.749128462 61.565629577138274
16.749152671 61.83361297888635
16.749388841 62.0631232334929
16.753731899 62.13344340758454
16.7556053 62.221205167681596
16.765372284 62.324575312300375
16.765625015 62.524372757576145
16.786223179 62.52437275757615
18.297695166 62.52437275757616
19.27410425 62.60055565642951
19.274194778 63.011496668193956
19.274245098 63.145857887938874
19.274331977 63.2075617464582
19.274383112 63.32271372826871
19.2744076 63.59069713001679
19.27861657 63.67524231115595
19.279100874 63.89052755871498
19.279886474 63.97828931881204
19.28947426 64.08165946343081
19.289759016 64.1104205957527
19.289783963 64.17080497596021
19.296536226 64.19434055856436
19.405652989 64.19434055856438
21.716964046 64.46724595328774
21.717114218 64.68146446918217
21.71716537 64.81582568892709
21.71725167 64.87752954744641
21.717300671 64.99268152925693
21.717323995 65.260664931005
21.718072684 65.26066493100501
21.72149507 65.34521011214416
21.721946718 65.56049535970318
21.723719501 65.64825711980025
21.739630274 65.77578897952489
21.74061169 65.78082459845439
21.753672491 65.84077277694844
24.105079024 66.11367817167181
24.105238357 66.32789668756624
24.105292586 66.46225790731114
24.105381824 66.52396176583046
24.105433688 66.63911374764098
24.105457271 66.90709714938906
24.109557075 66.99164233052822
24.111765487 67.2946893381843
24.127434361 67.42222119790894
26.436296778 67.69512659263232
26.436456565 67.90934510852675
26.43651222 68.04370632827167
26.436601205 68.10541018679099
26.436664346 68.48854557034957
26.437397407 68.48854557034959
26.440679688 68.57309075148873
26.442909413 68.62639598721502
26.443219588 68.65586298389616
26.443360193 68.77752956591975
26.446091231 68.7911800732831
27.44528646 68.79118007328312
28.68583045 69.06408546800648
28.685994169 69.27830398390091
28.686048641 69.41266520364583
28.686137207 69.47436906216515
28.68620033 69.85750444572373
28.690102354 69.94204962686288
28.692324221 69.99535486258918
28.692631119 70.0248218592703
28.692770178 70.1464884412939
28.719781636 70.1532178749744
30.910494155 70.42612326969777
30.910643008 70.6403417855922
30.910693484 70.77470300533712
30.910777871 70.83640686385644
30.91083858 71.21954224741503
30.914672963 71.30408742855418
30.91679918 71.35739266428048
30.917203715 71.5085262429852
33.117912219 71.78143163770856
33.118070335 71.995650153603
33.118123536 72.13001137334791
33.118213893 72.19171523186724
33.118275624 72.57485061542583
33.122097245 72.65939579656498
33.122754201 72.659395796565
33.126086387 72.68772180573129
33.126337616 72.68978105731213
33.128277157 72.77853128588082
33.139868285 72.80917114546408
35.195955708 73.08207654018744
35.19611454 73.29629505608187
35.196166441 73.43065627582679
35.196257548 73.49236013434611
35.196736828 73.56959534377755
35.199108443 73.65316323030225
35.199230394 73.67938921438768
35.200062508 73.85927808548871
35.200101963 73.96004069904386
35.203753334 73.98836670821017
35.204004306 73.99042595979101
35.205901412 74.07917618835971
35.48506142 74.07917618835972
37.24634122 74.35208158308308
37.246492478 74.5663000989775
37.2465468 74.70066131872242
37.246633771 74.76236517724175
37.247112116 74.83960038667318
37.249448206 74.92316827319789
37.249569665 74.94939425728332
37.250366983 75.12928312838434
37.250405619 75.23004574193949
37.254012001 75.2583717511058
37.254258749 75.26043100268664
39.173310675 75.26043100268666
39.245710894 75.53333639741003
39.245848277 75.74755491330446
39.245897917 75.88191613304937
39.245982231 75.9436199915687
39.246427908 76.02085520100013
39.248796293 76.13064907161026
39.24958921 76.31053794271129
39.250234295 76.41130055626644
39.253167828 76.43962656543275
41.019973265 76.43962656543276
41.157355089 76.71253196015611
41.157495029 76.92675047605056
41.157546165 77.06111169579546
41.157633259 77.12281555431478
41.158097841 77.20005076374622
41.160335123 77.28361865027092
41.16046086 77.30984463435635
41.161253417 77.59049611901254
41.851467545 77.59049611901256
42.980818876 77.86340151373592
42.980962219 78.07762002963035
42.981012282 78.21198124937527
42.981094744 78.2736851078946
42.981522734 78.35092031732603
42.983801278 78.46071418793615
42.991202435 78.50603591606071
42.996630637 78.66148471293975
43.003803495 78.68860111481978
43.013401533 78.68860111481979
43.292985769 78.6886011148198
44.738377975 78.96150650954317
44.738524883 79.1757250254376
44.738575854 79.31008624518252
44.738657368 79.37179010370184
44.739077471 79.44902531313328
44.741347038 79.55881918374341
44.742242171 79.56791684347981
44.742372697 79.67975065846944
44.758331633 79.71352896410247
44.76499561 79.73592580554437
45.620262078 79.73592580554438
46.458759342 80.00883120026774
46.458918335 80.22304971616217
46.458971618 80.35741093590708
46.459061372 80.4191147944264
46.459499174 80.49635000385784
46.461757285 80.60614387446797
46.4687559 80.65146560259252
46.469358547 80.65146560259254
46.475104441 80.7111527461766
46.47870517 80.76085365482703
46.578626701 80.76085365482705
48.114079209 81.03375904955041
48.114222112 81.24797756544484
48.11601362 81.38233878518976
48.116092357 81.44404264370908
48.116483611 81.52127785314052
48.118548812 81.63107172375065
48.119367912 81.64016938348705
48.119493317 81.75200319847667
48.13456624 81.7857815041097
49.718834663 82.05868689883307
49.718978741 82.2729054147275
49.719028967 82.40726663447242
49.719108952 82.46897049299174
49.719487184 82.54620570242318
49.721615956 82.6559995730333
49.728295331 82.70132130115785
49.728852463 82.70132130115788
49.734240591 82.76100844474193
49.7392292 82.77693104775933
49.739571799 82.77785306040445
49.774982917 82.77785306040447
51.258591392 83.05075845512783
51.258730162 83.26497697102226
51.258782224 83.39933819076718
51.25886339 83.4610420492865
51.259255592 83.53827725871791
51.261321796 83.64807112932806
51.262172906 83.65716878906446
51.262296 83.7690026040541
52.751406456 84.04190799877745
52.751563461 84.25612651467188
52.751615858 84.3904877344168
52.751703733 84.45219159293612
52.752093315 84.52942680236754
52.754628961 84.63922067297769
52.76042558 84.68454240110223
52.790657549 84.68454240110225
52.820064968 84.68454240110226
54.019011194 84.68454240110228
54.212237073 84.95744779582563
54.212367955 85.17166631172005
54.212416012 85.30602753146495
54.212494217 85.36773138998427
54.212860995 85.44496659941571
54.214855723 85.55476047002584
54.22106737 85.60008219815039
54.26860178 85.6000821981504
54.612399078 85.60008219815042
55.604550717 85.87298759287378
55.604761086 85.94791826089258
55.604799813 86.07247827686307
55.604823056 86.15776640924756
55.604845225 86.28327118703245
55.605216121 86.36050639646388
55.607185521 86.47030026707401
55.890149673 86.47030026707402
56.968872894 86.74320566179739
56.969060597 86.81813632981618
56.969097894 87.02798447817116
56.969120076 87.15348925595606
56.969493706 87.23072446538748
56.979121748 87.26399549851392
56.979223974 87.28514521597742
56.989360709 87.33614692289805
57.042421994 87.33614692289807
58.28763414 87.60905231762142
58.287819682 87.68398298564023
58.28785536 87.89383113399519
58.287877455 88.01933591178009
58.288225637 88.09657112121153
58.297378099 88.13003669854675
58.29770233 88.15099187180147
58.501811758 88.15099187180148
59.568989728 88.42389726652485
59.569190847 88.49882793454364
59.570901596 88.70867608289862
59.570923669 88.83418086068352
59.571293657 88.91141607011494
59.580008263 88.94488164745016
60.177069032 88.94488164745017
60.800398142 89.21778704217353
60.80058609 89.29271771019232
60.80062218 89.5025658585473
60.800645025 89.6280706363322
60.800991549 89.7053058457636
60.848415136 89.70530584576362
60.895334695 89.70530584576363
61.981868137 89.78865548217595
61.982013246 89.8795818953028
61.983629799 89.98055921092073
61.985630737 90.14328278341038
61.986100994 90.1432827834104
61.990532314 90.4058145429775
62.036770094 90.40581454297751
62.109335441 90.40581454297752
62.404441651 90.40581454297754
63.122199377 90.48916417938986
63.122311649 90.58009059251671
63.122770589 90.58009059251673
63.123742993 90.68106790813464
63.125713735 90.84379148062429
63.130471933 91.1063232401914
63.202399275 91.10632324019141
64.223939597 91.18967287660375
64.224060664 91.2805992897306
64.224514563 91.28059928973062
64.22621644 91.36313952946942
64.226381233 91.38108065051402
64.2309449 91.46838259116869
64.23136993 91.46838259116872
64.231793168 91.47906494068452
64.233115626 91.69123284005833
64.425191206 91.69123284005835
65.285194034 91.77458247647068
65.285306801 91.86550888959754
65.287460855 91.90383705202053
65.290261175 91.9378844051733
65.291957604 91.9542074091564
65.292044688 92.05329219103564
65.292881742 92.06397454055146
65.294782032 92.14719749197822
65.294861747 92.18900384625171
65.295046885 92.25351082744139
65.324842661 92.2535108274414
66.309046897 92.33686046385374
66.309164331 92.42778687698059
66.309625107 92.4277868769806
66.311315865 92.46611503940359
66.312172512 92.74212369381742
66.318469684 92.75128183363476
66.320053296 92.76258384609237
66.735203206 92.76258384609238
67.312059294 92.84593348250473
67.312175591 92.93685989563156
67.312615592 92.93685989563157
67.314210442 93.0194001353704
67.314378899 93.037341256415
67.318660841 93.12464319706967
67.323197601 93.21854849801225
67.325855471 93.26035485228574
68.279054058 93.34370448869807
68.27916986 93.43463090182492
68.279574289 93.43463090182493
68.28128082 93.53511226260834
68.285757453 93.62241420326303
68.289569724 93.69050042723173
68.436496247 93.69050042723174
69.184200396 93.77385006364408
69.184299604 93.86477647677093
69.184703937 93.86477647677094
69.188118839 93.87964140802457
69.188804655 93.93715199234673
69.190310877 93.9534749963298
69.190385942 94.05255977820904
69.294639958 94.05255977820906
70.061912191 94.22683582774823
70.062316736 94.22683582774825
70.065632406 94.24170075900187
70.066703906 94.29921134332402
70.068206457 94.38672310445747
70.102603327 94.38672310445749
70.871807498 94.3867231044575
70.900013934 94.47007274086982
70.900121674 94.56099915399668
70.903447585 94.57586408525032
70.904530884 94.63719623924935
70.905895573 94.64969767355554
70.908199311 94.65047426137464
70.910070563 94.66804439340285
70.912113577 94.70855474485175
71.07361559 94.70855474485177
71.202728221 94.70855474485178
71.696910259 94.88283079439096
71.697298375 94.88283079439097
71.700108713 94.89769572564458
71.701428592 94.95902787964364
71.703248661 94.97152931394983
71.703887973 94.97230590176892
71.706130133 94.98987603379712
71.72259718 94.98987603379713
72.015310592 94.98987603379715
72.460140622 95.07322567020947
72.460248476 95.16415208333632
72.4632696 95.17901701458996
72.464546008 95.240349168589
72.465557519 95.25285060289518
72.467706722 95.25362719071427
72.472092956 95.26635737041323
72.486373495 95.26635737041325
73.192682017 95.34970700682557
73.192789475 95.44063341995242
73.193139451 95.44063341995243
73.195749276 95.45549835120606
73.19700656 95.51683050520512
73.19804924 95.52933193951128
73.199764156 95.53010852733038
73.298156775 95.5301085273304
73.327003117 95.53010852733041
73.891543554 95.61345816374273
73.89165805 95.70438457686957
73.891991101 95.7043845768696
73.894504201 95.71924950812321
73.895724278 95.78058166212227
73.896698472 95.79308309642845
74.00476736 95.79308309642846
74.559652906 95.96735914596765
74.559972962 95.96735914596766
74.56249456 95.98222407722129
74.563671972 96.04355623122034
75.201508894 96.21783228075952
75.201827724 96.21783228075954
75.206017849 96.24623035339891
75.206138687 96.24694775542542
75.812027613 96.4212238049646
75.812331985 96.42122380496461
76.097664164 96.42122380496463
76.40872833 96.57635320503017
76.409174645 96.58025033003642
76.420715296 96.58025033003644
76.977877219 96.73537973010197
77.000060936 96.73537973010198
77.104989324 96.735379730102
77.506185795 96.7948838004076
77.510832579 96.8250577361492
77.510918455 96.8425269083265
77.512860218 96.86563775361918
77.55335823 96.8656377536192
78.001648785 96.87834503935
78.002707542 96.9251418239248
78.005897408 96.95531575966643
78.007603051 96.97278493184373
78.158969611 96.97278493184375
78.505482819 96.98549221757455
78.506497429 97.03228900214934
78.512962059 97.04002957067345
78.540146681 97.04002957067347
78.96799508 97.09953364097908
78.977132873 97.0995336409791
79.404963205 97.10410789560362
79.405298184 97.10410789560363
79.405817745 97.11405014970771
79.405983679 97.11405014970774
79.406709624 97.12204758432077
79.406732827 97.12639668467565
79.406811229 97.14266220624687
79.408916155 97.15486326189802
79.506280975 97.15486326189803
79.817706293 97.15943751652257
79.817930079 97.15943751652259
79.818440496 97.16937977062666
79.81922747 97.21137401259436
79.824673616 97.21137401259438
79.970307599 97.21137401259439
80.20199293 97.21594826721893
80.202672879 97.22589052132302
80.203447233 97.23388795593608
80.203468858 97.23823705629097
80.203528242 97.25450257786216
80.211069006 97.25450257786218
80.547642985 97.25907683248673
80.548304482 97.26901908659082
80.551858139 97.2832400270724
80.840535512 97.28324002707241
80.873637927 97.28324002707242
80.876791504 97.28781428169697
80.877420186 97.29775653580106
80.877968133 97.36987826430297
81.148529941 97.36987826430298
81.185356048 97.37445251892754
81.185992688 97.38439477303163
81.4795758 97.3889690276562
81.480279385 97.39667933482733
81.755060856 97.4012535894519
81.755244321 97.40125358945191
82.009737682 97.75918261561623
82.475741456 97.84690448311126
82.67266938 97.84690448311127
82.691033756 97.96140875488972
82.873716029 97.96140875488973
82.890453401 98.04575309503797
83.057562739 98.04575309503798
83.402412085 98.1249342752714
83.478526175 98.12493427527141
83.501423111 98.12493427527143
83.68404644 98.17981521642086
84.211064108 98.19156180315002
84.290536101 98.53374221546323
84.427394166 98.69690933904161
84.428877309 98.69690933904162
84.780841463 98.74389455403056
