0.00035673 49.30361799909033
0.000468215 50.577794177393564
0.000573247 50.69522252454865
0.002081948 51.01044053434959
0.002116379 51.14532732813344
0.006919647 51.17614155395696
0.006952906 51.27126004734959
0.007392817 51.36598035038957
0.011985527 51.5134157934669
0.018746059 51.66034811093888
0.019778333 51.660348110938884
0.073952058 51.6603481109389
0.078989131 51.70964077079757
0.079038359 52.142936331938294
0.080248456 52.45815434173925
0.080275744 52.5930411355231
0.087124212 52.60182016166804
0.087309725 52.658880729053614
0.088360848 52.96112960085656
0.093658627 53.10806191832854
0.094483146 53.108061918328545
0.21598276 53.10834293456477
0.216834173 53.108342934564774
0.33673297 53.14552724372988
0.337553673 53.14552724372989
0.348569663 53.145527243729894
0.457725721 53.1455272437299
0.579657228 53.1532221633668
0.642019861 53.153222163366806
0.832304295 53.15828285854548
0.86333306 53.15828285854549
1.062073552 53.16517962499401
1.283146514 53.165179624994025
1.300805131 53.20095255090721
1.301597348 53.20095255090722
1.40471416 53.20095255090723
1.422267218 53.202782221368516
1.423041526 53.20278222136852
1.5440540980000002 53.217095190947084
1.5448385180000002 53.21709519094709
1.665059659 53.26000154616248
1.6658875210000001 53.260001546162485
1.6766464330000002 53.26000154616249
1.796773934 53.29906120770686
1.9456221500000002 53.29906120770687
2.02256749 53.301082653987905
2.258448289 53.30415034045921
2.259247776 53.304150340459216
2.417995564 53.30415034045923
2.496244056 53.34286989251413
2.733136774 53.35021766444584
2.733932476 53.35021766444585
2.744394186 53.35021766444586
2.85494088 53.49714998191783
3.080577888 54.05839827789284
3.080698107 54.175826625047925
3.081983338 54.49104463484887
3.082014863 54.62593142863272
3.082843523 54.62593142863273
3.085706554 54.65674565445624
3.085734541 54.75186414784887
3.086090419 54.84658445088885
3.089596341 54.994019893966176
3.122590509 54.99401989396619
3.356024287 54.9940198939662
3.896923303 55.03273944602109
3.988516692 55.032739446021104
4.862069105 55.187019535424795
5.406842619 55.18701953542481
5.960407491 55.78698738345472
5.960505602 55.904415730609806
5.961710635 56.21963374041075
5.961741316 56.3545205341946
5.9654211539999995 56.38533476001812
5.96545046 56.48045325341075
5.965804446 56.57517355645073
5.974166318 56.671452542789076
5.9742306339999995 56.676541675541436
6.082652986 56.729453645854434
6.114923362 56.72945364585445
6.530947081 56.74376661543299
6.563348093 56.743766615433
8.768037031 57.49801455286662
8.768137524 57.615442900021705
8.769323099 57.93066090982265
8.76940861 58.04672659245
8.770185431 58.06554770360651
8.772959865 58.09636192943002
8.772986806 58.19148042282265
8.77333232 58.28620072586263
9.376723278 58.28620072586264
11.50342014 59.04044866329626
11.503523192 59.157877010451344
11.504733167 59.47309502025229
11.504820977 59.58916070287964
11.505592931 59.60798181403614
11.508352703 59.638796039859656
11.508383471 59.73391453325229
11.514708855 59.771379858653646
11.515820162 59.77907477829055
14.164322918 60.21745550173853
14.164390107 60.65075106287925
14.165181355 60.650751062879266
14.165556863 60.965969072680195
14.165587537 61.100855866464045
14.171586414 61.109634892608995
14.171766044 61.16669545999457
14.175364789 61.26425391108155
14.176462718 61.27194883071846
15.481959428 61.27194883071847
16.770187987 62.02619676815206
16.77029847 62.14362511530716
16.771487684 62.45884312510809
16.772298217 62.4588431251081
16.772326122 62.59372991889195
16.77499413 62.62454414471546
16.775023077 62.719662638108105
17.018073937 62.71966263810812
17.43178354 62.71966263810813
19.306132679 63.15804336155608
19.306197351 63.59133892269682
19.307328513 63.906556932497764
19.307358881 64.04144372628161
19.313619118 64.05022275242656
19.313801917 64.10728331981214
19.320091101 64.14716258975504
19.502675932 64.14716258975506
21.766478693 64.58554331320303
21.766551233 65.01883887434377
21.767689873 65.3340568841447
21.767723353 65.46894367792855
21.773419541 65.4777227040735
21.773598851 65.53478327145908
21.813001581 65.57466254140198
24.206516465 66.01304326484997
24.206584704 66.44633882599071
24.207646466 66.76155683579164
24.207676257 66.89644362957549
24.213330856 66.90522265572044
24.213508568 66.96228322310601
26.557467243 67.40066394655399
26.557539369 67.8339595076947
26.55861398 68.14917751749564
26.55864452 68.2840643112795
26.564175956 68.29284333742444
26.565224404 68.3490652230613
27.822237535 68.34906522306132
28.853133059 68.68334759052289
28.853173922 69.22074150765002
28.854257945 69.53595951745096
28.859714723 69.67962533737976
28.86360101 69.6999947622062
31.106293842 70.03427712966777
31.106334048 70.5716710467949
31.107370339 70.88688905659583
31.112765759 71.03055487652463
31.141106996 71.04278530069041
33.263993767 71.37706766815198
33.264054849 71.91446158527911
33.265445471 71.93006271460155
33.265777839 72.17949787700978
33.26591352 72.22967959508006
33.280554076 72.27530986548408
33.296032142 72.37334541500887
35.379900418 72.37334541500888
35.458119594 72.70762778247044
35.458436507 72.98173130516061
35.458806578 73.24502169959759
35.459449397 73.26062282891999
35.45972946 73.51005799132822
35.47357501 73.60586997980252
35.926272601 73.60586997980253
37.570012374 73.9401523472641
37.570335701 74.21425586995427
37.570722516000004 74.47754626439122
37.571342687 74.49314739371366
37.571648514 74.74258255612187
37.586316818 74.75157353826242
39.173711122 74.75157353826243
39.528126993 75.08585590572399
39.528450506 75.35995942841416
39.528853985 75.62324982285112
39.529469485 75.63885095217354
39.529768334 75.88828611458176
39.543964157 75.89727709672232
41.421282375 76.23155946418389
41.421943714 76.76895338131101
41.422534807 76.78455451063344
41.42282102 77.03398967304167
41.676979093 77.03398967304169
43.245180638 77.36827204050327
43.245847241 77.9056659576304
43.24642823 77.92126708695282
43.249951428 78.00307627239278
43.262043258 78.16859796976729
44.994548324 78.50288033722886
44.995448313 78.94748430030465
44.995795242 79.05587538367841
44.999277373 79.13768456911835
45.017084918 79.15607737110732
45.022166829 79.21530366965028
45.024641095 79.2387571343959
46.709706031 79.57303950185748
46.710599479 80.01764346493327
46.710937976 80.12603454830703
46.71441693 80.20784373374697
46.731645798 80.22623653573591
47.32904723 80.22623653573592
47.593927072 80.22623653573594
48.365023828 80.56051890319749
48.365899086 81.00512286627328
48.366232924 81.11351394964704
48.366803418 81.11351394964706
48.369653591 81.19532313508701
49.957759915 81.52960550254856
49.958598946 81.97420946562436
49.958929873 82.08260054899812
49.959483002 82.08260054899813
49.965252341 82.13596135340977
49.965763639 82.1359613534098
50.366697166 82.13596135340981
51.499630264 82.47024372087138
51.50073865 82.61036916400566
51.500780147 82.7498231390597
51.501460819 82.99088429478071
51.506906726 83.07659957173259
51.57846205 83.07659957173261
52.993091523 83.18814044640165
52.993228965 83.31004636977987
52.99348391 83.40637502829198
52.994124322 83.55100738232845
52.99416377 83.69046135738252
52.995261657 83.82468444859991
52.996122645 83.85548590226999
53.01135638 83.92575599389589
53.01139318 83.96387698564372
53.015415742 83.97067421257081
53.066113146 83.97067421257084
53.382088233 83.97067421257086
54.434866159 84.08221508723987
54.435017295 84.2041210106181
54.435295248 84.3004496691302
54.435933779 84.44508202316668
54.435971113 84.58453599822074
54.437095473 84.71875908943814
54.437951656 84.74956054310822
54.452876223 84.81983063473412
54.452914381 84.85795162648195
54.461540267 84.85795162648196
54.688640406 84.85795162648198
54.717311872 84.85795162648199
55.834761886 84.969492501151
55.8349028 85.09139842452925
55.835158619 85.18772708304135
55.835842989 85.3557590091832
55.836091892 85.49749723682234
55.836337819 85.55249679145558
55.837096544 85.60603650334929
55.851408511 85.61260969482908
55.852627580000004 85.70710804864524
55.880508567 85.70710804864527
56.131784784 85.70710804864528
56.374655608 85.7071080486453
57.188701185 85.8186489233143
57.188848871 85.94055484669252
57.189108152 86.03688350520463
57.18969098 86.2049154313465
57.189898851 86.34665365898564
57.190080387 86.40165321361889
57.190795136 86.45519292551256
57.210831677 86.51791583353744
57.219990504 86.51791583353747
57.773633236 86.51791583353749
57.799861894 86.5179158335375
58.5031087 86.6294567082065
58.503250696 86.75136263158473
58.503521729 86.84769129009683
58.504107739 87.01572321623871
58.504699855 87.04002692652082
58.504936497 87.10867174484463
58.505201818 87.26600071040477
58.583097852 87.2660007104048
59.772860532 87.37754158507383
59.772988314 87.49944750845206
59.773781685 87.76380809310604
59.775538103 87.8951890291085
59.782605061 88.00739443377174
60.004554216 88.00739443377175
61.005410576 88.1189353084408
61.005552693 88.24084123181902
61.006341511 88.50520181647298
61.006920849 88.52950552675509
61.00714703 88.59815034507889
61.007933563 88.63658275247542
61.00835524 88.63658275247543
61.022240985 88.71599796511423
61.046056603 88.71599796511425
62.184534656 88.82753883978326
62.18467253 88.94944476316151
62.185425204 89.21380534781547
62.1858755 89.21380534781548
62.190352545 89.23810905809758
62.195653372 89.31346268080894
62.196073026 89.31346268080897
62.199604918 89.32985975076413
62.664621656 89.32985975076414
63.254674567 89.32985975076416
63.327350834 89.44140062543316
63.327507537 89.56330654881141
63.32831034 89.82766713346537
63.328749631 89.82766713346538
63.333154201 89.85197084374748
63.338391304 89.92732446645884
63.338797946 89.92732446645887
63.800586686 89.92732446645888
64.426863184 90.03886534112792
64.426985561 90.16077126450615
64.427715105 90.42513184916012
64.432393189 90.44943555944222
64.436990501 90.5247891821536
65.483363772 90.63633005682263
65.48358193 90.74558124924508
65.484194142 91.02259656485481
65.484699328 91.04690027513692
65.485000604 91.06734555705359
65.485329057 91.11554509346072
65.506050538 91.11554509346075
65.812147475 91.11554509346077
66.505444858 91.22708596812978
66.505667365 91.33633716055223
66.506280356 91.61335247616199
67.003774797 91.613352476162
67.492936945 91.72489335083104
67.493130803 91.8341445432535
67.495225482 91.97295457681089
67.497031294 92.02966267010217
67.497087212 92.03548664595266
67.504939342 92.04021378332175
67.505030601 92.09631628199567
67.508299388 92.1056167564804
68.147038468 92.10561675648042
68.442548832 92.21715763114942
68.442756789 92.3264088235719
68.443133275 92.46521885712927
68.444803869 92.52192695042056
68.444861325 92.52775092627105
68.453044861 92.53247806364014
68.45314756 92.58858056231408
68.489496006 92.58858056231409
69.349149507 92.70012143698312
69.349368001 92.8093726294056
69.349762091 92.94818266296299
69.350551763 92.9758079286125
69.351517105 93.00489075625427
69.351584254 93.01071473210476
69.359181379 93.01544186947385
70.218307555 93.12698274414286
70.218822165 93.37504397012272
70.220394371 93.431752063414
70.220451714 93.4375760392645
70.254373306 93.43757603926451
71.052949695 93.54911691393355
71.053439884 93.79717813991341
71.059238425 93.80407417223105
71.060616267 93.82480340556292
71.067953108 93.85388623320468
71.132131467 93.85388623320469
71.85582022 93.96542710787371
71.856311376 94.21348833385358
71.861912489 94.22038436617122
71.863272068 94.2411135995031
72.016102809 94.24111359950311
72.627382585 94.35265447417213
72.627847205 94.60071570015198
72.635066925 94.60761173246964
72.651094089 94.60761173246965
73.353358854 94.71915260713868
73.353821413 94.96721383311854
73.411190945 94.96721383311855
73.899303538 94.96721383311856
74.051397672 95.07875470778757
74.053645044 95.12262449450202
74.05373898 95.24860616146862
74.055066539 95.25344429998512
74.059449566 95.25344429998513
74.06255973 95.31369488693662
74.71480319 95.42523576160566
74.716479937 95.44104181589148
74.716848467 95.4691055483201
74.716938672 95.5950872152867
74.718218053 95.5999253538032
74.722287811 95.59992535380321
74.865872848 95.59992535380323
75.347183273 95.71146622847225
75.348843028 95.72727228275808
75.349288643 95.8813176821533
75.412779046 95.88131768215331
75.961357576 95.99285855682234
75.962957001 96.00866461110817
75.964027764 96.11124522500967
76.069164752 96.11124522500968
76.535759278 96.2227860996787
76.537313113 96.23859215396453
76.541518065 96.24491531932065
76.541789101 96.28595620332425
76.544517994 96.3400335037852
76.643542655 96.34003350378521
76.818372195 96.34003350378522
77.082785266 96.45157437845423
77.085519527 96.45439614211878
77.087205748 96.51474448209977
77.08749374 96.51474448209979
77.088436745 96.55474080775416
77.105694558 96.55474080775417
77.437728035 96.55474080775419
77.610452931 96.6662816824232
77.612066851 96.68208773670904
77.614909727 96.72945178606875
77.737545672 96.72945178606876
78.116109972 96.84099266073778
78.117488053 96.8567987150236
78.121621995 96.86312188037977
78.349192809 96.86312188037978
78.589096733 96.97466275504881
78.590486749 96.99046880933462
78.594089218 96.9967919746908
78.598648162 97.03808160737928
79.043476598 97.14962248204829
79.044659745 97.16094254576404
79.048779351 97.17175170169027
79.061479817 97.17175170169028
79.266958696 97.1717517016903
79.470201314 97.25209996032441
79.471329215 97.29461264007506
79.476138854 97.3002663628306
79.48428318 97.30026636283061
79.492653217 97.30026636283063
79.509314483 97.30026636283064
79.876161591 97.31127370017201
79.876257844 97.38061462146476
79.876808436 97.39371964620891
79.877258882 97.42761329178548
79.881358162 97.42878102397096
79.966413686 97.42878102397097
80.25811083 97.43978836131231
80.25820837 97.50912928260507
80.259099016 97.5561279529258
80.380985332 97.55612795292582
80.602351186 97.56713529026717
80.602441909 97.63647621155994
80.603272479 97.77195730334843
80.7728899 97.77195730334844
80.930355373 97.85230556198258
80.931536887 97.8646180513938
80.932426411 97.886319941682
80.932734669 97.8948182417332
80.975887494 97.89481824173322
81.235783405 97.90582557907456
81.235873971 97.97516650036734
81.236746271 97.98747898977858
81.237600243 98.00918088006676
81.240197357 98.00942176034185
81.263610452 98.00942176034187
81.399270404 98.00942176034188
81.531414602 98.02042909768323
81.531511664 98.08977001897601
81.53237265 98.10208250838726
81.53320349 98.12378439867544
81.594625272 98.12378439867545
81.807341524 98.20413265730957
81.80827704 98.21644514672082
81.809604685 98.2245294726834
81.812102681 98.22905457467492
81.854015057 98.22905457467493
81.991993254 98.22905457467495
82.064865522 98.2400619120163
82.065205268 98.24971619283357
82.065731109 98.32171532272031
82.066928487 98.3297996486829
82.068129982 98.33704482879175
82.108720188 98.33704482879176
82.236485328 98.33704482879178
82.304064849 98.34805216613313
82.30439964 98.3577064469504
82.304914366 98.42970557683714
82.306060523 98.43778990279972
82.342618933 98.43778990279974
82.464996846 98.43778990279975
82.529066699 98.44879724014112
82.529379579 98.45845152095839
82.529853518 98.53045065084513
82.644765352 98.53045065084514
82.742768163 98.5414579881865
82.743074912 98.55111226900377
82.743640344 98.65226955362195
82.771582274 98.65226955362196
82.939451437 98.66327689096332
82.939725617 98.6729311717806
82.941367007 98.69912029095674
82.94284499 98.71740046150636
83.023018215 98.71740046150637
83.12172749 98.738062079665
83.123332526 98.76425119884114
83.15446419 98.76425119884115
83.229416701 98.76425119884117
83.292510142 98.78491281699979
83.293992654 98.80535670095904
83.34823092 98.80535670095905
83.413966618 98.80535670095907
83.45114763 98.82601831911768
83.4574301 98.8260183191177
83.504079076 98.82601831911771
83.584855295 98.82601831911772
83.596745367 98.9986654730582
83.626660656 98.99866547305821
83.650418517 98.99866547305822
83.71955891100001 98.99866547305824
83.731239512 99.00474200139202
83.732421004 99.00610082147655
83.78707628 99.00610082147656
83.855309254 99.01217734981036
83.864824805 99.01217734981037
