0.000354693 45.57167630244344
0.000432397 46.62292126014808
0.000476942 47.080226949675925
0.000676854 47.4138080734028
0.000816101 47.46114002263965
0.001026754 47.59290845036441
0.00111482 47.69554979311798
0.015790432 47.715363097496116
0.016379263 47.77625746107605
0.078936247 48.06339858825951
0.078975913 48.52070427778735
0.079123988 48.854285401514225
0.079236852 48.901617350751074
0.079405589 49.03338577847584
0.079465379 49.13602712122941
0.090930229 49.15584042560754
0.091391881 49.21673478918748
0.12526748 49.21673478918749
0.213665986 49.23401800235555
0.307445395 49.23401800235556
0.334866076 49.25383436023568
0.456186628 49.254743946662224
0.576910908 49.25479148917101
0.729549455 49.25479148917102
0.816273751 49.27912812985692
0.908847989 49.279128129856936
0.935688582 49.28130964108417
1.173419478 49.30086693396928
1.206268824 49.300866933969296
1.410917827 49.301798709473324
1.5305933619999998 49.318410875640026
1.625389902 49.31841087564003
1.772668436 49.32462946438337
1.891322904 49.33346464144896
2.010601564 49.33431681937302
2.256000724 49.36294880041698
2.315223103 49.362948800416994
2.375205647 49.36637644355701
2.37565087 49.42727080713694
2.492459575 49.42764805006279
2.616036712 49.43442818463186
2.710459255 49.447084111515075
2.913015334 49.488388784385315
3.078434866 49.96457456102613
3.078478487 50.421880250553976
3.078626357 50.75546137428085
3.078740109 50.80279332351768
3.078906162 50.93456175124246
3.07897941 51.037203093996034
3.106063612 51.037580336921884
3.106476023 51.098321071244406
3.3196457759999998 51.13940213044621
3.55016638 51.14655950794113
4.158576946 51.15921543482434
5.9529196540000004 51.7177869435372
5.952976417 52.17509263306504
5.95314713 52.508673756791914
5.9532678919999995 52.55600570602876
5.95344456 52.68777413375353
5.953646696 52.72609346978714
5.970134626 52.81022878088523
6.755649239 52.81738615838014
6.7914867789999995 52.81738615838015
8.761170571 53.388613593976224
8.76122676 53.84591928350407
8.761395848 54.17950040723094
8.761515756 54.226832356467774
8.761694411 54.358600784192554
8.761911048 54.39692012022616
8.796389205 54.46839950444103
8.872177745 54.468399504441045
11.49929697 55.04678431753202
11.499354342 55.504090007059865
11.499526854 55.83767113078674
11.499652916 55.88500308002357
11.500024124 56.055090843781976
14.175418357 56.21573803175067
14.175492175 56.407515028782946
14.175619279 56.77087945243931
14.176022972 56.778800304174716
14.176665719 56.979020646324805
14.176833633 57.24481162171133
14.178323696 57.27933933983987
14.181408439 57.370732506577404
14.189736061 57.3997710621315
14.190425563 57.44261775745108
14.192553681 57.61315020207892
14.193261702 57.613150202078934
14.486004334 57.61315020207895
16.778847153 57.77379739004764
16.778914538 57.96557438707992
16.779044105 58.32893881073628
16.779448818 58.33685966247169
16.780107927 58.53708000462178
16.780277674 58.8028709800083
16.781760148 58.837398698136845
16.784810498 58.92879186487438
16.793053377 58.95783042042846
16.793720397 59.000677115748054
16.796431616 59.17120956037589
16.928849556 59.17120956037591
19.313725083 59.33185674834461
19.313798649 59.52363374537689
19.313937169 59.88699816903324
19.31433808 59.89491902076865
19.314974276 60.09513936291874
19.315142841 60.36093033830526
19.316610487 60.3954580564338
19.31960196 60.486851223171335
19.327610846 60.51588977872543
19.328267049 60.55873647404501
19.332218339 60.611686888487334
19.337545677 60.69675080877317
19.435521257 60.69675080877318
21.782874559 60.85739799674189
21.782959093 61.049174993774166
21.783091366 61.41253941743053
21.783498059 61.420460269165936
21.784142018 61.620680611316025
21.784311581 61.886471586702534
21.785746379 61.92099930483108
21.788713929 62.012392471568624
21.796649114 62.041431027122705
21.797299667 62.0842777224423
21.801093211 62.13722813688461
21.807437973 62.17523729435933
21.815543338 62.17523729435934
24.207647577 62.33588448232805
24.207719041 62.52766147936034
24.207843347 62.89102590301669
24.208220591 62.898946754752096
24.208827298 63.099167096902185
24.209394949 63.12481805437759
24.209750131 63.36495807228871
24.21222686 63.397113779571164
24.213328717 63.490878957154784
24.22108121 63.519917512708865
24.221726783 63.56276420802846
24.225437612 63.61571462247077
26.546828254 63.81298019818998
26.546909239 64.27676078449552
26.548005015 64.5396444250136
26.548165732 64.80543540040013
26.551293886 64.83759110768258
26.552375079 64.9313562852662
26.560461077 65.00324153613988
26.581774831 65.01202168743639
26.582761813 65.02991759866002
26.673418485 65.02991759866003
28.812003633 65.19056478662874
28.812082656 65.38234178366102
28.812565676 65.7536270590528
28.813189988 65.95384740120289
28.813724717 65.97949835867828
28.814075837 66.2196383765894
28.816464429 66.25179408387186
28.817515785 66.34555926145549
28.82620942 66.41744451232917
31.043421494 66.6147100880484
31.043497415 67.07849067435392
31.04456261 67.341374314872
31.045132085 67.3670252723474
31.045458861 67.60716529025852
31.04780392 67.63932099754098
31.048834915 67.7330861751246
33.161737435 67.8937333630933
33.161810507 68.08551036012558
33.162291732 68.45679563551735
33.162869842 68.65701597766744
33.163400622 68.68266693514283
33.163748005 68.92280695305395
33.166701177 68.9549626603364
33.167082586 69.04872783792003
33.241927679 69.04872783792004
35.196513484 69.20937502588875
35.196586807 69.40115202292102
35.19705367 69.77243729831278
35.197638911 69.97265764046287
35.198188418 69.99830859793828
35.198519066 70.23844861584939
35.201383683 70.27060432313185
35.212161459 70.30575721650452
35.224002787 70.31442768617332
35.235871291 70.34137378361531
35.395037739 70.34137378361532
36.051777678 70.34137378361534
37.183476674 70.50202097158403
37.183541189 70.69379796861631
37.183984699 71.06508324400806
37.184540503 71.26530358615815
37.185078617 71.29095454363355
37.18539918 71.53109456154468
37.199054061 71.5984031621998
37.213460161 71.6029849978466
37.368368065 71.60298499784662
38.931649612 71.60298499784663
39.136842554 71.76363218581533
39.136897422 71.9554091828476
39.137325935 72.32669445823936
39.137857476 72.52691480038943
39.138669723 72.79270577577596
39.151860318 72.86001437643108
39.26607468 72.8600143764311
39.37715919 72.86001437643111
41.010040735 73.0206615643998
41.010111492 73.21243856143208
41.010559703 73.58372383682384
41.011101087 73.78394417897394
41.01346036 73.7914941666895
41.013577304 73.86012630335256
41.016264375 73.96850049272311
41.029367443 74.03569845306524
41.065983417 74.03569845306525
42.262211749 74.03569845306527
42.828182127 74.19634564103394
42.828242864 74.38812263806622
42.828678865 74.75940791345798
42.829200595 74.95962825560808
42.831484306 74.96717824332364
42.831600625 75.0358103799867
42.834199939 75.14418456935725
42.84254983 75.17848636319259
42.846890508 75.21138252969938
43.489013378 75.21138252969939
44.610735851 75.37202971766807
44.610800147 75.56380671470036
44.61123821 75.93509199009213
44.611743796 76.13531233224222
44.61400702 76.14286231995779
44.614126181 76.21149445662085
44.616676753 76.3198686459914
44.624910385 76.35417043982675
46.319573866 76.51481762779542
46.319651415 76.7065946248277
46.320087492 77.07787990021947
46.320597411 77.27810024236958
46.322819452 77.28565023008514
46.32294088 77.3542823667482
46.32769369 77.39153562170537
46.342692501 77.43297973045408
46.347686081 77.4329797304541
46.581449174 77.43297973045411
47.97265248 77.5936269184228
47.972713757 77.78540391545508
47.973228098999996 77.87325522139723
47.973575178 78.35690953299694
47.975750551 78.3644595207125
47.975874228 78.43309165737557
47.980562941 78.47034491233275
48.906104957 78.47034491233276
49.572740282 78.63099210030146
49.572801421 78.82276909733373
49.57332444 78.91062040327587
49.573653579 79.39427471487559
49.57581179 79.40182470259116
49.595164678 79.40918245408406
49.695076457 79.40918245408409
51.112514285 79.56982964205278
51.112623652 79.64234098152465
51.113061359 79.84945794502721
51.113428141 80.33311225662692
51.115552753 80.34066224434248
51.794253022 80.3406622443425
51.925088628 80.34066224434251
52.610237243 80.5379278200617
52.610330356 80.7049598162163
52.61072001 80.78640031676791
52.611239944 81.26459204688534
52.730718987 81.26459204688535
54.065669255 81.62888961875917
54.066063864 81.71033011931078
54.066925933 81.73718145906086
54.067627253 81.88529689386444
54.067690645 82.15193013908458
54.069672887 82.18852184942818
54.260020939 82.1885218494282
55.467203481 82.55281942130202
55.467597966 82.63425992185363
55.469936967 82.66111126160371
55.470489761 82.80922669640728
55.470551904 83.07585994162743
55.477231798 83.08221313003286
56.824966997 83.44651070190667
56.825364449 83.52795120245828
56.82612966 83.55480254220836
56.8266763 83.70291797701194
56.826739501 83.96955122223208
56.854203354 83.9695512222321
58.134815213 84.33384879410592
58.135236802 84.41528929465753
58.136006034 84.44214063440762
58.136562347 84.59025606921118
58.137168722 84.70798060973556
58.1396977 84.73108370960225
58.139724042 84.76780907944472
58.144270638 84.78020113876777
58.144509476 84.80785249564727
58.247575032 84.80785249564728
59.404527962 85.17215006752107
59.404919684 85.25359056807268
59.405641514 85.28044190782278
59.406171877 85.42855734262633
59.408543075 85.5693849830174
59.408567627 85.60611035285987
59.413192005 85.61850241218292
59.965819662 85.61850241218293
60.640540714 85.98279998405674
60.640913477 86.06424048460835
60.643178324 86.09109182435843
60.643600631 86.09109182435844
60.644151805999996 86.1243907185625
60.646359115 86.23162106338887
60.646580975 86.38003489955308
60.64660476 86.41676026939555
60.801307452 86.41676026939557
61.491970248 86.41676026939558
61.829893079 86.78105784126937
61.830266639 86.86249834182098
61.830957841 86.88934968157108
61.832008565 86.92264857577511
61.83356853 87.0298789206015
61.833776459 87.1782927567657
61.833801269 87.21501812660817
61.876395357 87.21501812660819
62.972679122 87.66075619903361
62.973377491 87.6876075387837
62.974386615 87.72090643298775
62.977072501 87.83572297358725
62.977546768 87.98986862252366
62.990305374 87.98986862252367
63.23210515 87.98986862252369
63.832782826 87.9898686225237
64.082685494 88.07140150566181
64.083656249 88.26250624455635
64.083694046 88.4624580346992
64.084183362 88.61057346950277
64.093593475 88.62589247293853
64.093876621 88.66033969738567
64.097517176 88.74616062133212
64.104882223 88.74616062133214
64.141423557 88.74616062133215
65.112774942 88.74616062133217
65.134772307 88.82769350447026
65.135663619 89.21875003350765
65.136110541 89.3668654683112
65.14544119 89.38218447174698
65.145751146 89.41663169619412
65.150102436 89.49260654398971
65.150216439 89.50245262014057
65.189829128 89.5024526201406
65.499336208 89.50245262014062
66.151962127 89.5839855032787
66.152878682 89.75276596355538
66.154618958 89.8856793719237
66.154682712 90.12315746711965
66.16365518 90.13847647055543
66.163959222 90.17292369500257
66.203675763 90.17292369500258
66.371534059 90.1729236950026
67.096865465 90.17292369500261
67.159615028 90.2544565781407
67.160497068 90.42323703841738
67.160904774 90.55615044678571
67.16096621 90.79362854198166
67.171315279 90.80894754541744
67.17917091 90.80894754541745
67.189224367 90.80894754541747
68.102654346 90.89048042855559
68.103522608 91.05926088883226
68.104115506 91.06710151327454
68.104171669 91.2232648653226
68.104407584 91.31483585179701
68.106744243 91.42965239239653
68.159161297 91.42965239239655
68.17706926 91.42965239239656
68.999900639 91.51118527553467
69.000318318 91.67996573581134
69.0009358 91.68780636025362
69.000980538 91.84396971230169
69.002940596 91.91036454018491
69.004578134 91.92554384597966
69.022350889 91.92554384597967
69.245034033 91.92554384597969
69.857980289 92.0070767291178
69.858401722 92.17585718939446
69.859012435 92.18369781383676
69.859059876 92.33986116588483
69.860565671 92.40625599376806
69.911082056 92.40625599376807
70.436958584 92.40625599376808
70.68676692 92.48778887690621
70.687596406 92.65656933718287
70.69120832 92.82592404568376
70.692260163 92.84835439011607
70.69251605 92.85831824540061
70.698454796 92.86616745791167
71.319659828 92.86616745791169
71.48756311 92.94770034104981
71.488349666 93.11648080132647
71.491677441 93.16428586160893
71.492321432 93.28583550982736
71.493306845 93.30826585425967
71.493563398 93.3182297095442
71.662011152 93.31822970954421
72.257316378 93.39976259268234
72.258066357 93.568543052959
72.261296108 93.61634811324146
72.261913657 93.73789776145988
72.262867225 93.7603281058922
72.468039469 93.76032810589221
72.989298553 93.84186098903034
72.990051589 94.010641449307
72.99470237 94.1746608861436
73.01804382 94.17466088614361
73.697759161 94.25619376928174
73.698459491 94.42497422955839
73.701560743 94.47277928984086
73.705296681 94.55510015417487
73.708142396 94.58897820604874
73.711697966 94.58897820604875
73.859980944 94.58897820604876
74.372439761 94.67051108918689
74.373441062 94.83929154946355
74.375303702 94.88709660974602
74.3774971 94.91721475773022
74.37929873 94.96941747408003
74.508590072 94.96941747408005
75.015910483 95.05095035721816
75.016873638 95.21973081749482
75.023921832 95.3225103279059
75.028849003 95.33673428166972
75.050103387 95.33673428166973
75.331170681 95.33673428166975
75.63178041 95.41826716480786
75.632788656 95.47432447789204
75.63480572 95.53550161294034
75.63542666 95.5467054162582
75.639489767 95.6898271354956
75.663605449 95.68982713549562
76.139713952 95.68982713549563
76.225662562 95.77136001863374
76.22703882 95.82741733171792
76.228623147 95.88859446676622
76.233561983 95.89979827008409
76.234133976 95.9614413618337
76.234926821 95.97729699775941
76.386869244 95.97729699775942
76.778094178 96.05882988089753
76.779424342 96.11488719398173
76.781363298 96.17606432903001
76.786063905 96.1872681323479
76.786627064 96.2489112240975
77.03863668 96.24891122409751
77.304501319 96.33044410723564
77.30542569 96.38650142031982
77.306810769 96.45888235868598
77.313151294 96.48587478910419
77.313941867 96.4858747891042
77.412906199 96.48587478910422
77.797657503 96.56740767224234
77.798541581 96.62346498532652
77.799876412 96.69584592369269
77.872345744 96.6958459236927
78.285238351 96.77737880683082
78.287492047 96.80953980055446
78.287881587 96.89461325496329
78.292188569 96.90384945716272
78.39211313 96.90384945716274
78.679872377 96.90384945716275
78.736295458 96.98538234030086
78.738457134 97.01754333402451
78.738984221 97.10261678843335
79.16412255 97.18414967157148
79.166234117 97.21631066529511
79.167675067 97.22249374881218
79.16902163 97.24409871572061
79.169613808 97.25252221201741
79.16999647 97.25933351023913
79.19501653 97.25933351023914
79.436432533 97.25933351023916
79.568995212 97.34086639337727
79.571039889 97.37302738710089
79.572436862 97.37921047061798
79.573585951 97.4008154375264
79.574263471 97.4092389338232
79.58981478 97.40923893382322
79.782644342 97.40923893382323
79.951887614 97.49077181696134
79.95391486 97.52061507883887
79.955017234 97.52911589420205
79.956186861 97.5507208611105
80.297791148 97.63225374424864
80.300443978 97.63826181545483
80.301820791 97.66209700612615
80.301843054 97.67059782148935
80.30352396 97.67811709332071
80.304374346 97.67811709332072
80.626793543 97.75964997645886
80.62928815 97.76565804766506
80.630683439 97.78949323833638
80.630719557 97.79799405369957
80.935738414 97.87952693683769
80.938103038 97.88553500804389
80.984269613 97.8855350080439
81.224145142 97.96706789118201
81.25227308 97.96706789118203
81.444160369 97.96706789118204
81.499554548 97.97776041897517
81.501357667 98.01343729574573
81.542944586 98.01343729574575
81.757431392 98.02412982353889
81.75920542 98.148835484861
81.759368126 98.15281546682874
81.831574153 98.15281546682876
81.996844419 98.1635079946219
81.99939637599999 98.19516893790751
82.027083827 98.19516893790752
82.223618941 98.20586146570066
82.257740587 98.20586146570068
82.436464265 98.51929579089622
82.632671394 98.52567108819639
82.632751407 98.52762085020319
82.737367166 98.5276208502032
82.982298844 98.53876808547662
83.06149351 98.53876808547663
83.139548719 98.68382982349705
83.163677122 98.68382982349706
83.28619353 98.68735248512435
83.354008092 98.68735248512436
83.659000712 98.69696742574763
84.31160156 98.86379952198725
84.313484222 98.86379952198726
