0.000361959 52.77406736891501
0.000999239 52.817387438374475
0.002010344 53.19760744030143
0.002059841 53.731473183769516
0.068092442 53.73147318376952
0.078309753 54.2044041124429
0.078779334 54.24772418190237
0.07959492 54.62794418382933
0.079635733 55.16180992729741
0.084130696 55.16180992729742
0.254282272 55.161809927297426
0.26306188 55.170036152063844
0.267486813 55.17003615206385
0.374490472 55.17003615206386
0.38318956 55.17387951070848
0.434724777 55.17387951070849
0.556921052 55.173879510708495
0.625061832 55.21402816808806
0.690574411 55.21402816808807
0.745253534 55.2247131183781
0.855296281 55.224713118378105
0.864642167 55.25450186203054
1.106692295 55.27047431252833
1.275840981 55.270474312528336
1.343660229 55.28021339802966
1.344436769 55.280213398029666
1.403458778 55.28257122545778
1.452671461 55.28257122545779
1.520655176 55.30075145288824
1.5713477120000001 55.30075145288825
1.5842128180000001 55.30075145288826
1.7594579989999999 55.30374059713311
1.8662011729999999 55.303740597133114
1.99485803 55.427990063350066
2.054718087 55.42799006335007
2.116357238 55.4565761091822
2.352959285 55.45788919138595
2.414195125 55.45788919138596
2.597373264 55.492280752947885
2.7135644709999998 55.505483978297114
2.71807241 55.50548397829712
2.833308192 55.632581185519776
3.070303508 56.401591378281694
3.070808188 56.44491144774116
3.071641512 57.358997193136204
3.13012553 57.35899719313621
5.924139653 57.805532788061925
5.924256966 57.97277550549333
5.927375808 58.083632959309284
5.927709345 58.31612032145553
5.929599642 58.455760452482124
5.929700184 58.694364869273315
5.929858588 59.05551407271676
6.089088549 59.05551407271677
6.199654269 59.08541320075263
6.509526489 59.08541320075264
6.620359298 59.08541320075265
8.723766873 59.53194879567835
8.723871861 59.69919151310976
8.723910863 59.81004896692571
8.724256832 60.04253632907196
8.726233815 60.18217646009855
8.726339622 60.420780876889744
8.726502339 60.781930080333176
8.961516111 60.78193008033319
9.505348378 60.7819300803332
11.450195806 61.25836480329479
11.450320283 61.425607520726196
11.452097182 61.53646497454215
11.45243907 61.76895233668841
11.455490077 61.82102524029525
11.457840939 61.9689411874591
11.458587655 61.96894118745911
11.461931838 62.06067743457478
11.462084382 62.160463970821645
11.462274106 62.264485064651744
11.465182617 62.351208349451916
11.477514128 62.35120834945192
12.911179822 62.35120834945193
14.112298189 62.82764307241351
14.112414372 62.994885789844915
14.112455046000001 63.10574324366087
14.112808218 63.33823060580713
14.115914798 63.39030350941397
14.117216352 63.538219456577835
14.121320123 63.62995570369351
14.121487324 63.729742239940364
14.121676059 63.83376333377046
14.125333274 63.920486618570635
14.176590524 63.92048661857065
16.720440673 64.39692134153225
16.720544966 64.56416405896366
16.722441704 64.67502151277961
16.722772108 64.90750887492585
16.725708464 64.9595817785327
16.726921983 65.10749772569656
16.730859397 65.19923397281224
16.731021082 65.29902050905909
16.731211292 65.40304160288919
16.75586147 65.46922683283078
17.963150789 65.4692268328308
19.246447106 65.94566155579238
19.246552929 66.11290427322379
19.246593252 66.22376172703976
19.247810424 66.2727723186374
19.249980037 66.50832199279284
19.25123594 66.65623793995671
19.255182421 66.74797418707239
19.25532729 66.84776072331924
19.269580871 66.85779548232367
21.719582314 67.33423020528528
21.719683946 67.50147292271669
21.719721641 67.61233037653264
21.7208788 67.66134096813028
21.723004381 67.89689064228574
21.72431732 68.04480658944959
21.728175889 68.13654283656528
21.728325656 68.23632937281214
21.767866641 68.24636413181655
24.205753705 68.72279885477813
24.205863129 68.89004157220954
24.205904486 69.0008990260255
24.207094631 69.04990961762313
24.207821503 69.04990961762314
24.209220738 69.2854592917786
24.210427339 69.43337523894245
24.214263275 69.52511148605814
24.214406507 69.62489802230499
24.354554613 69.624898022305
26.541191707 70.1013327452666
26.541293631 70.26857546269801
26.541332119 70.37943291651396
26.542466675 70.4284435081116
26.544509608 70.66399318226706
26.545669023 70.81190912943092
26.549398427 70.9036453765466
26.549546911 71.00343191279346
28.816229775 71.47986663575506
28.816337256 71.64710935318647
28.81637629 71.75796680700242
28.817482001 71.80697739860007
28.819454041 72.04252707275552
28.820658843 72.08519893160113
28.820852852 72.14494688987298
28.826198318 72.31369405265637
28.846838973 72.33735075357272
28.851337365 72.36587664456378
29.416414827 72.3658766445638
30.995806105 72.84231136752538
30.995913897 73.00955408495679
30.995952585 73.12041153877274
30.997051178 73.16942213037038
30.999010731 73.40497180452584
31.000201175 73.44764366337144
31.000411194 73.5073916216433
31.0057061 73.67613878442668
31.00635029 73.6761387844267
32.418011416 73.67613878442671
33.098058921 74.1525735073883
33.098159025 74.3198162248197
33.098198893 74.43067367863566
33.099290961 74.47968427023329
33.101247337 74.71523394438876
33.102386012 74.75790580323435
33.102591697 74.81765376150621
33.107780212 74.9864009242896
33.202849261 74.98640092428961
35.153750193 75.4628356472512
35.153875725 75.74093581849856
35.154924914 75.78994641009619
35.15679045 76.02549608425164
35.15811757 76.12791590136911
35.184538688 76.16701100893657
36.86259079 76.16701100893658
37.155422498 76.64344573189815
37.155562351 76.92154590314553
37.156671595 76.97055649474316
37.158551623 77.20610616889861
37.166884521 77.20610616889863
37.184654751 77.29312562784084
37.417504379 77.29312562784085
39.081257242 77.76956035080244
39.081380424 78.0476605220498
39.082401298 78.09667111364743
39.084227214 78.3322207878029
39.268336902 78.33222078780291
40.94919163 78.80865551076451
40.94931206 79.08675568201187
40.950299163 79.1357662736095
40.952100256 79.37131594776497
42.759903498 79.84775067072655
42.760034031 79.98829966432045
42.763102609 80.01169599249829
42.763803487 80.31426145009428
42.774737569 80.3825940421396
42.781531147 80.3832040103515
42.888256429 80.38320401035152
43.351868115 80.38320401035153
44.507162453 80.85963873331312
44.507299834 81.00018772690703
44.510264336 81.02358405508485
44.510956764 81.32614951268084
44.524895871 81.34394616260764
44.697376665 81.34394616260765
46.221708337 81.82038088556924
46.221844475 81.96092987916315
46.226336668 81.98432620734097
46.226971077 82.28689166493696
46.26129618 82.28689166493697
47.315190725 82.28689166493699
47.874301923 82.76332638789857
47.874447488 82.90387538149247
47.877368048 82.92727170967031
47.878015234 83.2298371672663
49.465230094 83.32286372866993
49.465315996 83.46434652211558
49.465365567 83.84682088382178
49.468135396 83.87021721199962
49.47048383 83.885253066768
49.472533744 83.88550541423402
49.472735064 83.96019172065657
49.472779752 83.9769132164599
49.480145542 84.01220388495085
49.485495642 84.07827286601893
49.487355501 84.16065995074128
49.797844566 84.16065995074129
51.002525994 84.25368651214492
51.002608363 84.39516930559057
51.002655509 84.77764366729679
51.007674068 84.816075850243
51.009679619 84.81632819770901
51.009864021 84.89101450413156
51.024479162 84.99124399286035
51.024517442 85.05650161304307
51.709472499 85.05650161304308
52.493822718 85.1495281744467
52.493903316 85.29101096789235
52.493951857 85.67348532959856
52.500876747 85.71216986001079
52.503705876 85.74651474504634
52.508570058 85.75266311745513
52.508681798 85.83886833072762
52.595908435 85.83886833072764
53.765959599 85.83886833072765
53.944891892 85.93189489213127
53.944973338 86.07337768557693
53.945024442 86.45585204728313
53.951861292 86.49453657769537
53.954631502 86.52888146273091
53.966047527 86.56401552220416
54.165575226 86.56401552220419
55.369472528 86.6570420836078
55.369552066 86.79852487705347
55.369598089 87.18099923875967
55.376282321 87.21968376917191
56.258464829 87.21968376917192
56.347370298 87.21968376917194
56.744581305 87.31271033057558
56.744659453 87.45419312402123
56.744716252 87.83666748572743
56.751240737 87.87535201613966
57.045717153 87.87535201613967
58.064432149 87.9683785775433
58.064532765 87.98944551903746
58.064567541 88.49233573269517
58.073667204 88.51565091906441
59.327739846 88.60867748046806
59.32784976 88.62974442196222
59.328038908 88.66217657394789
59.328074218 88.77003394259823
59.328420793 89.13263463561992
59.345527423 89.14513061993631
60.544424126 89.23815718133996
60.544532685 89.2592241228341
60.544557377 89.7621143364918
60.568635825 89.76211433649182
61.717825889 89.85514089789545
61.717927918 89.87620783938961
61.718094504 89.90863999137528
61.718129021 90.01649736002562
61.720424914 90.19132708256423
61.72214351 90.35558352553014
61.882580112 90.35558352553015
62.84370702 90.42716665633507
62.843813788 90.50648262620987
62.844035467 90.54161040640743
62.845706146 90.55731900047851
62.846271667 90.78479627160256
62.852523271 90.82338551519625
62.858235354 90.84481711180521
62.85996644 90.92755674682434
62.865682999 90.94905271456847
62.892956232 90.94905271456848
63.931999764 91.0206358453734
63.932108481 91.0999518152482
63.932326223 91.13507959544576
63.934574801 91.37826546064089
63.941653886 91.40132624694105
63.945508573 91.43828630084356
63.9472899 91.52102593586267
64.665685071 91.52102593586268
64.989727802 91.59260906666759
64.989828794 91.67192503654239
64.993178296 91.87646594313823
64.996099848 91.90103882927268
64.999217774 91.90431708806501
65.003901338 92.01025952213774
65.085977865 92.01025952213776
66.010496447 92.08184265294268
66.010608862 92.16115862281748
66.013958996 92.3656995294133
66.017145711 92.39027241554777
66.019780966 92.39355067434009
66.024331989 92.41282355724056
66.104691965 92.41282355724057
66.996192464 92.48440668804551
66.996293496 92.5637226579203
66.99954472 92.76826356451613
67.002332345 92.79283645065058
67.005793074 92.79611470944292
67.073197891 92.79611470944293
67.958278693 92.86769784024787
67.958379019 92.94701381012267
67.961507508 93.1515547167185
67.964156568 93.17612760285294
67.967006116 93.17940586164528
68.866314267 93.2509889924502
68.866417195 93.330304962325
68.869506533 93.53484586892083
68.872126727 93.55941875505529
69.734940042 93.63100188586023
69.735205652 93.6638818118928
69.737053334 93.70562070333308
69.739681762 93.91485876233085
70.453170353 93.91485876233087
70.569801434 93.98644189313579
70.570047223 94.01932181916835
70.570230818 94.06106071060864
70.573073659 94.07429737625563
70.573198143 94.08216907267567
70.573522791 94.09024878351704
70.57522509 94.14456022052738
70.577320557 94.2405828620518
70.583869205 94.2555991647173
70.585813632 94.2702987696064
71.314474509 94.27029876960641
71.362969746 94.34188190041135
71.36322116 94.37476182644392
71.363411686 94.41650071788418
71.366066716 94.42973738353118
71.366160482 94.43760907995123
71.366402006 94.44568879079259
71.368048612 94.50000022780294
71.370089153 94.59602286932733
71.37678889 94.61103917199286
72.073478773 94.61103917199287
72.121675129 94.68262230279778
72.121920839 94.71550222883035
72.122106565 94.75724112027063
72.124681028 94.77047778591763
72.124992205 94.78642919317902
72.125347028 94.78642919317905
72.126624763 94.84074063018937
72.128244048 94.93676327171379
72.833311658 94.9367632717138
72.849951569 95.00834640251871
72.850193166 95.04122632855128
72.850374854 95.08296521999156
72.852903134 95.09620188563856
72.85319397 95.11215329289998
72.854799305 95.1664647299103
72.861296392 95.25359945264766
73.18006571 95.25359945264769
73.545785894 95.32518258345262
73.546043807 95.35806250948518
73.546218181 95.39980140092544
73.548677729 95.41303806657244
73.548966152 95.42898947383385
73.550539196 95.4833009108442
73.558429586 95.5303173188191
74.113019377 95.53031731881912
74.206848595 95.60190044962403
74.207090318 95.63478037565659
74.207260417 95.67651926709688
74.209640056 95.68975593274388
74.20992757 95.70570734000529
74.211469143 95.76001877701562
74.21818869 95.80450370491002
74.231140587 95.80450370491005
74.838876248 95.87608683571497
74.839120595 95.90896676174754
74.840942846 95.9507056531878
74.843439596 95.97989372609621
74.84482123 96.03420516310656
75.102392349 96.03420516310658
75.453831646 96.10578829391149
75.454075471 96.13866821994408
75.456761806 96.20959518429275
75.460044241 96.21861821412959
75.460252079 96.25349275254378
75.707673171 96.25349275254379
76.029794967 96.3250758833487
76.030031273 96.35795580938127
76.030956693 96.43611592123297
76.035277774 96.4379058035668
76.035749538 96.47278034198096
76.04680814 96.472780341981
76.577025247 96.54436347278592
76.577264779 96.57724339881848
76.578096723 96.65540351067018
76.582625928 96.657193393004
76.59767181 96.65719339300402
76.670929995 96.65719339300404
77.097732137 96.72877652380895
77.097982067 96.76165644984151
77.098798929 96.83981656169321
77.103594482 96.83981656169324
77.183872377 96.83981656169325
77.590615342 96.91139969249816
77.590871028 96.94427961853073
77.591728001 97.02243973038246
78.069837979 97.09402286118738
78.0700634 97.12690278721995
78.073314174 97.17881145772354
78.171778709 97.17881145772355
78.517826349 97.25039458852847
78.518039678 97.28327451456103
78.522006106 97.29290496062131
78.525379839 97.31936308720792
78.739300738 97.31936308720793
78.946264268 97.39094621801287
78.946469829 97.42382614404544
78.95026051400001 97.43345659010572
79.350720052 97.50503972091066
79.350930054 97.53791964694322
79.729954698 97.60265136329959
79.730941855 97.60591280278008
79.733374279 97.63153904346646
79.754499591 97.63153904346647
80.074681594 97.69627075982284
80.075548917 97.69953219930333
80.079298136 97.73461215311376
80.088476898 97.73461215311377
80.404383327 97.79934386947014
80.405240812 97.80260530895063
80.454431407 97.80260530895065
80.671741848 97.80260530895066
80.708263332 97.86733702530704
80.710119259 97.87059846478753
80.99915215 97.9353301811439
81.021372862 97.93533018114391
81.249560325 97.93533018114393
81.273321933 97.98163463135155
81.273633234 97.9889572438725
81.275247098 97.98912227278598
81.424193611 97.98912227278599
81.516482292 97.989122272786
81.531374107 98.03542672299363
81.531674355 98.04274933551461
81.769405554 98.08905378572226
81.934367868 98.08905378572227
81.992749123 98.09477084242337
81.99289188 98.14176135148344
82.123398991 98.14176135148345
82.202941798 98.15906335382391
82.203237662 98.16733785342726
82.205042543 98.17193923594101
82.205087616 98.18754654577401
82.324718552 98.18754654577403
82.396920151 98.21312304771783
82.397569138 98.2360509465544
82.442098408 98.23605094655443
82.446085972 98.23605094655444
82.581766927 98.26162744849825
82.582698703 98.43960623707892
82.585219404 98.43960623707895
82.640542387 98.43960623707898
82.751708268 98.46518273902277
82.753476736 98.46978412153653
82.769328146 98.46978412153655
82.837261073 98.46978412153658
82.90683017 98.50088594214178
82.908407121 98.6378952347748
82.909136974 98.63789523477482
82.94757137 98.63789523477483
83.007554362 98.63789523477485
83.053410638 98.66347173671863
83.060067292 98.66347173671868
83.527169675 98.76478332815016
84.108470836 99.00033963839786
84.282349103 99.11611697460688
84.288434875 99.20172679919447
84.288595508 99.20172679919449
