0.000345311 49.053537118820955
0.000538905 49.10587490543867
0.00096986 49.200820711770874
0.077221975 50.64783707515288
0.077330763 50.70017486177059
0.077669712 50.79512066810278
0.196685263 50.796102212579015
0.256653015 50.79610221257903
0.431967537 50.80979914881114
0.490683031 50.80979914881115
0.66427465 50.81933514734972
0.721930964 50.82674739621143
0.838420417 50.83179383342949
0.956217391 50.8317938334295
1.072811969 50.84120166976038
1.248883777 50.852301428853636
1.482564966 50.85520780627317
1.716304709 50.90709510770048
1.950329889 50.90828579167152
2.1849876249999998 50.91803219402077
2.300781678 50.960623578289216
2.531506339 50.96679461789991
2.6476889249999997 51.03305112498457
2.706524563 51.03433947605912
2.768018627 51.03551791214075
3.00132853 51.43343485729713
3.001389123 51.95948407682694
3.001431965 52.21009483910967
3.00147016 52.70536757585596
3.001832968 52.800313382188165
3.227834038 52.801491818269795
4.564102649 52.866569889272824
4.676769004 52.867748325354455
5.79182998 52.93865350721755
5.792048028 53.26417943524376
5.792142316 53.59872890029247
5.793398899 53.65266742268102
5.793836164 53.66356499838426
5.793929735 53.683293074848024
5.795976761 53.74331377580951
5.796720808 53.74331377580952
5.796885482 53.74860640911989
5.797008693 53.80072349797938
5.797123205 53.94569107914255
5.797883647 53.945691079142556
5.800144909 54.15351836555406
5.800231723 54.23882370143775
5.8004552 54.3437483358957
5.801219141 54.343748335895704
5.801310645 54.34918026174722
5.801388584 54.45587891277209
5.802708513 54.50776621419941
5.803085841 54.56129468478815
6.5590851919999995 54.57403496917347
6.559217939 54.62637275579118
7.227742126 54.62755119187281
8.540387801 55.43861117839536
8.541773407 56.144512032741346
8.541806801 56.25734587744981
8.549500017 56.28075985029348
8.550764572 56.33264715172079
8.55150488 56.3326471517208
8.657405052 56.33382558780242
8.871837528 56.33382558780243
11.195601802 57.14606401040659
11.196993177 57.851964864752574
11.197025986 57.96479870946105
11.204734343 57.98821268230472
13.220511487 57.98821268230473
13.802259246 58.80045110490889
13.803590311 59.50635195925487
13.803620087 59.61918580396335
13.811943301 59.64259977680702
16.331966135 60.454838199411185
16.333254127 61.16073905375717
16.334871918 61.19418211062698
16.33491252 61.22542309744131
16.354637571 61.268526461247575
16.359017273 61.29408049388978
16.407973667 61.29408049388979
18.823988923 62.106318916493954
18.825252432 62.812219770839945
18.825896742 62.84566282770976
18.825939508 62.87690381452408
18.84589364 62.920007178330344
21.244414732 63.057168867278094
21.244628073 63.382694795304296
21.244723063 63.71724426035301
21.245681905 64.4381464552805
21.246329521 64.47158951215032
21.266558675 64.49610829488041
21.687793081 64.49610829488043
23.590000157 65.30834671748458
23.591242082 66.01424757183057
23.591895838 66.04769062870038
25.898267776 66.18485231764814
25.898465254 66.51037824567433
25.898568033 66.62475837610471
25.89926902 66.84492771072306
25.899486434 67.56582990565053
28.123417437 67.70299159459827
28.123617785 68.02851752262448
28.123785139 68.11100782355794
28.124410822 68.3630669876732
28.124667047 68.50660414158361
28.127287985 68.50765186319025
28.128223747 68.54896925231978
28.128357455 68.55032231744536
28.12879875 68.56506158536011
28.130880977 68.63972153666145
28.134404762 68.75341461663591
28.135132294 68.92695341389434
28.138734386 68.97241513473112
28.14470123 68.97888125557942
28.147637015 68.9893972169589
28.148029063 69.01050517858422
29.036685628 69.01050517858424
30.238664299 69.14766686753197
30.238858851 69.47319279555818
30.238962675 69.58757292598854
30.239840887 69.95127941451729
30.242154782 69.95232713612393
30.242788724 69.95232713612394
30.243213693 69.99499759037906
30.245734165000002 70.08439680959515
30.249199772 70.1980898895696
30.256605956 70.20494293428226
30.258831632 70.3140228231909
30.259711572 70.3173694642021
30.682640451 70.31736946420212
32.293044367 70.32425462164355
32.293100068 70.5874762706088
32.293225095 70.61853027215118
32.293254749 70.67378973007568
32.294463441 70.78850262336685
32.295376423 70.99780442166589
32.295647061 71.11236145593033
32.296629895 71.25919142174182
32.297651861 71.30186187599693
32.303460943 71.50495417518748
32.310850332 71.51180721990013
32.312789416 71.62088710880877
32.313383214 71.62088710880879
33.620878849 71.6208871088088
34.31132243 71.62777226625022
34.311365178 71.89099391521549
34.311483395 71.92204791675785
34.311524264 71.97730737468234
34.312644304 72.09202026797351
34.313512675 72.30132206627256
34.314341368 72.415879100537
34.314874138 72.42053430301813
34.315319772 72.56270906634849
34.315792573 72.6053795206036
34.321427995 72.80847181979415
34.329472443 72.8153248645068
34.339610486 72.90876204741744
34.688696297 72.90876204741745
35.811126252 72.90876204741747
36.25448562 72.94075890185343
36.254557026 73.17886885382414
36.254666487 73.2099228553665
36.254706362 73.26518231329099
36.255885605 73.36046438629361
36.256180325 73.61116754762328
36.256395743 73.8495362833505
36.258520318 73.85058400495714
36.258981005 73.89325445921226
36.263794862 74.0963467584028
36.378357053 74.09634675840282
36.491901874 74.09634675840283
37.245316663 74.09634675840285
38.152262541 74.12834361283883
38.152350705 74.36645356480952
38.152472601 74.39750756635189
38.15251265 74.45276702427638
38.153193187 74.4527670242764
38.153462221 75.0371209943359
38.155746393 75.03816871594253
38.156725466 75.08083917019766
38.159098607 75.17023838941374
38.162363415 75.28393146938821
39.433140453 75.28393146938822
39.988330512 75.29081662682964
39.988370358 75.5540382757949
39.988482609 75.58509227733727
39.98852149 75.64035173526176
39.98916849 75.64035173526177
39.989570846 75.75506462855293
39.990461261 75.82003767751186
39.990666691 76.07892346111642
39.991575777 76.22575342692791
39.992572509 76.26842388118304
39.999571153 76.45808137720554
40.036582354 76.45808137720556
40.884460288 76.45808137720557
41.755814618 76.464966534647
41.75586558 76.72818818361226
41.75601364 76.81450164307913
41.756683272 76.81450164307914
41.757107284 76.9292145363703
41.758014862 76.99418758532923
41.758214718 77.25307336893378
41.759096227 77.39990333474528
41.760055766 77.4425737890004
41.768580051 77.47361987413713
41.769227161 77.48829120805702
41.769779677 77.48829120805703
41.771939292 77.61309471501966
41.772016706 77.62939234854682
41.776126254 77.63223128502293
43.465192452 77.63911644246434
43.465233332 77.9023380914296
43.465372033 77.98865155089646
43.46599223 77.98865155089648
43.466392262 78.10336444418763
43.466997089 78.10336444418765
43.467265238 78.16833749314657
43.467450365 78.42722327675112
43.468310043 78.57405324256261
43.469236148 78.61672369681774
43.477385751 78.64776978195447
43.478063768 78.66244111587437
43.480680776 78.80354225636415
43.921431134 78.80354225636417
45.130215545 78.8104274138056
45.130268943 79.07364906277085
45.130411097 79.15996252223772
45.131073573 79.15996252223773
45.131472959 79.27467541552889
45.132378767 79.33964846448782
45.132986023 79.33964846448784
45.133453994 79.47770971155214
45.133704704 79.49655069571924
45.134072274 79.53626488001552
45.134389142 79.788034668159
45.143104101 79.83375208721563
45.145860082 79.90972406033168
45.152830536 79.91311311575366
46.741935616 79.9199982731951
46.741983005 80.18321992216038
46.742118758 80.26953338162724
46.743133279 80.38424627491841
46.743990001 80.44921932387733
46.744574559 80.44921932387734
46.745048943 80.58728057094164
46.745308166 80.60612155510874
46.745626474 80.64583573940503
46.745971219 80.8976055275485
46.755154963 80.94332294660514
46.757750458 81.01929491972118
47.103002318 81.01929491972119
48.319766319 81.05129177415716
48.319853753 81.28940172612788
48.31998119 81.37571518559474
48.320606936 81.37571518559476
48.321039798 81.47099725859736
48.321291743 81.72170041992705
48.321488947 81.96006915565425
48.327901277 81.97276807196835
48.332111576 82.04950475057264
48.339301639 82.04950475057265
49.423457897 82.04950475057267
49.838512678 82.0563899080141
49.838551537 82.31961155697935
49.838682628 82.40592501644622
49.839286871 82.40592501644623
49.839699187 82.50121602517865
49.840495565 82.58561095869632
49.841720784 82.74251318992773
49.842065862 82.78222737422402
49.842526794 82.90071212291389
49.844723853 82.9292659900994
49.844760865 82.99114490994654
49.847204264 83.00297790281982
49.851135278 83.07971458142411
49.897884295 83.07971458142413
50.588491483 83.07971458142414
51.309344349 83.08659973886556
51.309381997 83.34982138783081
51.309515149 83.4361348472977
51.310499336 83.53142585603011
51.311298757 83.5884130373426
51.312481878 83.7727230207792
51.312825518 83.81243720507548
51.313288251 83.93092195376535
51.315419556 83.95947582095086
51.315456984 84.021354740798
51.317966254 84.03318773367128
51.323585288 84.0656896673176
51.437878699 84.06568966731761
52.736682618 84.07257482475904
52.73672552 84.3357964737243
52.73685639 84.42210993319118
52.737816731 84.51740094192361
52.739086575 84.57438812323609
52.739740589 84.75869810667268
52.740031381 84.79841229096897
52.740525418 84.91689703965885
52.742611317 84.94545090684434
52.742647605 85.0073298266915
54.115339958 85.01421498413292
54.115391121 85.27743663309818
54.115534383 85.36375009256506
54.116129639 85.36375009256507
54.116521527 85.45904110129749
54.117821203 85.51602828260997
54.118428303 85.70033826604656
54.11875029 85.74005245034286
54.119200343 85.85853719903272
54.139593786 85.8858271638269
54.368920682 85.88582716382692
55.457388183 85.9178240182629
55.457469338 86.1559339702336
55.457589875 86.24224742970048
55.458588775 86.33752950270309
55.460431329 86.37702023066461
55.460482567 86.57883560318197
55.460741425 86.61854978747826
55.461215932 86.73703453616815
56.754556932 86.7439196936096
56.754598139 87.00714134257485
56.754729878 87.09345480204172
56.755663434 87.18874581077415
56.757456064 87.22822760300588
56.757774844 87.46975715981951
56.788232918 87.46975715981952
58.006250067 87.60246024454112
58.006294535 87.73986396622621
58.006425515 87.82617742569307
58.00899379 87.9214684344255
58.010680778 87.96095022665722
58.01177441 87.96301710725015
58.01319867 87.98675284378398
58.014996867 88.01170289416824
58.016823786 88.02689451121498
58.017252439 88.02689451121499
58.023476309 88.02976239700159
58.026691976 88.09114612575094
58.052397135 88.09114612575095
59.217551284 88.22384921047255
59.217602596 88.36125293215764
59.217747331 88.4475663916245
59.218707073 88.54285740035694
59.220454815 88.58233919258865
59.221574511 88.5844060731816
59.222953822 88.6081418097154
59.224683606 88.63309186009968
59.226462765 88.64828347714642
59.230273322 88.67131887711531
59.538595801 88.67131887711533
60.386987594 88.80402196183692
60.387024825 88.94142568352201
60.387155987 89.02773914298888
60.388054784 89.12303015172131
60.389709168 89.16251194395302
60.390785021 89.16457882454596
60.395591986 89.22845622851078
60.396022256 89.2284562285108
60.402097439 89.23132411429738
60.40506263 89.2313241142974
61.3881771 89.23132411429741
61.511586134 89.364027199019
61.511619628 89.5014309207041
61.511743667 89.58774438017096
61.5125896 89.68303538890339
61.514196832 89.7225171811351
61.515353433 89.72458406172804
61.520466585 89.78846146569288
62.600880163 89.92116455041449
62.600921152 90.05856827209958
62.601055688 90.14488173156644
62.601882127 90.24017274029887
62.603438694 90.27965453253059
62.604462538 90.28172141312352
62.614926306 90.33040720004159
62.6351681 90.3304072000416
63.642297212 90.60051400644831
63.64243523 90.68682746591517
63.643252188 90.7821184746476
63.644821523 90.82160026687932
63.985378807000004 90.82160026687933
64.650459425 91.09170707328602
64.650590311 91.17802053275288
64.651415705 91.27331154148531
64.654131822 91.29284584773391
64.66771715 91.29284584773393
64.674457861 91.29284584773394
65.65975296 91.56295265414064
65.659901909 91.6492661136075
65.660724846 91.74455712233993
66.095977993 91.74455712233994
66.614915788 92.01466392874664
66.615040516 92.1009773882135
66.615477809 92.10097738821351
66.619354585 92.12098945096302
66.621546262 92.12355468915054
67.500766958 92.39366149555723
67.500894764 92.47997495502409
67.501312077 92.4799749550241
67.502869517 92.48629197135303
67.50499771 92.49998701777362
67.507449825 92.50255225596112
67.524931531 92.50255225596113
68.350160499 92.77265906236784
68.350294354 92.85897252183469
68.350720624 92.8589725218347
68.352265327 92.86528953816362
68.358775917 92.87433106736536
68.375279656 92.87433106736538
69.163620205 93.14443787377208
69.163757898 93.23075133323893
69.165906985 93.23075133323894
69.167298207 93.23706834956785
69.223913507 93.23706834956788
69.946487069 93.50717515597455
69.94661117 93.59348861544142
69.947013237 93.59348861544143
70.082181825 93.59348861544144
70.587807491 93.59348861544146
70.693191157 93.92612352784296
70.699987614 93.93601926202355
70.732012978 93.93601926202356
70.802274888 93.93601926202358
71.409880447 94.09219637117336
71.409944321 94.26865417442507
71.424850876 94.26865417442508
71.466261022 94.2686541744251
71.769216518 94.26865417442511
72.09647958 94.27373157076464
72.096513794 94.47105437344807
72.09812219 94.62068001204435
72.216219527 94.62068001204436
72.752122343 94.62265775258587
72.752623409 94.72120094941415
72.752936528 94.82135388598407
72.753991992 94.82308021106732
72.755194489 94.82698259352262
72.75715332 94.8984898752939
72.758244128 94.90354823522782
72.859741171 94.90354823522783
73.377569959 94.90862563156736
73.377611338 95.10594843425079
73.381896541 95.45717029102934
73.466245391 95.45717029102936
73.990178096 95.46224768736889
73.99022519 95.65957049005232
73.994702066 95.66347287250758
73.996936669 95.66586621691354
74.012769309 95.66586621691356
74.549809557 95.66586621691357
74.552474805 95.7167668625682
74.55426298 95.74103125863448
74.554516513 95.86654009085326
74.555450481 95.86826641593652
74.556833445 95.87216879839181
74.686764095 95.87216879839183
75.09486474 95.87724619473136
75.094904558 96.07456899741477
75.305042652 96.07456899741479
75.611352459 96.12546964306941
75.613014651 96.14973403913568
75.613275017 96.27524287135448
75.643138355 96.2752428713545
76.051639617 96.27524287135451
76.099174802 96.32614351700913
76.100792368 96.3504079130754
76.10119871 96.3560356407472
76.1025999 96.37789781244756
76.102871537 96.40828158782033
76.103280691 96.41205708095681
76.107044401 96.4214987463199
76.173942209 96.42149874631991
76.566247885 96.42149874631993
76.569792963 96.47239939197456
76.571186043 96.49666378804082
76.571510734 96.50229151571261
76.572376454 96.52415368741298
76.573068755 96.55831295592222
76.573262201 96.55831295592223
76.576851713 96.68117847488512
76.586351966 96.68117847488513
76.640149565 96.68117847488514
77.020280347 96.73207912053978
77.021767756 96.75634351660605
77.022053478 96.76197124427785
77.023216214 96.78383341597822
77.023854481 96.81799268448745
77.040895236 96.81799268448746
77.18499442 96.81799268448748
77.454950284 96.84007483347669
77.456093339 96.8688933301421
77.456472318 96.8931577262084
77.456737065 96.8987854538802
77.457505218 96.92064762558057
77.461963512 96.95103140095331
77.700350499 96.95103140095333
77.858415893 97.00193204660795
77.858602887 97.055733001545
77.861515517 97.22312787145124
77.893110153 97.22312787145125
78.237225746 97.24521002044045
78.238565587 97.29829291317216
78.238818016 97.30392064084396
78.241623173 97.32182025288105
78.255988128 97.32182025288107
78.580161177 97.37272089853572
78.581439042 97.39698529460199
78.584372687 97.45348072270255
78.584400081 97.50422353466438
78.772001255 97.50422353466439
78.905438307 97.5263056836536
78.906691033 97.57938857638531
78.910168561 97.60093227991585
79.085217889 97.60093227991587
79.207195264 97.65183292557052
79.211295643 97.67248761996468
79.494609801 97.7233882656193
79.50126114 97.72338826561933
79.766454007 97.74547041460856
79.766888225 97.75189768293095
79.794291824 97.75189768293096
79.956136375 97.75189768293097
80.021507293 97.7739798319202
80.02425395 97.8556164145868
80.037732386 97.85561641458682
80.258797704 97.87769856357602
80.268182836 97.87769856357605
80.383640179 97.87769856357606
80.482143315 98.05111037538899
80.555692567 98.051110375389
80.691040702 98.05536730250122
80.822556613 98.05536730250124
81.061983419 98.05981901895682
81.062666345 98.15430645582323
81.386096949 98.20897102772119
81.663313467 98.47835907651901
81.671226726 98.47835907651903
82.002745139 98.52192025824635
82.014317856 98.52192025824637
82.183297333 98.59400822816963
82.19340239900001 98.59400822816964
