0.000362791 46.66641207205899
0.000438437 46.953866858620074
0.000528533 47.278868480992216
0.00060292 48.34235388996953
0.001146244 48.442350151477626
0.00891344 48.457326622248516
0.009834059 48.58673327543396
0.010159751 48.642901538444505
0.079100991 48.676925549203105
0.079128676 48.880044982136525
0.079184422 49.94353039111385
0.079602447 50.04352665262195
0.085653655 50.05850312339284
0.087878287 50.09414953866573
0.088620624 50.187909776578266
0.09597363 50.221689396311646
0.107220294 50.24407803958883
0.148564134 50.24775590001252
0.391706101 50.251769177518256
0.512776938 50.266745648289145
0.634801164 50.27356830665373
0.693020069 50.27356830665374
0.753411929 50.27743329926025
0.994103589 50.283481599801746
1.112412326 50.30239206356204
1.113247659 50.30239206356205
1.352399617 50.30584688955747
1.47059818 50.31457134383254
1.708561327 50.31980880995367
1.7756022219999998 50.329195346728774
1.787317921 50.351583990005956
1.825173223 50.35158399000596
2.00216245 50.363822674028924
2.24341987 50.38142573463563
2.484344675 50.39615230147459
2.722953395 50.42993192120795
2.844301879 50.452320564485134
3.071519443 50.501810080851826
3.071606961 50.82681170322395
3.073499056 51.08735735498861
3.0735736830000002 51.328489901518196
3.073722626 51.670931110472054
3.073957182 51.99029337370938
3.0796581610000002 52.00526984448027
3.080339811 52.13467649766571
3.08136924 52.190844760676256
4.796294539 52.23935094724858
5.9372461659999995 52.311229106892455
5.937329623 52.86400873339609
5.937409926 52.89677638102924
5.937475677 53.137908927558826
5.93763738 53.48035013651268
5.937891253 53.79971239975001
5.943736755 53.81468887052088
5.945633144 53.82537652149199
5.946330518 53.850335285793776
5.954690438 53.86251456606428
5.965225289 53.91176589626066
5.970642337 53.911765896260675
5.974933239 53.97787514343969
6.121382358 53.977875143439704
8.739591034 54.09825948965589
8.739681126 54.651039116159524
8.739765885 54.683806763792674
8.739845624 54.92493931032227
8.74000448 55.26738051927613
8.740242485 55.58674278251344
8.74603054 55.601719253284344
8.747928152 55.61240690425544
8.748603675 55.63736566855724
8.757729047 55.649544948827725
8.767901721 55.69879627902411
8.935585599 55.69879627902412
11.467106425 55.81918062524032
11.467187042 56.37196025174396
11.467262015 57.20766765658978
11.467681196000001 57.30766391809787
11.47330077 57.32264038886876
11.475038971 57.358286804141656
11.479207961 57.37046608441214
11.47995572 57.37046608441215
11.499201812999999 57.41971741460854
14.123220548 57.540101760824726
14.123310372 58.09288138732836
14.123392496 58.928588792174196
14.123857311 59.02858505368229
14.129450438 59.04356152445318
14.131146427000001 59.079207939726075
14.135241848 59.09138721999656
14.240057174 59.09138721999658
16.711521255 59.21177156621276
16.711600226 59.7645511927164
16.711676832 59.79731884034955
16.711767178 60.00755164700516
16.711895873 60.380892595833004
16.712119026 60.70025485907031
16.717577597000002 60.7152313298412
16.71934119 60.72591898081231
18.777822663 60.725918980812324
19.22367407 60.84630332702851
19.223765943 61.399082953532144
19.225795218 61.67298314769489
19.225944113 62.01542435664875
19.22617185 62.33478661988606
19.231486324 62.349763090656964
19.233226071 62.36045074162806
21.67545598 62.48083508784423
21.675532795 63.03361471434788
21.675641315 63.06638236198103
21.675679031 63.27661516863664
21.675803288 63.649956117464484
21.676029414 63.96931838070179
21.68131359 63.98429485147268
21.870570759 63.9842948514727
24.067192279 64.10467919768888
24.067268639 64.65745882419252
24.067377277 64.69022647182567
24.067416145 64.90045927848126
24.067538349 65.27380022730911
24.067748241 65.59316249054642
24.114756984 65.59316249054643
26.386542724 65.61420049468119
26.38662788 65.94812062631127
26.386825361 66.18020982003556
26.386989425 66.25937544300125
26.388354207 66.28277947313573
26.388558495 66.40624543522394
26.388987232 66.4698858928841
26.389162222 67.03050665608406
26.399988389 67.15023218351988
28.648137708 67.27061652973607
28.648214947 67.82339615623971
28.648351767 68.09729635040244
28.648486331 68.43973755935632
28.650540793 68.58757634905749
28.662186169 68.67904731118121
28.750179325 68.67904731118122
30.853563031 68.70008531531596
30.853676679 68.98973211831151
30.855511421 69.26609464067033
30.855683931 69.34526026363602
30.856906696 69.36866429377052
30.857450997 69.55577071351887
30.857619565 70.11639147671883
30.869075118 70.20786243884255
32.970547412 70.32824678505875
32.970628909 70.88102641156239
32.970769707 71.15492660572512
32.970909782 71.49736781467898
32.993735868 71.51527243374282
32.995524524 71.53017664103808
33.004884025 71.54637788309321
33.007459964 71.5791666981844
33.088901549 71.57916669818441
34.609689185 71.57916669818442
35.026262979 71.6995510444006
35.026336221 72.25233067090426
35.026411357 72.28509831853741
35.026489368 72.52623086506699
35.026601647 72.86867207402086
35.04805105 72.88657669308469
35.049867886 72.90148090037995
35.328522563 72.90148090037997
36.938948138 72.90148090037998
36.995246831 72.9225189045147
36.995313036 73.25643903614477
36.995469096 73.48852822986908
36.995616529 73.56769385283476
36.997372623 73.77820430271758
36.99761656 73.78053712298968
36.99769367 73.99942081364419
37.000260562 74.1640386095317
37.015172399 74.19098627621636
37.016389312 74.20889089528022
37.028329267 74.20889089528023
37.78676957 74.20889089528025
38.93450906 74.229928899415
38.9345857 74.56384903104507
38.934745653 74.79593822476936
38.934908579 74.87510384773505
38.936629196 75.0856142976179
38.9368934 75.08794711788998
38.937550151 75.30683080854449
38.939503503 75.47144860443201
38.954777407 75.49839627111668
39.755816463 75.49839627111669
40.806701189 75.51943427525144
40.806775337 75.85335440688151
40.806943835 76.0854436006058
40.80709806 76.16460922357149
40.808794896 76.37511967345434
40.809638012 76.37745249372642
40.809708648 76.59633618438093
40.811626417 76.76095398026845
41.074643563 76.76095398026847
42.606133104 76.7819919844032
42.606249001 77.07163878739874
42.606369151 77.34800130975756
42.606512079 77.42716693272325
42.608154995 77.6376773826061
42.60846993 77.85889389353271
42.61673581 77.94487721670973
42.626259634 77.99111565534989
43.394446651 77.9911156553499
44.360895185 78.01215365948464
44.361009356 78.30180046248019
44.36112004 78.57816298483901
44.361281399 78.6573286078047
44.362919877 78.86783905768753
44.363168012 78.87017187795963
44.363799559 79.08905556861414
44.387876254 79.17155268137415
44.520029458 79.17155268137418
46.079668818 79.19259068550892
46.079777263 79.48223748850447
46.079881685 79.75860001086329
46.080031926 79.83776563382898
46.080623337 79.837765633829
46.081578021 80.04827608371181
46.081830934 80.05060890398391
46.09445516 80.09832463622821
46.108487058 80.09832463622823
46.241474893 80.09832463622824
47.725492445 80.11936264036298
47.725618149 80.40900944335853
47.727842879 80.68537196571735
47.72798839 80.76453758868303
47.729494182 80.97504803856587
47.730096913 80.97504803856589
47.730289609 80.97738085883796
47.757350935 80.97738085883798
47.85913719 80.97738085883799
49.320837046 81.04395672535757
49.321086535 81.5515306397403
49.32190211 81.60723498661476
49.322605251 81.85410426117564
50.570975121000004 81.85410426117565
50.851584687 81.87514226531039
50.851694266 82.16478906830592
50.851812698 82.44115159066476
50.851956049 82.52031721363043
50.855524245 82.60643759105567
50.858227655 82.62648438786935
50.858538807 82.66458645832249
50.866160522 82.66466913853422
50.878485779 82.66466913853424
51.115602727 82.66466913853425
52.350528442 82.73124500505384
52.350753769 83.23881891943655
52.351552935 83.294523266311
52.354110494 83.41700246841427
52.356913683 83.43704926522796
52.357580691 83.45452725873606
53.396545781 83.45452725873608
53.805898905 83.47556526287082
53.806002731 83.76521206586635
53.806122283 84.04157458822517
53.80628707 84.12074021119086
53.809575263 84.20686058861608
53.812200329 84.22690738542977
53.815220203 84.24412869273654
53.818493185 84.24438537893788
53.846830887 84.24438537893789
54.867669385 84.2443853789379
55.205205278 84.26542338307263
55.205253707 84.47826170204578
55.205349907 84.55507018606816
55.205621657 84.91059833139268
55.208927663 84.99671870881791
55.212058437 85.0167655056316
55.21436956 85.03398681293835
55.28151873 85.03398681293837
55.684269558 85.03398681293838
56.36152998 85.0339868129384
56.558218972 85.05502481707312
56.558249663 85.26786313604627
56.558326804000004 85.34467162006865
56.558596027 85.70019976539317
56.561703794 85.78632014281838
56.564290078 85.80636693963208
56.572161652 85.82017041755267
56.611715833 85.82017041755269
57.162822613 85.8201704175527
57.877763276 85.84120842168744
57.87780204 86.0540467406606
57.877878917 86.13085522468297
57.878116418 86.48638337000749
57.881243627 86.57250374743272
57.89186043 86.6029439586753
58.534686736 86.60294395867531
59.155998086 86.62398196281005
59.156037071 86.8368202817832
59.156115031 86.9136287658056
59.156356322 87.26915691113011
59.159432007 87.35527728855531
59.185005543 87.35527728855533
59.754173276 87.35527728855534
60.394759957 87.37631529269007
60.394798035 87.58915361166322
60.394881945 87.6659620956856
60.395134505 88.02149024101011
60.407605305 88.09756808654994
60.454629748 88.09756808654996
60.786941764 88.09756808654997
61.145077559 88.09756808654998
61.587869538 88.1186060906847
61.587916635 88.33144440965786
61.587999446 88.40825289368024
61.588268723 88.76378103900475
61.601855819 88.76534919444082
61.831423194 88.76534919444083
62.221111132 88.76534919444084
62.743558003 88.78638719857558
62.743590654 88.99922551754875
62.743666901 89.07603400157113
62.743901595 89.43156214689563
63.54279157 89.43156214689564
63.855688592999996 89.49750535401314
63.85670715 89.80531292999066
63.857161916 89.80531292999068
63.858162804 89.88035277923596
63.859995442 90.02709317837194
63.863331424 90.0709524284457
64.659372231 90.07095242844571
64.928417224 90.1368956355632
64.929277539 90.44470321154073
64.92973475 90.44470321154074
64.930727434 90.51974306078603
64.932541459 90.666483459922
64.941112462 90.6977150825043
64.946364091 90.70549039412413
64.982080763 90.70549039412414
65.949189333 90.77143360124163
65.949981117 91.07924117721915
65.951756259 91.15428102646443
65.953542594 91.30102142560041
65.961478202 91.33225304818271
65.969652076 91.33225304818272
66.260519911 91.33225304818274
66.803430771 91.33225304818275
66.949232611 91.39819625530025
66.950006573 91.70600383127777
66.951697281 91.78104368052307
66.953460977 91.92778407965905
67.912523514 91.99372728677655
67.913322079 92.30153486275407
67.917549894 92.39022573598004
67.917758572 92.41965998533301
67.921287941 92.45613280604691
67.923980037 92.50149395248545
67.927916634 92.51569900320094
67.996188164 92.51569900320095
68.822863394 92.58164221031845
68.82370157 92.59680168039722
68.823840105 92.70484422768045
68.823875757 92.80813294914242
68.823896432 92.86651494122393
68.824049945 92.88944978629598
68.82777847 92.97814065952194
68.831411595 93.04404772958881
68.83249977 93.08940887602735
69.691974619 93.15535208314485
69.692796127 93.17051155322362
69.692938278 93.27855410050685
69.692962016 93.38184282196882
69.692983358 93.44022481405034
69.695019825 93.4572218215693
69.696752867 93.55185053234834
69.70028161 93.61775760241521
69.766989157 93.61775760241522
70.523984385 93.6988602796115
70.524135675 93.80690282689473
70.525980436 93.91019154835669
70.52600248 93.9685735404382
70.527964162 93.98557054795718
70.529563785 94.08019925873623
71.316523547 94.26934448321572
71.316564458 94.3726332046777
71.316587042 94.4310151967592
71.318556957 94.44801220427817
71.364780005 94.44801220427819
71.550018573 94.4480122042782
72.088530701 94.63715742875769
72.088567811 94.74044615021965
72.088588593 94.79882814230118
72.294212116 94.79882814230119
72.814956269 94.87993081949745
72.815099465 94.9879733667807
72.815138309 95.09126208824267
73.51672724 95.41414569215728
73.689860857 95.41414569215729
74.070592292 95.4141456921573
74.19617017 95.53547929109963
74.196503499 95.62544524246995
74.199173058 95.63277976140824
74.199280027 95.65754557753941
74.199562882 95.66059317271649
74.327705551 95.6605931727165
74.832548893 95.79290481239221
74.832943907 95.87189272302916
74.835611956 95.87922724196746
74.835710624 95.90399305809862
75.074706312 95.90399305809864
75.441846509 96.02532665704095
75.442172605 96.11529260841128
75.446816131 96.12765988990373
75.451013336 96.14277287305346
75.509132164 96.14277287305347
75.952728979 96.14277287305349
76.028121352 96.27508451272918
76.028520052 96.35407242336613
76.032995627 96.36643970485858
76.154200534 96.36643970485859
76.306657818 96.3664397048586
76.584893167 96.4987513445343
76.585296788 96.57773925517125
76.754519947 96.57773925517127
77.107905957 96.63303832891502
77.108628092 96.73179058731613
77.112337267 96.7742395975483
77.11611535 96.77895940217653
77.216510022 96.77895940217654
77.529533417 96.77895940217655
77.601705307 96.91127104185225
77.601925202 96.93301073432143
77.605606402 97.04709754180008
77.835138903 97.0470975418001
78.06249245 97.04709754180011
78.078362813 97.10239661554387
78.078997537 97.20114887394497
78.084195089 97.23562890326858
78.102637567 97.23562890326859
78.13883074 97.2356289032686
78.345741747 97.23562890326862
78.528807616 97.29092797701237
78.529400286 97.34076940620758
78.529432489 97.38968023541348
78.633416574 97.3896802354135
78.848194356 97.38968023541351
78.96216405 97.47184521413813
78.962202366 97.4842801200794
78.962361277 97.50620779912158
78.962974884 97.54295181555221
79.078319576 97.54295181555223
79.266603738 97.54295181555224
79.372029492 97.67526345522795
79.377997265 97.68763841256084
79.644340396 97.68763841256086
79.753661902 97.81995005223655
79.829560563 97.81995005223656
80.03688102 97.81995005223658
80.09885599 97.87762807240897
80.099358036 97.9021150309612
80.09939134 97.91454993690247
80.09953179 97.93647761594465
80.223164031 97.93647761594467
80.416767202 97.93647761594468
80.425497998 97.99415563611707
80.425959023 98.0186425946693
80.42599118 98.03107750061059
80.732198964 98.08875552078301
80.733502346 98.12169890989462
80.825599414 98.12169890989463
81.020557869 98.17937693006702
81.021040799 98.18137856862683
81.025802183 98.1882747764142
81.03697233 98.18827477641422
81.244519871 98.18827477641423
81.296427049 98.24795443514643
81.300637408 98.24964405235382
81.310988466 98.24964405235383
81.323669429 98.24964405235384
81.553246228 98.30932371108604
81.658930507 98.30932371108605
81.792614208 98.3432541756763
81.793551562 98.40335548624913
81.79357888 98.42409351000094
81.854011018 98.42409351000096
81.861352649 98.42409351000097
82.017652776 98.42993242933984
82.019322481 98.43073155206149
82.049762723 98.4307315520615
82.229286762 98.43657047140037
82.231847933 98.43732792387495
82.388887216 98.43732792387496
82.425549362 98.4413426724307
82.426650193 98.44316684321383
82.50583887 98.44316684321386
82.60553542 98.44718159176959
82.728155516 98.4471815917696
82.776066648 98.51170149404506
82.776127029 98.54345475136876
82.782776421 98.54345475136878
83.445561985 98.63608886009078
83.550738794 98.69972895794724
83.811077197 98.73710729605354
83.875576301 98.73710729605355
