0.000363687 52.64243224285572
0.00044749 54.258713344634614
0.000507153 55.13142254417829
0.009804027 55.21407886858674
0.009940331 55.26799039766111
0.010446009 55.54424471528404
0.010690584 55.76097351997082
0.07896486 56.55819038849656
0.086237518 56.64084671290501
0.086344963 56.69475824197938
0.086751472 56.97101255960231
0.086952109 57.18774136428909
0.147235556 57.187741364289096
0.207834138 57.193580792804994
0.329243871 57.193580792805
0.450710513 57.21078832056322
0.61559442 57.210788320563225
0.691747132 57.21093072238216
0.734778107 57.21093072238217
0.812144032 57.237264711970795
0.871431628 57.2372647119708
1.108554462 57.26408303458236
1.167417018 57.26408303458237
1.227790092 57.27825780237208
1.344741055 57.27825780237209
1.464642637 57.28297798544541
1.5842322530000001 57.286163933360925
1.702795796 57.29883325185679
1.804019579 57.2988332518568
1.939691643 57.308646718792204
2.060214183 57.30864671879221
2.179595533 57.33539818935421
2.223464029 57.33539818935422
2.23992742 57.34455346990684
2.404291152 57.34455346990685
2.838271119 57.416449991039684
2.89918399 57.4164499910397
3.069350292 57.54830576153289
3.069424887 57.660747102863525
3.069450827 58.25896582037062
3.069554879 58.33766014155836
3.070263801 58.42101496107658
3.078986054 58.784937910792195
3.086621493 58.89222666872823
3.087416911 58.892226668728235
3.111813904 58.964123189861084
4.570289667 59.000029940975715
4.973002689 59.00002994097572
5.937776445 59.23968898371639
5.93785375 59.35213032504703
5.93788224 59.95034904255412
5.938660281 60.11239818326008
5.947170341 60.35419081521084
5.948015645 60.47632113297569
5.94836528 60.54770313979711
5.99290923 60.58360989091173
6.068688942 60.583609890911745
8.738204272 60.823268933652415
8.738301151 60.93571027498305
8.738328996 61.53392899249015
8.739162339 61.69597813319611
8.747517062 61.937770765146865
8.748720272 62.13128308973313
8.804501114 62.13128308973314
11.470476581 62.370942132473814
11.470556224 62.48338347380445
11.472467915 63.08160219131153
11.473210088 63.24365133201749
11.484928964 63.32630765642594
11.486398911 63.3724950930561
11.48679199 63.58124029214447
11.488766972 63.669142821619104
14.13390579 63.90880186435978
14.133979118 64.78151106390345
14.140862647 64.86416738831188
14.140958062 64.91807891738627
14.141359489 65.19433323500918
14.381691953 65.1943332350092
15.954986521 65.19433323500921
16.728700131 65.43399227774987
16.728778068 65.5464336190805
16.728806861 66.1446523365876
16.732350577 66.14914902418943
16.734680549 66.16849143439202
16.734735333 66.26655331308173
16.742471504 66.43554523833217
16.742860781 66.64429043742054
17.248627032 66.64429043742055
19.260345975 66.88394948016122
19.260425115 66.99639082149186
19.260451195999998 67.59460953899894
19.261228341 67.59460953899895
19.264011506 67.59910622660078
19.266287429 67.61844863680336
19.266340538 67.71651051549308
19.273914898 67.88550244074352
19.301954193 67.92697115319528
21.729114438 68.16663019593595
21.729199445 68.27907153726659
21.7310632 68.87729025477367
21.734456331 68.8817869423755
21.73665212 68.9011293525781
21.736707576 68.99919123126779
21.746861273 69.01690375509254
21.747161674 69.08890581673924
21.75162599 69.16818315651824
22.275256206 69.16818315651825
23.45605421 69.16818315651827
24.116128263 69.40784219925892
24.116202459 69.52028354058957
24.116227422 70.11850225809667
24.119662305 70.1229989456985
24.121840414 70.1423413559011
24.121895562 70.2404032345908
24.132943985 70.25811575841556
24.133237818 70.33011782006224
24.813210544 70.33011782006226
26.446222303 70.56977686280291
26.446312971 70.68221820413356
26.446339945 71.28043692164064
26.447103806 71.28043692164066
26.4504283 71.28493360924247
26.452001764 71.30427601944507
26.452055277 71.40233789813479
26.463888441 71.44694215366984
26.477737895 71.45022466039877
28.596695992 71.45022466039879
28.760694616 71.68988370313944
28.760760686 71.8023250444701
28.760785002 72.40054376197719
28.761491299 72.4005437619772
28.766181672 72.42438285978162
28.76903288 72.51331646073906
28.77655796 72.54015726229608
28.777381876 72.56704899400638
30.99473184 72.80670803674707
30.994811091 72.9191493780777
30.994835436 73.51736809558479
30.995537444 73.5173680955848
31.000160059 73.54120719338921
31.00078837 73.54120719338923
31.002982526 73.63014079434666
31.003601022 73.63014079434667
31.03606929 73.65698159590369
31.036278813 73.68387332761398
31.59235647 73.683873327614
33.138109626 73.92353237035466
33.138193555 74.0359737116853
33.138218829 74.63419242919238
33.138953783 74.6341924291924
33.143543859 74.65803152699681
33.146265751 74.74696512795425
34.478817181 74.74696512795427
35.221552899 74.98662417069494
35.221628009 75.09906551202558
35.221763687 75.24427620828122
35.221944302 75.46794390807237
35.22201702 75.56932760201775
35.222374942 75.69728422953267
35.226869488 75.7211233273371
35.238476241 75.72387087456545
35.241329095 75.72684560140638
35.248928018 75.81005692829453
37.209105988 76.04971597103521
37.209181248 76.16215731236585
37.209334023 76.26974509551798
37.209477628 76.53103570841263
37.209559303 76.63241940235801
37.214226363 76.78421512767736
37.225327414 76.78696267490571
37.228161173 76.78993740174666
39.127620908 77.02959644448734
39.127703866 77.14203778581798
39.127864662 77.2496255689701
39.128021991 77.51091618186476
39.128121788 77.61229987581014
39.132812825 77.76409560112948
39.143710633 77.76684314835782
39.442642971 77.76684314835784
40.995931997 78.0065021910985
40.996001671 78.11894353242914
40.996130422 78.26415422868479
40.996308571 78.48782192847592
40.996390887 78.5892056224213
41.000938312 78.74100134774065
41.021037967 78.74100134774066
42.105149055 78.74100134774068
42.809002532 78.98066039048135
42.809081086 79.09310173181198
42.809373605 79.46198012785875
42.809450276 79.56336382180413
42.823302205 79.63758463209975
42.82381766 79.67706231708176
42.834223252 79.690236910508
42.842974817 79.71515954712349
44.572713554 79.95481858986416
44.572790235 80.06725993119481
44.572924761 80.21247062745046
44.573108129 80.4361383272416
44.573198126 80.53752202118697
44.591784047 80.61174283148259
44.598084084 80.66439510989085
44.837257953 80.66439510989086
46.274233695 80.90405415263152
46.274307382 81.01649549396217
46.274435737 81.16170619021781
46.274608349 81.38537389000896
46.283887856 81.45184721468513
46.292870386 81.56097839424996
47.927161467 81.80063743699064
47.927246127 81.91307877832128
47.927567928 82.28195717436807
47.928178209 82.28195717436809
47.937430737 82.29624690075245
47.946562814 82.32480060644032
47.951638554 82.44120219424273
49.52977191 82.6808612369834
49.529844048 82.79330257831404
49.53011216 83.16218097436084
49.54805831 83.20502440643308
49.553678278 83.29343585200212
49.679220874 83.29343585200213
50.108713431 83.29343585200215
51.072889568 83.5330948947428
51.072961156 83.64553623607345
51.073090719 83.79074693232909
51.0732627 84.01441463212024
51.091685289 84.05725806419248
51.09763431 84.0572580641925
51.216633499 84.05725806419251
52.571105677 84.29691710693318
52.571182608 84.40935844826383
52.571463241000004 84.7782368443106
52.601186522 84.77823684431061
53.065267825 84.77823684431063
54.017636938 85.12078339112361
54.018501731 85.15531059383775
54.018556151 85.17268588266533
54.020196663 85.44518033063002
54.020417271 85.45401996549813
54.036756902 85.49921562442871
54.046629758 85.49921562442873
55.413740997 85.84176217124171
55.414402653 85.87628937395586
55.414454266999996 85.89366466278344
55.416044287 86.16615911074813
55.416586385 86.16615911074814
55.90564547 86.16615911074815
56.772631962 86.50870565756117
56.773306232 86.5432328602753
56.773361532 86.56060814910289
56.775020931 86.60834327014854
56.775149362 86.6289152980096
56.775225272 86.67051043773843
56.775368427 86.78664483754586
56.775559295 86.83310259706757
56.801885702 86.83310259706758
58.086741717 87.17564914388056
58.087395077 87.21017634659471
58.088716634 87.22755163542229
58.090935786 87.37598238189945
58.095513345 87.39879414864589
58.095580674 87.43447701502694
58.09686726 87.47561246539848
58.326720868 87.4756124653985
58.479342571 87.47561246539851
59.363086838 87.81815901221151
59.363707623 87.85268621492565
59.364287028 87.87006150375323
59.365956852 88.0184922502304
59.370613482 88.04130401697684
59.370692523 88.07698688335789
59.375302449 88.10879503109156
60.595834091 88.45134157790456
60.596454205 88.4858687806187
60.59702799 88.50324406944628
60.598657538 88.65167481592344
60.603168886 88.67448658266989
60.603250252 88.71016944905094
60.611900038 88.73962016540494
60.612448615 88.74034650981424
60.739591994 88.74034650981426
61.783618912 89.08289305662726
61.784252456 89.11742025934139
61.784294215 89.13479554816897
61.786436267 89.28322629464613
61.790860017 89.30603806139257
61.790933387 89.34172092777362
61.798420484 89.37117164412764
61.821549125 89.37117164412766
62.939555248 89.71371819094064
62.940171725 89.74824539365478
62.940714241 89.76562068248236
62.942303195 89.91405142895952
62.946692185 89.93686319570597
62.946767422 89.97254606208703
63.585751816 89.97254606208705
64.052670881 90.31509260890004
64.052883164 90.36699510044177
64.054949942 90.44703784885868
64.055410929 90.51542584691892
64.065772477 90.53823761366537
64.073713206 90.57392048004643
64.263765066 90.57392048004644
65.106979229 90.808883399338
65.107129137 90.96836951840116
65.109146099 91.04841226681808
65.111139323 91.05408764580142
65.116035262 91.07319427998988
65.117798797 91.08396229093191
65.385189666 91.08396229093192
66.127538971 91.31892521022347
66.127691549 91.47841132928663
66.129715413 91.55845407770356
66.131691649 91.5641294566869
66.136102865 91.58323609087537
66.394693676 91.58323609087539
67.133210265 91.81819901016694
67.133352612 91.9776851292301
67.135297041 92.05772787764701
67.137198459 92.06340325663037
67.19543373 92.06340325663038
68.095330659 92.29836617592194
68.095475918 92.4578522949851
68.097378088 92.53789504340203
68.971679035 92.53789504340205
69.001116498 92.77285796269359
69.001259868 92.93234408175675
69.008044716 92.99351636062991
69.013845641 92.99522772688077
69.014145136 92.99522772688078
69.375006462 92.9952277268808
69.865527811 93.04303668558714
69.865599379 93.3896767652355
69.872225119 93.45084904410866
70.27147993 93.45084904410868
70.706988856 93.498658002815
70.707220624 93.55347319745664
70.707408023 93.55734747923862
70.707456621 93.68581196340023
70.708429465 93.71891050275863
70.708740948 93.71891050275865
70.710258729 93.7234513611091
70.711250381 93.81431827687291
71.093019398 93.81431827687292
71.513974381 93.86212723557925
71.514228689 93.91694243022089
71.514450795 93.92081671200286
71.514540873 93.94452361361785
71.51491735 93.9693665327494
71.515377576 93.99026651033074
71.515463462 94.08237973552288
71.517214412 94.08692059387334
71.518179342 94.14325848070375
71.523262723 94.16612996691822
71.538657966 94.16612996691823
72.281201268 94.21393892562457
72.281466497 94.26875412026621
72.281680337 94.27262840204818
72.281772127 94.29633530366317
72.282141797 94.32117822279471
72.282586595 94.34207820037605
72.282668025 94.43419142556819
72.282934243 94.4341914255682
72.284320831 94.43873228391867
72.285266866 94.49507017074907
72.292281965 94.50643786309851
72.29254507 94.50643786309853
72.294923611 94.51436058771853
72.314959816 94.51436058771854
72.521326268 94.51436058771856
73.023534063 94.56216954642488
73.023726259 94.64456592446348
73.02444346 94.66940884359502
73.024881727 94.69030882117636
73.024955922 94.7824220463685
73.02523584 94.78242204636851
73.030986788 94.78691937700165
73.032814857 94.7929872678306
73.032868318 94.82769929089268
73.033145245 94.8276992908927
73.034038387 94.85466848389882
73.063146713 94.85466848389883
73.190356071 94.85466848389885
73.725534763 94.90247744260519
73.725801533 94.95729263724682
73.725997537 94.96116691902881
73.72608877 94.9848738206438
73.726434337 95.00971673977533
73.726851476 95.03061671735666
73.72693892 95.12272994254882
73.732498321 95.12722727318197
73.734299793 95.168007187073
74.328326063 95.16800718707302
74.396431753 95.21581614577934
74.396833874 95.27450562220295
74.396932415 95.29821252381794
74.397246383 95.3230554429495
74.397949302 95.34395542053082
74.400436255 95.36519216784717
74.402958115 95.39951024339638
74.40308673 95.44056597635611
74.407410637 95.47114324436318
74.658746189 95.47114324436319
75.050171873 95.51895220306952
75.050591631 95.57764167949313
75.050669296 95.60134858110811
75.051008891 95.62619150023967
75.054061487 95.66832822513734
75.05654275 95.70264630068657
75.056659056 95.74370203364629
75.166376581 95.7437020336463
75.366249395 95.74370203364631
75.672896795 95.79151099235264
75.67325172 95.85020046877624
75.673328358 95.87390737039122
75.673645704 95.8987502895228
75.676963063 95.94088701442047
75.679192085 95.97520508996968
75.682421107 95.99041832498573
75.700450711 95.99041832498574
76.130257956 95.99041832498575
76.255029759 96.03822728369207
76.255375807 96.09691676011568
76.255454547 96.12062366173066
76.255790346 96.1454665808622
76.259185549 96.1876033057599
76.261429387 96.22192138130912
76.330975303 96.22192138130913
76.806601471 96.26973034001547
76.806954363 96.32841981643908
76.807043076 96.35212671805407
76.807327614 96.37696963718562
76.810101505 96.4191063620833
76.837795971 96.41910636208331
77.035504751 96.41910636208333
77.32825218 96.46691532078967
77.328592618 96.52560479721326
77.328655107 96.54931169882825
77.328943302 96.5741546179598
77.694124714 96.57415461795982
77.823620615 96.62196357666616
77.82399963 96.68065305308976
77.824054681 96.70435995470474
77.826165163 96.7241913831048
77.828456595 96.72613123767275
77.828598447 96.7591780688773
78.081693652 96.75917806887732
78.321416447 96.86567650400727
78.321484621 96.88938340562225
78.327349926 96.89378341687969
78.327402593 96.9092148340223
78.336648383 96.90921483402231
78.778580943 96.92364470092916
78.778807437 97.01571326915226
78.778866022 97.03942017076724
78.786245513 97.04382018202466
78.786990374 97.0512283281883
78.795587142 97.05122832818832
79.21050634 97.06565819509517
79.210732323 97.15772676331827
79.210779681 97.18143366493325
79.397030873 97.18143366493327
79.48608111 97.18143366493328
79.617285932 97.2292426236396
79.618448337 97.27812100145374
79.619069967 97.29859077924547
79.621481614 97.3085370215846
79.999165512 97.32296688849142
79.999218964 97.35634598029093
79.99963033 97.37584293077863
80.000898761 97.42569413589679
80.001158682 97.4256941358968
80.007903419 97.42569413589682
80.029255648 97.42569413589683
80.056986441 97.42569413589685
80.345621999 97.4487187471148
80.346166843 97.46066345225536
80.347146239 97.47030561531399
80.347250042 97.51070249822719
80.347756532 97.52238147241731
80.350423392 97.52540350613536
80.35233275 97.52621381513555
80.375622085 97.52621381513558
80.672757769 97.5740227738419
80.674270769 97.61122217746592
80.677662423 97.62592318537409
80.982681178 97.67373214408042
80.983719346 97.72261052189455
81.014053141 97.72261052189457
81.036493982 97.72261052189458
81.271116863 97.7704194806009
81.272841117 97.80761888422492
81.360735225 97.80761888422495
81.545179614 97.83064349544289
81.545587719 97.87492479341897
81.561769732 97.87492479341898
81.802700313 97.90342803207838
81.80298259 97.92273375212531
81.805576453 97.94882235876216
82.04214165 97.99663131746848
82.058098755 97.9966313174685
82.101053557 97.99663131746851
82.266353405 98.02953949691161
82.266600585 98.03160063382703
82.266783766 98.03990001860433
82.26939461 98.04201505050227
82.285263713 98.0420150505023
82.310657885 98.04201505050231
82.476484754 98.0749232299454
82.476838732 98.08528375163812
82.479514161 98.16024908854607
82.530006814 98.16024908854608
82.673460997 98.19315726798919
82.673812431 98.20351778968188
82.677767324 98.2035177896819
82.725347651 98.20351778968191
82.826786299 98.20351778968192
82.856370405 98.22654240089987
82.856898433 98.55934320203836
83.027814685 98.58236781325631
83.028354686 98.58787909009452
83.036358306 98.58787909009453
83.046013241 98.58787909009455
83.188060578 98.6109037013125
83.21819972 98.61090370131252
83.333517611 98.71439855429092
83.468337174 98.7186104405494
83.468857176 98.72206027514467
83.469392555 98.72570791593817
83.470289103 98.72736546678895
83.470365306 98.73570873840737
83.593519871 98.7486756509054
83.593870372 98.78663288455388
83.594703561 98.84185366872151
83.708790777 98.85316303036876
83.710742282 98.85482058121954
83.815440629 98.85903246747802
83.815549418 98.86612994286679
83.910319024 99.01436658074438
83.913137537 99.0143665807444
83.915876285 99.01436658074441
83.93150428 99.01436658074442
