0.00035501 46.54580358116987
0.000425684 48.24705438049316
0.000502608 48.615975578076466
0.000529993 48.78489014097685
0.001065754 48.92973057524099
0.002025072 48.97375457945588
0.002325078 49.10941013672505
0.002589028 49.19283402072042
0.003639612 49.192834020720426
0.006016154 49.30481801710189
0.008466423 49.34527579544392
0.011476746 49.34766375718109
0.011683755 49.46663091450703
0.011778327 49.59322777046696
0.012828441 49.59322777046697
0.013071845 49.84505213627995
0.025502875 50.00829151135229
0.079498674 50.19352596641482
0.07953544 50.362440529315215
0.07996927 50.50728096357934
0.080772304 50.55130496779423
0.081028061 50.68696052506339
0.081230799 50.77038440905877
0.082066383 50.77038440905878
0.083943354 50.88236840544024
0.085859516 50.922826183782256
0.088217535 50.92521414551944
0.088392563 51.04418130284538
0.088458343 51.17077815880531
0.089467294 51.42260252461829
0.090301266 51.422602524618306
0.101744823 51.516180375857225
0.102502257 51.585841899690635
0.281989804 51.60000276817548
0.282811666 51.600002768175486
0.342445807 51.61890393670882
0.343253974 51.618903936708826
0.561640511 51.61890393670883
0.582683234 51.62049303360713
0.682500231 51.62049303360715
0.703531656 51.62875810386127
0.70432325 51.62875810386128
0.802613903 51.62875810386129
0.824319536 51.63120146850547
0.825124968 51.63120146850548
0.945266335 51.63750126347682
0.946049381 51.63750126347683
1.005306625 51.637501263476835
1.006090504 51.63750126347684
1.18493285 51.652557904691676
1.185743978 51.65255790469168
1.3430667760000001 51.65255790469169
1.424907548 51.65646006725708
1.4276837740000001 51.656460067257086
1.522006025 51.65646006725709
1.543425133 51.66482379620394
1.661203627 51.66578110285148
1.661991754 51.66578110285149
1.722435119 51.6657811028515
1.7819088760000001 51.7040298997652
1.784677609 51.70402989976521
1.883053646 51.70402989976522
1.905284092 51.765942483760114
1.966975288 51.76594248376012
2.025689014 51.76955152117332
2.246233562 51.76955152117333
2.267730836 51.77190170203313
2.2685061810000002 51.771901702033134
2.327161244 51.77190170203314
2.5057719179999998 51.78699227082792
2.5085404650000003 51.78699227082793
2.603905766 51.78699227082794
2.625390501 51.86547955327206
2.779999952 51.86547955327207
2.861363818 51.93514107710546
2.921221955 51.93514107710547
3.083194566 51.937514136927206
3.0832668 52.306435334510496
3.083293041 52.47534989741088
3.08373588 52.62019033167502
3.084538486 52.66421433588991
3.084773737 52.79986989315907
3.084987717 52.88329377715445
3.085808129 52.88329377715446
3.087652943 52.99527777353592
3.090312648 53.035735551877934
3.091845406 53.03812351361512
3.091995791 53.15709067094106
3.092074038 53.28368752690099
3.097492425 53.29064047504289
3.101462209 53.69875126778631
3.1629286 53.698751267786314
3.56456751 53.69875126778632
5.939705761 53.86201352182056
5.939795862 54.23093471940385
5.93983912 54.399849282304245
5.940319292 54.54468971656837
5.941107151 54.58871372078326
5.94154988 54.807793162047815
5.94414337 54.919777158429284
5.94596831 54.9602349367713
5.948223977 54.962622898508485
5.948388861 55.08159005583441
5.9484672960000005 55.20818691179434
5.949252739 55.20818691179435
5.949431894 55.460011277607336
6.061928709 55.46001127760734
6.509546249 55.46001127760735
6.846370898 55.46236145846716
7.5027367179999995 55.462361458467164
8.743361215 55.62562371250141
8.743439978 55.99454491008471
8.743465811 56.163459472985096
8.743894101 56.30829990724922
8.744676666 56.352323911464126
8.745102663 56.571403352728666
8.745889404 56.57140335272867
8.747647015 56.683387349110134
8.749453266 56.72384512745215
8.751653099 56.726233089189336
8.751803815 56.845200246515276
8.751879946 56.97179710247521
8.752928078 57.070623702963886
8.75300664 57.10427767094674
8.753613757 57.2236214682882
10.581991299 57.22362146828821
11.488155226 57.38923390318226
11.488242481 57.75815510076556
11.490464234 57.92706966366595
11.490907394 58.071910097930086
11.491651807 58.115934102144976
11.492055648000001 58.33501354340953
11.494533352 58.446997539790985
11.498391818 58.4898432798702
11.498545519 58.60881043719613
11.498622238 58.73540729315606
11.499384325 58.735407293156065
11.503718286 58.74236024129796
11.513430581 58.880153753139865
11.519697368 58.98488147810924
14.158494452 59.150493913003295
14.158579741 59.519415110586586
14.158606055 59.68832967348698
14.159063795 59.83317010775111
14.159804099 59.877194111966
14.160246038 60.09627355323054
14.161015406 60.096273553230546
14.162795501 60.20825754961201
14.166619307 60.25110328969121
14.166779744 60.37007044701715
14.166856936 60.49666730297708
14.171900967 60.50362025111898
14.182326878 60.64141376296087
14.205138226 60.64141376296089
15.167358004 60.641413762960894
16.769339487 60.80702619785495
16.769417284 61.17594739543824
16.771309112 61.34486195833864
16.771706935 61.489702392602766
16.772410083 61.533726396817656
16.772798305 61.75280583808221
16.775187268 61.86478983446368
16.778898119 61.90763557454288
16.779033018 62.026602731868806
16.779109065 62.15319958782874
16.779843763 62.153199587828745
16.783961906000002 62.16015253597065
16.795450567 62.17494894183632
16.795537282 62.28958231886568
16.80829337 62.28958231886569
17.149852453 62.2895823188657
19.308580349 62.455194753759756
19.308667979 62.824115951343046
19.308693276 62.99303051424344
19.309157991 63.13787094850757
19.309868819 63.18189495272246
19.310294245 63.400974393987
19.311036463 63.400974393987006
19.312755768 63.51295839036847
19.316431876 63.55580413044767
19.3165948 63.67477128777361
19.316673492 63.80136814373354
19.321402026 63.80832109187544
19.33413746 63.82311749774112
19.334345769 63.83102367570821
20.08591527 63.83102367570822
21.773084092 63.996636110602275
21.773168881 64.36555730818557
21.773197624 64.53447187108596
21.773633555 64.6793123053501
21.774356504 64.72333630956498
21.774769956 64.94241575082953
21.777150174 65.054399747211
21.780802408 65.0972454872902
21.780950269 65.21621264461614
21.786370849 65.34976244871798
23.179769116 65.349762448718
24.185736527 65.51537488361205
24.18582777 65.88429608119534
24.185855624 66.05321064409574
24.18628216 66.19805107835988
24.187029938 66.24207508257477
24.187435571 66.46115452383933
24.189823431 66.5731385202208
24.193485691 66.6159842603
24.19362903 66.73495141762592
24.205421313 66.75419857481613
24.218763427 66.79965331742117
24.221013298 66.81263441573907
26.534953574 66.97824685063313
26.535035771 67.34716804821642
26.535061142 67.51608261111681
26.535476463 67.66092304538094
26.536147337 67.70494704959583
26.536551662 67.92402649086038
26.538844849 68.03601048724185
26.542360459 68.07885622732105
26.542508943 68.19782338464698
26.554581384 68.21707054183719
26.93190199 68.2170705418372
28.796440039 68.38268297673126
28.79652251 68.75160417431456
28.796548049 68.92051873721495
28.79695988 69.06535917147907
28.797601498 69.10938317569398
28.798016385 69.3284626169585
28.800254932 69.44044661333997
28.803703006 69.48329235341917
28.803959082 69.54680090477083
28.804222758 69.56741614151908
28.804546586 69.60225951074511
28.824680043 69.62150666793532
31.008097853 69.7871191028294
31.008179734 70.15604030041268
31.008205086 70.32495486331308
31.008600422 70.4697952975772
31.009291996 70.5138193017921
31.009706993 70.60011789469792
31.010397394 70.63657338972347
31.010892036 70.72121506066192
31.011929801 70.8448827394381
31.015405603 70.88772847951732
31.015628557 70.95123703086898
31.015882305 70.97185226761721
31.025152088 70.99429810209497
31.046454916 70.99429810209499
33.135342397 71.15991053698903
33.135419502 71.52883173457234
33.135444301 71.69774629747273
33.135829786 71.84258673173686
33.136465723 71.88661073595175
33.136876287 71.97290932885758
33.137528187 72.00936482388312
33.137656317 72.05881711893646
33.138061635 72.09400649482158
33.139088402 72.21767417359777
33.142423497 72.26051991367697
33.142665015 72.32402846502863
33.142934202 72.34464370177687
33.163725461 72.35120571500651
35.201361222 72.51681814990057
35.201445432 72.88573934748386
35.201471916 73.05465391038426
35.201876775 73.19949434464839
35.202525319 73.24351834886328
35.202940934 73.3298169417691
35.203577176 73.36627243679465
35.204102131 73.4509141077331
35.206512345 73.51266907035523
35.208399534 73.6174275265885
35.208631017 73.68093607794016
35.208878495 73.70155131468839
35.249104865 73.7015513146884
37.242089385 73.86716374958245
37.242173179 74.23608494716576
37.242573321 74.54983994433029
37.243195609 74.59386394854518
37.243590859 74.680162541451
37.244238011 74.71661803647655
37.244713924 74.801259707415
37.247666931 74.86301467003713
37.252135708 74.96777312627039
37.26496659 75.03128167762205
37.651365181 75.03128167762206
39.208479779 75.19689411251612
39.20855668 75.56581531009941
39.208958222 75.87957030726392
39.209542829 75.92359431147881
39.209968056 76.00989290438461
39.210567838 76.04634839941018
39.210693058 76.09580069446352
39.211082981 76.13099007034863
39.217705407 76.16850203965564
39.227921373 76.2790743230786
39.233907321 76.33620468752967
41.073821654 76.50181712242373
41.073896493 76.87073832000702
41.074304282 77.18449331717154
41.074865744 77.22851732138643
41.075284612 77.31481591429225
41.075858767 77.3512714093178
41.075987808 77.40072370437115
41.079861172 77.4279143725474
41.082882692 77.47342504956326
41.09298501 77.58399733298621
41.130104686 77.58399733298623
41.672051652 77.58399733298624
42.89121344 77.74960976788029
42.891297317 78.11853096546359
42.892273174 78.476309966843
42.892680575 78.56260855974882
42.89328053 78.59906405477437
42.893405742 78.6485163498277
42.897193211 78.67570701800398
42.900181748 78.72121769501983
42.918114218 78.76277124234811
42.918460335 78.79492897686254
42.948834007 78.79492897686255
44.647488859 78.96054141175661
44.647563479 79.3294626093399
44.648472288 79.68724161071931
44.648890441 79.77354020362513
44.64944173 79.80999569865068
44.649563529 79.85944799370402
44.653301532 79.88663866188028
44.656197579 79.93214933889614
44.665511914 79.93214933889615
46.359491197 80.09776177379021
46.359567626 80.4666829713735
46.360461895 80.82446197275291
46.36087177 80.91076056565873
46.361416326 80.94721606068428
46.361539429 80.99666835573763
46.365127957 81.02385902391389
46.367907985 81.06936970092974
46.458974215 81.06936970092976
48.014378591 81.23498213582381
48.014452573 81.6039033334071
48.015343374 81.96168233478652
48.015728264 82.04798092769234
48.016270176 82.08443642271789
48.016390709 82.13388871777123
48.019981966 82.16107938594749
48.028316299 82.16802929024666
49.501535892 82.16802929024668
49.609207337 82.33364172514072
49.609271841 82.70256292272401
49.610134193 83.06034192410343
49.611009577 83.1830960120348
49.611130637 83.23254830708814
49.614607983 83.2597389752644
49.788928024 83.25973897526441
51.076356243 83.25973897526443
51.146320034 83.42535141015847
51.14638369 83.79427260774177
51.147221962 84.15205160912119
51.148090473 84.27480569705256
51.148212711 84.3242579921059
51.774200468 84.32425799210591
52.64892656 84.48987042699997
52.649264271 84.71629093039554
52.649290669 84.72644669006932
52.649461647 84.79811951362417
52.649573797 84.85879162458326
52.649832568 85.21657062596267
52.650694036 85.33932471389404
52.668692009 85.3467063142649
54.085667554 85.88123994674226
54.086525592 86.09743836595575
54.087087897 86.23901894812167
54.088662436 86.36177303605304
54.484304394 86.36177303605305
55.508712672 86.8963066685304
55.51012012 87.11250508774388
55.513311258 87.3094169704641
55.534158945 87.349715537271
55.62133686 87.34971553727101
56.870586163 87.42315163569057
56.870761615 87.42315163569059
56.870855651 87.7519042352344
56.87113139 87.88424916974836
56.872764421 87.9753812741273
56.873568049 88.03941193394266
56.875153311 88.29735947168204
56.901873972 88.29735947168206
56.973689649 88.29735947168207
58.186481894 88.83189310415943
58.189306976 88.83591728354588
58.191314425 88.95446609753256
58.191363223 89.02392967798961
58.191638844 89.09066010703529
58.21013655 89.14770632129475
58.666455871 89.14770632129476
59.467050462 89.6822399537721
59.469474259 89.68626413315855
59.471055463 89.71289355411363
59.471779928 89.80481294714522
59.471827514 89.87427652760229
59.472099044 89.94100695664795
59.52219309 89.94100695664797
59.638924669 89.94100695664798
60.704091221 90.01444305506755
60.704333893 90.34319565461138
60.705163241 90.45899095296933
60.706302051 90.47483417495586
60.706810214 90.47956476851176
60.715809675 90.50619418946685
60.756229652 90.50619418946687
61.284001383 90.50619418946688
61.886469123 90.57963028788646
61.886710739 90.90838288743029
61.887557732 91.02417818578824
61.888641628 91.04002140777477
62.439344105 91.04002140777479
63.035410565 91.11345750619437
63.035643758 91.4422101057382
63.036445161 91.55800540409615
63.05224437 91.55800540409616
64.136658542 91.63144150251574
64.136808142 91.63144150251576
64.136909934 91.96019410205959
64.137743725 91.96279347050053
64.139819737 91.99401395410625
64.142543009 92.044932151902
64.524142945 92.04493215190202
65.200765577 92.1183682503216
65.201007941 92.44712084986544
65.201815637 92.44972021830638
65.202749431 92.48094070191212
65.206863623 92.53185889970786
65.227339893 92.53185889970787
66.217258349 92.60529499812745
66.217528482 92.93404759767128
66.218335582 92.93664696611224
66.219328808 92.96786744971796
66.225020503 92.97370573855726
66.225174984 92.98158590970512
66.226967483 92.9973286388719
67.197526894 93.0707647372915
67.197767961 93.39951733683534
67.198529344 93.40211670527628
67.199516134 93.43333718888202
67.205100444 93.4391754777213
67.205248917 93.44705564886918
68.152186579 93.52049174728874
68.152429274 93.84924434683258
68.15321483 93.85184371527353
68.15412095 93.88306419887925
68.161450501 93.88890248771855
68.166344151 93.89678265886643
68.647801329 93.89678265886644
69.057451518 93.970218757286
69.058168627 94.19801815000005
69.058342825 94.27619968005388
69.058420236 94.30157072527079
69.059775417 94.33279120887651
69.112064356 94.33279120887653
69.233570803 94.33279120887654
69.922525844 94.4062273072961
69.923224689 94.63402670001015
69.923402228 94.71220823006396
69.923476784 94.73757927528088
69.953742165 94.7375792752809
70.206667639 94.73757927528091
70.751280741 94.81101537370047
70.751973672 94.82745408685946
70.752410376 94.86153978205593
70.752748801 94.90208467269218
70.754783113 94.95989707998325
70.756275522 95.03978676328637
70.766160021 95.11882594674799
70.807913988 95.118825946748
71.149118021 95.11882594674802
71.552026252 95.19226204516758
71.552684822 95.20870075832657
71.553024878 95.24278645352304
71.553287037 95.2833313441593
71.555320861 95.34114375145036
71.556798934 95.42103343475348
71.619028688 95.4210334347535
72.13897521 95.42103343475351
72.323015191 95.43539109743212
72.32313827 95.49446953317309
72.324483967 95.51090824633208
72.324611014 95.54924849127171
72.326390115 95.64335123945585
72.328383861 95.72324092275899
72.450654413 95.723240922759
73.054639516 95.73759858543761
73.054916581 95.77774648913775
73.05601195 95.81311573433756
73.056132202 95.85145597927719
73.058288115 95.85329314966603
73.058652626 95.85329314966604
73.06015349 95.90332914129708
73.06017718 95.90873721501234
73.06416076 95.92543043453732
73.06438101 95.93724842252574
73.149339485 95.93724842252576
73.753029642 95.95160608520438
73.753150162 95.97854376765805
73.753310901 95.9917539889045
73.753530306 96.02712323410432
73.753929326 96.06120892930078
73.754503166 96.06546347904396
73.756520648 96.0673006494328
73.757945041 96.21108553668212
73.803002083 96.21108553668213
74.426385075 96.22544319936075
74.426620426 96.2655911030609
74.426938182 96.3009603482607
74.427228233 96.33504604345717
74.42749279 96.33930059320033
74.429757369 96.34113776358919
74.432883581 96.34931889389419
74.434346386 96.36821460677021
74.435448552 96.39658182893548
74.926228086 96.3965818289355
75.067974564 96.41093949161412
75.068222584 96.45108739531426
75.068501813 96.48645664051406
75.068799217 96.52054233571053
75.069027219 96.5247968854537
75.071203598 96.52663405584254
75.071548018 96.52663405584255
75.073940188 96.53481518614755
75.075451362 96.55371089902357
75.680397035 96.56806856170219
75.68064452 96.60821646540234
75.681627432 96.64358571060214
75.681751851 96.68192595554179
75.683677959 96.68376312593062
75.686219878 96.69194425623563
75.692633872 96.69194425623564
76.270782054 96.70630191891425
76.271038516 96.74644982261441
76.272007773 96.78181906781421
76.272133632 96.82015931275386
76.274302099 96.8219964831427
76.616615267 96.82199648314271
76.827073235 96.83635414582132
76.827306436 96.87650204952146
76.827564713 96.91187129472127
76.827852789 96.94595698991773
76.828064035 96.95021153966091
77.330486616 96.95021153966093
77.351663627 96.96456920233953
77.351908984 97.00471710603968
77.352316258 97.03914813537354
77.352439124 97.07417204643595
77.361435981 97.07464632618674
77.368073824 97.07464632618677
77.84762823 97.08900398886537
77.847863087 97.12915189256552
77.84824858100001 97.16358292189938
77.848373879 97.19860683296179
77.887262483 97.1986068329618
78.353633777 97.2129644956404
78.353904814 97.25311239934057
78.354195213 97.28491802046729
78.354972968 97.2862428509858
78.355611824 97.29643297397132
78.360897262 97.3219483301335
78.411887227 97.32194833013351
78.807892103 97.33630599281211
78.808125506 97.37645389651227
78.808379447 97.408259517639
78.809136105 97.40958434815751
78.80973384 97.41977447114301
78.815063634 97.42555348973619
78.815723939 97.44296401111478
78.844060622 97.4429640111148
78.87005891 97.44296401111481
79.237467075 97.45732167379342
79.23767743 97.49746957749356
79.238805381 97.5306000291388
79.241771922 97.54048304839436
79.242403511 97.54079015212432
79.243982521 97.54656917071748
79.244824898 97.54907567417976
79.458115904 97.54907567417978
79.645596949 97.56343333685837
79.645803379 97.60358124055853
79.646721409 97.63671169220376
79.649512497 97.64659471145933
79.650152563 97.64690181518928
79.658170653 97.6469018151893
79.796458441 97.64690181518931
80.028695425 97.6612594778679
80.02889599 97.70140738156806
80.029788933 97.7345378332133
80.032824341 97.74442085246883
80.034238317 97.74442085246886
80.088146403 97.74442085246888
80.37606445 97.7587785151475
80.376254603 97.79892641884763
80.37708228 97.83205687049286
80.382278687 97.83494437447924
80.638102616 97.83494437447925
80.70484637 97.84930203715786
80.705012815 97.889449940858
80.70522227 97.92125556198472
80.705831164 97.92258039250324
80.709583516 98.0048213466256
80.735624062 98.00482134662562
81.015580241 98.01917900930422
81.015753487 98.05932691300436
81.016566133 98.09245736464959
81.02270412 98.09245736464962
81.307364904 98.10681502732822
81.307538764 98.14696293102838
81.311674715 98.17057925548905
81.312308708 98.17608872426467
81.312485907 98.1787685521551
81.35701808499999 98.17876855215512
81.581714112 98.19312621483373
81.581886033 98.23327411853388
81.585914431 98.25689044299455
81.586458371 98.26239991177017
81.596945095 98.26239991177019
81.777095005 98.2623999117702
81.839340884 98.27675757444881
81.839487797 98.31690547814895
81.844229136 98.34052180260962
81.848416781 98.34052180260963
81.940619443 98.34052180260964
82.081183578 98.35487946528825
82.081344712 98.39502736898841
82.149715352 98.39502736898842
82.306404438 98.40938503166704
82.306595612 98.40938503166706
82.307789413 98.42666876601359
82.517697757 98.44102642869221
82.521086082 98.45481069262105
82.572750636 98.45481069262107
82.716840427 98.45645826211575
82.716905958 98.46916835529967
82.737522753 98.46916835529969
82.737676247 98.4691683552997
82.900255299 98.49956364303331
82.915249271 98.49956364303333
82.942071573 98.49956364303334
83.073847192 98.501211212528
83.13084674 98.50121121252802
83.636448085 98.6287768009703
83.636489565 98.72019878850395
83.662210529 98.72019878850396
83.856786384 98.8502424588856
83.89713298 98.85024245888562
83.949832483 98.85024245888563
84.040417203 99.00882693509898
84.070387561 99.008826935099
84.256806202 99.10074706625102
84.274881239 99.10074706625103
84.306130875 99.10074706625105
