0.000361958 44.029205851050996
0.00045447 44.32278141502792
0.000574816 44.86368046609011
0.001161841 44.87101590269637
0.002419818 45.058585416268485
0.003012712 45.277606908934246
0.016470493 45.375420075875276
0.078902339 45.63425056410045
0.078941252 45.92782612807737
0.079030563 46.46872517913956
0.079495502 46.476060615745816
0.080492223 46.66363012931794
0.080968497 46.8826516219837
0.09133575 46.98046478892473
0.213739763 46.99850876228102
0.274512737 46.99850876228103
0.573384824 47.00971731415975
0.814603364 47.013140275364115
1.054815468 47.02163921703918
1.4457632999999999 47.076610977056426
1.645267879 47.089250630211566
1.7632682800000001 47.094225125770905
2.001320903 47.1341504520567
2.120071743 47.13415045205671
2.238832479 47.142032538355004
2.33354217 47.14203253835501
2.511809982 47.15980995661694
2.710442283 47.17203025385018
3.054468928 47.66989027360287
3.054519498 47.96346583757978
3.054620031 48.50436488864198
3.055098845 48.51170032524824
3.056090594 48.699269838820356
3.061862803 48.73194532525975
3.066460221 48.87861500651258
3.102033935 48.89083530374582
3.160589707 48.890835303745824
3.871164492 48.90076291453644
3.871413468 48.91854033279838
3.90728471 48.930760630031614
4.023353132 48.93076063003162
4.080142513 48.93076063003163
4.827092403 48.93864271632991
4.883670786 48.93864271632993
5.284723557 48.95642013459186
5.398962298 48.956420134591866
5.925596776 49.506425777863576
5.925647398 49.8000013418405
5.925747357 50.34090039290269
5.926241996 50.34823582950895
5.927207434 50.535805343081066
5.931668346 50.64956567992724
5.937100203 50.697373092511356
5.9373141910000005 50.715150510773285
6.314250923 50.71515051077329
8.723602104 51.29081565860525
8.72366085 51.58439122258216
8.723801853 51.986190187499965
8.725899489 52.03750722045971
8.725928845 52.13262571025062
8.72685414 52.320195223822736
8.731161377 52.43395556066891
8.757258532 52.47388088695471
10.259233606 52.47388088695472
11.472396756 53.049546034786665
11.472450715 53.34312159876359
11.472594315 53.74492056368139
11.473047624 53.79623759664113
11.473075977 53.89135608643203
11.474044594 54.078925600004155
11.478374655 54.19268593685033
11.586076649 54.19268593685034
14.14044393 54.76835108468229
14.140495125 55.0619266486592
14.14063089 55.463725613577004
14.14105887 55.51504264653674
14.141086493 55.610161136327655
14.142020536 55.79773064989977
14.146283653 55.911490986745946
14.260628673 55.91149098674595
16.736365334 56.48715613457791
16.736424947 56.780731698554824
16.736566773 57.182530663472626
16.737005964 57.23384769643236
16.737033091 57.32896618622327
16.737944261 57.51653569979539
16.743135789 57.54921118623478
16.743895492 57.549211186234785
19.262731682 58.12487633406674
19.262786482 58.41845189804366
19.262920142 58.82025086296146
19.265313145 58.871567895921196
19.265339181 58.9666863857121
19.266192633 59.15425589928423
19.271168855 59.18693138572361
19.331046461 59.18693138572362
21.728279404 59.762596533555566
21.728348336 60.05617209753249
21.728495033 60.45797106245029
21.728943338 60.50928809541003
21.72897016 60.604406585200934
21.729889827 60.79197609877306
22.20658051 60.79197609877307
24.106779961 61.36764124660501
24.106838497 61.661216810581934
24.106972796 62.06301577549973
24.107386085 62.11433280845948
24.107411607 62.209451298250386
24.108285149 62.397020811822514
24.222030618 62.39702081182252
26.433043812 63.10441911154386
26.433098167 63.266261523631385
26.433231677 63.66806048854918
26.433634993 63.71937752150893
26.433662692 63.81449601129983
26.437613878 63.85147547551596
26.446809654 63.85534302729634
26.452410562 63.89947688394829
26.458252828 63.90072874900323
27.324256512 63.900728749003235
28.70733096 64.6081270487246
28.707393477 64.7699694608121
28.707536213 65.17176842572991
28.707971269 65.22308545868964
28.707997508 65.31820394848056
28.721007456 65.35905096447705
28.728162401 65.38584777090577
28.741516312999998 65.39020065140997
30.968099272 66.09759895113132
30.968149409 66.25944136321884
30.968284793 66.66124032813664
30.968685912 66.80767585088729
30.981517246 66.8485228668838
30.987764767 66.8753196733125
31.003712419 66.87531967331252
33.163979958 67.58271797303387
33.16403849 67.74456038512137
33.164175979 68.14635935003918
33.164591319 68.29279487278983
33.176982396 68.33364188878633
33.748089868 68.33364188878635
35.387303355 69.04104018850768
35.387360075 69.2028826005952
35.387498075 69.604681565513
35.387932199 69.75111708826365
35.419924665 69.7546691405926
35.914499603 69.75466914059261
37.417184335 70.46206744031396
37.41723511 70.62390985240148
37.417365701 71.02570881731927
37.417773169 71.11407388354651
37.419324707 71.12772369468621
37.429874605 71.12772369468622
37.435463091 71.16106715091284
37.899676749 71.16106715091286
38.38858746 71.16106715091287
39.447838884 71.8684654506342
39.447890416 72.03030786272173
39.448023109 72.43210682763953
39.44841368 72.52047189386677
39.450591767 72.53412170500647
39.481833508 72.53412170500648
41.321181424 73.24152000472783
41.321248053 73.40336241681536
41.321385765 73.80516138173314
41.321787588 73.89352644796038
43.185652939 74.60092474768172
43.185702967 74.76276715976924
43.185829496 75.16456612468704
43.186228117 75.2109023347709
44.125996592999996 75.21090233477092
44.929350173 75.37896946446338
44.92950204 75.73919802680922
44.932549535 75.90269477082416
44.932990328 75.98955514516283
44.933234148 76.02129656129058
44.933451232 76.39992451231105
44.949127018 76.43571852960807
46.642568116 76.60378565930051
46.642832111 76.96401422164638
46.644042602 77.12751096566129
46.645581827 77.27155962154234
46.646267371 77.47403010714973
46.648858313 77.56298461164175
46.648957272 77.59755252807835
46.660020214 77.60237029102049
46.660411975 77.66053472444518
46.71013835 77.6605347244452
48.302943323 77.82860185413764
48.303187087 78.1888304164835
48.304355704 78.35232716049842
48.306005662 78.44513776698477
48.306475915 78.69884630198688
48.309094078 78.82236872291548
48.328300581 78.84955690198532
49.124588151 78.84955690198534
49.899958934 79.02238214192276
49.900157754 79.11406268146823
49.900400335 79.34672278198984
49.902065345 79.39183418849692
49.902589596 79.445404350103
49.903469764 79.887868479527
49.906087198 80.01139090045561
49.937877963 80.01139090045562
51.444109974 80.17945803014807
51.444351554 80.53968659249392
51.446197129 80.5536681869672
51.446701125 80.60723834857329
51.447638661 80.93028760181218
51.448136067 81.04970247799729
51.464733892 81.1732248989259
52.941216342 81.34129202861833
52.941468322 81.70152059096418
52.943780531 81.76907234704356
52.944686804 82.09212160028244
52.955209928 82.1710356665122
53.215116231 82.17103566651222
54.38129737 82.33910279620466
54.381664397 82.44689821619572
54.381906096 82.63821149929382
54.382106324 82.69933135855051
54.383831336 82.76688311462989
54.384748485 83.08993236786877
54.395045811 83.16884643409853
54.73153363 83.16884643409854
55.776922654 83.34167167403595
55.777150721 83.43335221358141
55.777395698 83.66601231410303
55.778655193 83.71371364178395
55.779448224 83.76469388221619
55.780324066 84.08774313545507
55.780897743 84.08774313545509
56.24105222 84.0877431354551
56.834658509 84.08774313545511
57.136683688 84.25581026514756
57.137028503 84.36360568513861
57.137265195 84.55491896823672
57.13951917 84.6290546019324
57.1396181 84.68359058357278
57.142908058 84.91272295024424
57.155150217 84.94300147693983
57.162265347 85.00663983681167
58.463552369 85.17470696650412
58.463920931 85.28250238649515
58.464163786 85.47381566959328
58.466418842 85.54795130328897
58.469621024 85.8316196516008
58.481884818 85.8618981782964
59.737293849 86.02996530798886
59.737898958 86.32907401107802
59.740103409 86.40320964477372
59.743229065 86.68687799308556
59.758876374 86.71592677717517
60.974320498 86.88399390686762
60.974671275 86.99178932685867
60.974895783 87.18310260995678
60.980025807 87.54090659196432
60.986224547 87.54090659196433
62.166580945 87.70897372165679
62.167092768 88.00808242474595
62.174238915 88.15910380531086
62.174627261 88.2584286554905
62.178099969 88.3055636222986
62.182587095 88.3550723525819
62.190282685 88.36588640675346
62.248316056 88.36588640675348
63.321432994 88.5339535364459
63.321927076 88.83306223953508
63.327627735 88.9840836201
63.331393769 89.13054343708774
63.33584132 89.18005216737104
64.419717557 89.34811929706349
64.420077155 89.45591471705455
64.420293119 89.64722800015267
64.425731338 89.79824938071758
64.429958092 89.94470919770532
64.74931189 89.94470919770534
65.48413008 90.1127763273978
65.484627562 90.41188503048696
65.489982402 90.56290641105188
65.494417733 90.70936622803961
66.310385427 90.70936622803963
66.506303213 90.87743335773207
66.506797351 91.17654206082123
66.51203339 91.32756344138616
66.524738336 91.42858897526746
67.493788817 91.42858897526747
67.517051345 91.59665610495992
67.517719887 91.70445152495097
67.522138822 91.73515379436112
67.522483289 91.73515379436114
67.522670754 92.04678618861399
67.536537173 92.046786188614
68.441118838 92.04678618861402
68.460999721 92.21485331830647
68.461649855 92.32264873829752
68.46586385 92.35335100770769
68.466377519 92.66498340196055
69.362594558 92.833050531653
69.363230142 92.94084595164405
69.367365066 92.97154822105422
69.370535122 93.014482373878
69.37061883 93.15228731723239
69.370688236 93.16289160743366
69.375715588 93.16289160743368
70.232059548 93.33095873712612
70.232716768 93.43875415711717
70.236800425 93.46945642652734
70.239978349 93.51239057935112
70.243686024 93.61467586687877
70.243932961 93.65019552270553
70.652873764 93.65019552270554
71.068983307 93.81826265239799
71.06959508 93.92605807238904
71.073581361 93.9567603417992
71.073886133 93.95676034179921
71.076977972 93.99969449462299
71.080120178 94.10197978215064
71.098633285 94.10197978215065
71.865903478 94.27004691184308
71.866496303 94.37784233183413
71.870312527 94.40854460124429
71.870619744 94.4085446012443
71.873199474 94.45147875406808
71.880933882 94.53119550736452
72.002661131 94.53119550736453
72.502318368 94.53119550736454
72.625257501 94.69926263705698
72.62725066 94.74968643046954
72.629600006 94.83776032645818
72.62991795 94.8377603264582
72.636251346 94.87703028967628
72.753578473 94.8770302896763
73.23200479 94.87703028967631
73.352650557 95.04509741936876
73.35461845 95.09552121278132
73.356831426 95.18359510876996
73.371406176 95.18359510876999
74.049589488 95.35166223846244
74.051474597 95.40208603187499
74.055207058 95.4623308369879
74.055544626 95.46233083698792
74.069104474 95.46233083698793
74.715079959 95.63039796668038
74.716966014 95.68082176009293
74.721519554 95.69997659374742
74.724781531 95.73114302250296
74.728566912 95.74106656520584
74.734003066 95.74106656520586
75.351651261 95.9091336948983
75.353466644 95.95955748831085
75.357728004 95.97871232196535
75.387033501 95.97871232196536
75.954020573 96.14677945165782
75.964099451 96.1663724765302
75.966039712 96.16637247653021
76.532388565 96.33443960622267
77.085718658 96.4112358992769
77.08637268 96.43479973264559
77.086606964 96.48972624996729
77.607417837 96.56652254302152
77.608002249 96.60336783420132
77.614707773 96.62577931354778
77.615055377 96.64033505766291
78.10206471 96.71713135071712
78.102688651 96.74069518408581
78.104699778 96.74269328205702
78.106223825 96.75397664189694
78.111066116 96.7763881212434
78.579973473 96.85318441429762
78.580569169 96.89002970547742
78.587023262 96.97283919977761
78.605167689 96.97283919977762
78.975631203 96.97283919977764
79.033224044 97.04963549283184
79.033828881 97.07319932620052
79.034392884 97.07519742417173
79.035800352 97.08648078401164
79.051311941 97.08648078401166
79.141193885 97.08648078401167
79.460940176 97.16327707706587
79.461534917 97.18684091043455
79.462095069 97.18883900840576
79.575571798 97.18883900840578
79.791822706 97.1888390084058
79.866514895 97.26563530146001
79.866876402 97.28648490418195
79.867100451 97.28919913482869
80.175709057 97.2891991348287
80.246939856 97.36599542788292
80.247279038 97.38684503060489
80.589887327 97.46364132365912
80.593252656 97.47827930621017
80.594510719 97.49331618554427
80.597086606 97.49331618554429
80.630668889 97.4933161855443
80.916624186 97.56533306653577
80.917786046 97.57011247859853
80.919737546 97.58475046114958
81.219888386 97.66154675420378
81.223351689 97.69807887658618
81.509893912 97.7748751696404
81.598848713 97.77487516964041
81.782501993 97.84689205063188
81.783785286 97.90049006224064
81.784003509 97.91461955472627
82.042421045 98.04997197639648
82.281243786 98.1053118386869
82.282672378 98.12198885738795
82.335262165 98.12198885738798
82.504339448 98.14228903757481
82.504578893 98.22710199701793
82.715299788 98.28244185930835
82.908783891 98.33291629871668
82.929660915 98.33291629871671
83.091977973 98.35170786542085
83.166753855 98.35170786542088
83.261641154 98.46107975736733
83.262571076 98.6691048725409
83.264965992 98.66910487254091
83.287907645 98.66910487254093
83.321449275 98.66910487254094
83.417182725 98.71605421400535
83.423339528 98.71605421400538
83.438636362 98.7160542140054
83.482681605 98.71605421400541
83.697680537 98.72377674310876
83.698743278 98.72377674310879
83.718075904 98.7237767431088
83.810894619 98.72377674310881
