0.000354002 45.8409006554906
0.000443112 46.08977253258671
0.000486002 47.185244450297205
0.000739378 47.43663807415197
0.006917318 47.608087609118385
0.007053004 47.74199974771189
0.007295913 47.80165769647917
0.052808139 47.804165663982275
0.079202018 48.788252463348655
0.079405976 49.03964608720344
0.084248172 49.21109562216985
0.084358733 49.34500776076334
0.084556172 49.40466570953063
0.120306056 49.40717367703374
0.205386101 49.40780730479638
0.241737661 49.410315272299485
0.446167488 49.412035580069485
0.517517038 49.4277999854539
0.539391443 49.43420553070696
0.540695642 49.43671349821007
0.755408318 49.44015707897347
0.780290229 49.44907059172964
0.840085148 49.45068442206272
0.96102781 49.451554365010196
1.019454767 49.45155436501021
1.045308619 49.46563935652284
1.10516928 49.46732602217642
1.140377816 49.46983398967953
1.235647951 49.473108112187404
1.26030804 49.48202162494357
1.318171837 49.482021624943584
1.3776691730000001 49.482675037632134
1.401565772 49.493881285305704
1.436041182 49.4963892528088
1.49562226 49.49638925280881
1.52100894 49.49773447383069
1.64171416 49.49792837661316
1.6765120329999998 49.50043634411625
1.736135134 49.50043634411627
1.877812644 49.5082735687386
1.938223683 49.51954768816486
2.059663192 49.54787000983835
2.12028873 49.54787000983836
2.181134384 49.56811766930046
2.216732767 49.570625636803555
2.397484746 49.57062563680357
2.45822224 49.57127252540616
2.519330171 49.57127252540617
2.5446061760000003 49.58602476964086
2.5789713880000003 49.58853273714395
2.640999473 49.588532737143964
2.6765389170000002 49.605888992969
2.6993316099999998 49.61229453822206
2.700558304 49.614802505725166
2.787680258 49.621370072814685
2.8225382420000003 49.62387804031779
2.943019462 49.63028358557084
3.001287976 49.63028358557085
3.080176974 49.69385198208391
3.080222459 50.7893238997944
3.080441055 51.040717523649164
3.085210367 51.21216705861558
3.08532036 51.346079197209065
3.085519166 51.40573714597636
3.119870455 51.40824511347947
3.234901921 51.40824511347948
3.463771332 51.414650658732526
3.578285621 51.41465065873254
4.118044707 51.43200691455756
4.15173512 51.43451488206067
4.267010041 51.43451488206068
4.61227112 51.44092042731374
5.071460008 51.44999596190635
5.301622297 51.44999596190637
5.9511392050000005 51.5487476397568
5.951203416 51.718430916429924
5.951243784 52.201739108555785
5.95134116 52.30901718595949
5.95143727 52.35816760471994
5.951478163 52.89561318132206
5.9606548440000005 52.98877350954221
5.960831046 53.03752289511213
5.963159968 53.081903583088604
5.9635552910000005 53.11302425571054
5.974199134 53.21888195522237
5.989387235 53.26063280364926
8.763641329 53.37486556134536
8.763697425 53.544548838018486
8.763734744 54.02785703014435
8.763823156 54.13513510754805
8.763913586 54.1842855263085
8.763951263 54.721731102910624
8.773025111 54.814891431130775
8.773199276 54.86364081670071
8.775450637 54.90802150467718
8.775812075 54.939142177299104
8.786430224 55.044999876810934
9.060553832 55.04499987681095
11.500540059 55.15923263450705
11.500621484 55.812224103306036
11.500712531 55.91950218070974
11.500804833 55.96865259947019
11.50084295 56.506098176072314
11.509626542 56.599258504292465
11.509794432 56.6480078898624
11.511994322 56.69238857783887
11.512389742 56.72350925046079
11.886510097 56.72350925046081
14.171558061 56.83774200815691
14.17161766 57.007425284830035
14.171656992 57.490733476955896
14.171746594 57.5980115543596
14.171842201 57.64716197312005
14.171883026 58.18460754972217
14.180617442 58.277767877942324
14.180793246 58.32651726351226
14.18687005 58.370028008541254
16.764785019 58.484260766237355
16.764847522 58.65394404291048
16.764884338 59.13725223503634
16.766772102 59.24453031244005
16.766860927 59.293680731200496
16.766898113 59.83112630780262
16.775202502 59.92428663602277
16.775369617 59.973036021592705
16.786817958 59.97617761685845
17.040007969 59.976177616858465
19.285033986 60.090410374554565
19.285088675 60.26009365122769
19.28512661 60.74340184335355
19.285216507 60.85067992075726
19.285307928 60.899830339517706
19.28534723 61.43727591611983
19.293766687 61.53043624433998
19.293936644 61.5791856299099
19.294646777 61.579185629909915
21.721342922 61.69341838760603
21.721400035 61.86310166427916
21.721436773 62.34640985640502
21.721521696 62.45368793380872
21.721609848 62.50283835256917
21.72168456 62.52371214042107
21.721732382 62.6825066693486
21.721804711 62.74299444070628
21.72198279 63.012602170797436
21.722407025 63.040283929171295
21.730013833 63.133444257391446
21.730188874 63.182193642961366
21.844302402 63.18219364296138
24.08275511 63.29642640065748
24.082843957 63.94941786945647
24.082936898 64.05669594686017
24.083032181 64.10584636562064
24.083071539 64.64329194222276
24.10187291 64.73820933263943
24.106473154 64.7672900946126
24.201634811 64.76729009461262
26.403001502 64.88152285230872
26.403055132 65.05120612898185
26.403091099 65.53451432110771
26.403176183 65.64179239851141
26.403262433 65.69094281727187
26.403338605 65.71181660512376
26.403389232 65.8706111340513
26.403626181 66.20070663550013
26.404035736 66.22838839387398
26.426254995 66.28468406097596
26.426284458 66.35238654626384
28.652546547 66.46661930395996
28.652623251 67.11961077275895
28.652709214 67.22688885016265
28.65279708 67.2760392689231
28.652834293 67.81348484552522
28.676399514 67.8404804269286
28.763864015 67.84048042692861
30.844022057 67.95471318462472
30.84410285 68.60770465342371
30.844188843 68.71498273082742
30.844277779 68.76413314958786
30.84435325 68.78500693743976
30.844414608 68.83624056692456
30.844618318 69.27389696781613
30.845040737 69.30157872618999
30.887895765 69.30157872619
32.992345699 69.45810210660608
32.992536544000004 69.84091757137944
32.992723846 70.16811526943641
32.99484219 70.22040286833669
32.994907989 70.26454135994618
32.995282856 70.37630600950241
33.003941704 70.39593058387803
33.004126832 70.67574348256217
33.009795659 70.7126935229004
33.024424279 70.73499526707751
33.922299381 70.73499526707752
35.044856465 70.88619039715768
35.044934641 71.32285474245961
35.046416121 71.38451784315497
35.046908233 71.48488338406982
35.0474274 71.6538194092242
35.047490335 71.69795790083369
35.050513308 71.70237071384877
35.051411313 71.71798868213578
35.056386439 71.82934712476553
35.056582501 72.10916002344966
35.062204567 72.14611006378787
35.71121441 72.14611006378789
36.778644612 72.1461100637879
37.03940187 72.29730519386806
37.039469 72.73396953916999
37.040694191 72.79563263986535
37.041198821 72.89599818078018
37.041692213 73.06493420593456
37.041756615 73.10907269754405
37.04241679 73.10907269754406
37.044754745 73.11348551055913
37.045639419 73.12910347884616
37.050422177 73.2404619214759
37.050620362 73.52027482016003
37.058626257 73.5460640606902
37.061307001 73.55259088922368
37.338425785 73.5525908892237
38.982452784 73.70911426963976
38.982602308 74.09192973441313
38.9827597 74.41912743247008
38.984553018 74.47141503137037
38.984618737 74.51555352297986
38.987580164 74.51996633599494
38.988456938 74.53558430428195
38.993238833 74.6469427469117
38.993424994 74.92675564559582
38.993975529 74.92675564559583
39.001394816 74.95254488612599
39.00193311 74.952544886126
39.378927872 74.95254488612602
40.093535098 74.95254488612603
40.872825847 75.49188373131547
40.872971063 75.81908142937243
40.874704915 75.87136902827272
40.874768028 75.91550751988221
40.87766891 75.91992033289729
40.878528851 75.93553830118431
40.883395775 76.32670964249819
40.89104926 76.35249888302836
42.688809131 76.5090222634444
42.689776897 76.86072890512716
42.691053248 77.0020214591058
42.69120835 77.00756322429598
42.691513775 77.10238700002066
42.691994615 77.27132302517501
42.692054858 77.31546151678452
42.694774979 77.31987432979957
42.695306919 77.31987432979959
42.700280172 77.40663459895916
42.700339116 77.4590095833116
42.704546583 77.49596545789069
42.70507299 77.4959654578907
42.714358174 77.49596545789072
42.717185942 77.49596710031692
44.177682146 77.49596710031693
44.473976221 77.62061503581867
44.474166128 77.65249048073298
44.474817569 78.00419712241572
44.474948305 78.14548967639436
44.475095443 78.15103144158456
44.475411803 78.24585521730924
44.475894973 78.41479124246362
44.475959094 78.45892973407311
44.478683557 78.46334254708819
44.484200244 78.60247780060018
44.4882771 78.6394336751793
45.320989477 78.63943367517932
46.205341732 78.76408161068106
46.205531534 78.79595705559538
46.20615121 79.1476636972781
46.206282149 79.28895625125675
46.206725437 79.38932179217161
46.207188813 79.558257817326
46.207253695 79.60239630893548
46.209906255 79.60680912195056
46.21535148 79.74594437546257
46.219386628 79.78290025004168
47.874921637 79.90754818554343
47.875102951 79.93942363045774
47.877279577 80.29113027214048
47.877410107 80.43242282611912
47.87781933 80.53278836703397
47.878271437 80.70172439218835
47.878335243 80.74586288379784
47.878931325 80.74586288379787
47.886110099 80.88941095032494
48.031553071 80.88941095032497
49.470213241 81.04593433074102
49.471078789 81.39764097242376
49.471221771 81.5389335264024
49.471654149 81.63929906731725
49.472108457 81.67449130400381
49.47214403 81.7188521771145
49.472166102 81.85237358408112
49.504050311 81.85237358408115
50.307344315 81.85237358408116
51.024014828 81.97702151958289
51.024196304 82.0088969644972
51.024790106 82.36060360617994
51.024922866 82.50189616015858
51.025349059 82.60226170107346
51.028316161 82.66418622972573
51.028627806 82.77232676981232
51.036291495 82.81533621783733
51.335156882 82.81533621783736
52.508074316 82.9399841533391
52.508262034 82.9718595982534
52.508800841 83.32356623993611
52.509073461 83.33027279217502
52.509353443 83.56522433482964
52.511984008 83.62714886348193
52.512311568 83.7352894035685
52.646895899 83.73528940356853
53.945210822 83.85993733907027
53.945401024 83.89181278398458
53.947523407 84.24351942566732
53.947786218 84.25022597790623
53.948057845 84.48517752056084
53.950590984 84.54710204921311
53.953699655 84.54886097369221
53.962992458 84.56547369860898
54.160202755 84.565473698609
55.363312243 84.69012163411075
55.363509183 84.72199707902506
55.364027314 85.07370372070777
55.364308392 85.08041027294668
55.364602893 85.31536181560126
55.367117774 85.37728634425356
55.560626574 85.37728634425359
56.715605835 85.50193427975533
56.715797522 85.53380972466967
56.716319472 85.88551636635238
56.716571803 85.89222291859129
56.716843032 86.12717446124587
56.796865151 86.1271744612459
58.027805349 86.25182239674767
58.027985836 86.28369784166198
58.028709236 86.4120289942663
58.028753092 86.43703524081444
58.029173077 86.47906960354221
58.032361589 86.51728552327513
58.03258009 86.60853245914366
58.033529597 86.63540448334469
58.034389877 86.8363014167155
58.060241803 86.83630141671553
59.307285636 86.96094935221727
59.307476614 86.99282479713158
59.309752628 87.12115594973592
59.309789705 87.14616219628407
59.310124833 87.18819655901184
59.313292113 87.31765941461329
59.314201282 87.34453143881431
59.31720673 87.52544546517073
60.530301567 87.65009340067249
60.530495742 87.68196884558681
60.53098755 88.03367548726953
60.531218969 88.18050980643838
60.53837818 88.21458951362594
61.706523506 88.33923744912771
61.706723554 88.37111289404201
61.707197895 88.72281953572474
61.70742974 88.86965385489358
61.744772494 88.8696538548936
62.847209032 88.99430179039534
62.847370142 89.02617723530966
62.848435796 89.0907696679479
62.850957225 89.13825125611439
62.851772859 89.27897114658383
62.853313608 89.36280988828631
62.8560316 89.44054594594796
62.856763859 89.45713665335767
62.866806216 89.45713665335768
63.742857885 89.4571366533577
63.941202689 89.58178458885943
63.941364053 89.61366003377375
63.941967564 89.74199118637807
63.942005348 89.76699743292625
63.945398358 89.86645394504792
63.946968922 89.9502926867504
63.949674463 90.02802874441205
63.962480569 90.02802874441207
64.801990188 90.02802874441208
64.991336736 90.15267667991384
64.991508544 90.18455212482814
64.992089126 90.31288327743248
64.992125711 90.33788952398064
64.99552506 90.43734603610231
64.996988887 90.52118477780479
64.999643403 90.59892083546644
65.032497931 90.59892083546646
66.010872015 90.72356877096821
66.011038406 90.75544421588252
66.011633978 90.88377536848684
66.011660338 90.90878161503501
66.014937538 91.00823812715669
66.022562259 91.03258951501302
66.023629764 91.04353479291613
66.023871957 91.1185142951415
66.039225462 91.11851429514151
67.011279149 91.24316223064326
67.011427766 91.27503767555757
67.012277311 91.33963010819582
67.014523203 91.38711169636231
67.015281195 91.52783158683174
67.023297832 91.55218297468808
67.024467689 91.57878584875722
67.270489791 91.57878584875724
67.982383358 91.70343378425898
67.98253118 91.73530922917328
67.983346348 91.79990166181153
67.985839985 91.84738324997802
67.986229187 91.98810314044745
67.997018194 92.02339980620691
68.015557897 92.02339980620692
68.892877933 92.14804774170867
68.893130455 92.15950498010147
68.893814766 92.24451561926122
68.896253163 92.29199720742771
68.896649253 92.43271709789714
68.90899246 92.4570684857535
68.92135339 92.45706848575351
69.769728472 92.58171642125525
69.769973727 92.59317365964804
69.770401606 92.74192301877389
69.773406425 92.86638577744372
69.785964288 92.86638577744374
70.121733382 92.86638577744375
70.598963576 92.99103371294551
70.599824706 93.08750159049806
70.601873769 93.13498317866456
70.602916265 93.2210864906696
71.402734146 93.34573442617136
71.403347059 93.50594102369
71.411573473 93.56735598832016
71.412578624 93.56735598832017
72.159835777 93.69200392382193
72.160504922 93.85221052134055
72.173438212 93.89045911355643
72.8945896 94.01510704905817
72.894917571 94.01510704905819
72.895180144 94.17531364657681
72.910273965 94.17531364657683
73.36713977 94.17531364657684
73.592420046 94.29996158207858
73.593404899 94.40550084888076
73.595273652 94.44391104779763
73.595684083 94.45909047571669
73.614624662 94.4590904757167
74.259910868 94.57046390614808
74.260029485 94.58373841121846
74.260500363 94.68927767802062
74.262306976 94.7276878769375
74.288171122 94.72768787693751
74.891864239 94.85233581243926
74.892625603 94.95787507924143
75.074210385 94.95787507924145
75.496523765 95.0825230147432
75.497646847 95.11113852286883
75.498580728 95.11892882340425
75.500965804 95.17560619566642
75.505188638 95.17899089229576
75.788317085 95.17899089229577
76.075213227 95.29036432272714
76.075322131 95.30363882779751
76.076129186 95.33225433592314
76.077011749 95.34004463645856
76.079291319 95.39672200872073
76.1684706 95.39672200872074
76.551210604 95.39672200872076
76.625071853 95.50809543915213
76.625160134 95.5213699442225
76.625804111 95.54998545234812
76.62875469 95.61281044711595
76.979288187 95.61281044711596
77.140562419 95.72418387754733
77.140653869 95.7374583826177
77.141276002 95.76607389074334
77.144936957 95.8079150369598
77.253996657 95.80791503695981
77.632275213 95.93256297246157
77.633128545 95.9611784805872
77.640487125 95.99743806394831
77.988719448 95.99743806394832
78.11604196 96.1088114943797
78.116148103 96.12208599945008
78.116763132 96.1507015075757
78.117397199 96.18176849677701
78.14545902 96.18176849677702
78.56604852 96.2931419272084
78.566131039 96.30641643227877
78.566713775 96.33503194040439
78.570894484 96.3350319404044
78.727813821 96.33503194040442
78.986885703 96.45967987590618
78.988145766 96.48515282375259
79.010368797 96.4851528237526
79.125118098 96.48515282375261
79.388076723 96.60980075925436
79.38937233 96.67233437272557
79.582047766 96.67233437272559
79.763737679 96.79698230822733
79.909189781 96.79698230822734
80.060814767 96.79698230822736
80.108862981 96.86291966250383
80.11034839 96.88042800257314
80.112052019 96.90143329161914
80.118829358 96.90143329161916
80.331322557 96.90143329161917
80.432553253 96.96737064589567
80.43386835 96.98487898596498
80.438912199 96.9989256069584
80.653880764 96.99892560695841
80.739728908 97.0648629612349
80.741236893 97.0823713013042
80.758652409 97.08237130130422
81.016351313 97.08237130130424
81.027188993 97.14830865558072
81.030342696 97.15861634898376
81.122882626 97.15861634898377
81.30086093 97.22455370326026
81.300995424 97.22455370326027
81.303626646 97.29243185724907
81.528418547 97.29243185724908
81.559334277 97.35836921152558
81.76922925 97.3583692115256
81.801080201 97.4119968939348
82.025904013 97.54980561420504
82.056006173 97.54980561420506
82.236048128 97.66225120830553
82.256022153 97.66225120830555
82.431863606 97.70894661315324
82.496213768 97.70894661315326
82.615241514 97.8313633635093
82.616833075 98.00368146695871
82.785234067 98.0503768718064
82.940722882 98.17279362216244
83.087511234 98.21616409252053
83.459443822 98.34370675382752
83.747686642 98.44891151379987
83.749329798 98.44891151379989
83.896307122 98.60485277066732
83.960202583 98.82765569261635
83.971213706 98.82765569261636
84.18999164 99.06139882066311
84.217280952 99.06139882066313
84.315045372 99.14974840042831
