0.000355766 45.74363636742202
0.000449303 46.57619063180844
0.000585653 46.595220597317045
0.003646808 47.27836166101893
0.004695192 47.27836166101894
0.008900398 47.532817014611716
0.021007438 47.71076077004626
0.079205635 48.122030602521775
0.079311588 48.14106056803038
0.081753819 48.82420163173228
0.085855614 49.078656985325054
0.100665164 49.09684227781345
0.100757293 49.128385324911505
0.160822331 49.12838532491152
0.215859919 49.26095896247561
0.276874608 49.26095896247562
0.337580764 49.27395885388521
0.698109874 49.29301023398963
0.940336031 49.295982255788694
1.059603705 49.297154485182666
1.11982771 49.30238706527313
1.23929079 49.30917956732585
1.356998123 49.30917956732586
1.597921812 49.35265937198633
1.658008052 49.35344250306053
1.777436217 49.373678559803786
1.8376416249999998 49.38661511991379
1.898557357 49.41206305298228
2.020660692 49.418613416832606
2.25543609 49.434385980817076
2.376947074 49.46698172063302
2.495942543 49.47327913817154
2.55818245 49.485167013121405
2.7384161540000003 49.48516701312142
2.799811921 49.50274843130742
2.919694183 49.516710060219474
3.083845354 50.15654616505679
3.083967819 50.175576130565396
3.084810382 50.17557613056541
3.086406658 50.85871719426729
3.087254761 50.85871719426731
3.091202893 50.95537039455291
3.092846905 51.06480424405965
3.099160487 51.07922103410197
3.099521212 51.29111630329462
3.215061302 51.291116303294636
3.446456456 51.30869772148065
5.958851424 52.078822996128245
5.95898234 52.09785296163685
5.961370646 52.78099402533875
5.966065783 52.87764722562435
5.967728644 52.980530711280785
5.979575009 53.05363467141991
6.126333572 53.05363467141992
6.321388313 53.0831039645558
7.161657985 53.08310396455581
8.756312945 53.88269853233927
8.756447469 53.90172849784788
8.757300239 53.90172849784789
8.758894397 54.58486956154979
8.763585054 54.68152276183539
8.765228374 54.78440624749182
10.28701187 54.78440624749184
11.482646579 55.58400081527531
11.482785652 55.60303078078392
11.486862773 56.286171844485814
11.491315743 56.38282504477143
14.139653324 57.1824196125549
14.139792482 57.20144957806351
14.142089362 57.884590641765406
14.146584775000001 57.98124384205102
16.70489469 58.780838409834494
16.705022181 58.7998683753431
16.707289845 59.483009439045
16.728905083 59.57287013727788
17.029147393 59.572870137277896
19.220059508 60.37246470506137
19.220193347 60.391494670569976
19.222517963 61.07463573427189
19.244975676 61.123068329707245
19.249668892 61.155119601221266
19.257632903 61.15809162302033
21.659650027 61.957686190803805
21.659766113 61.97671615631241
21.661951432 62.65985722001431
21.665806493 62.659857220014324
21.683750812 62.70828981544968
21.695248967 62.70828981544969
22.254937723 62.708289815449696
22.266990863 62.7082898154497
24.045572295 63.50788438323316
24.0456978 63.52691434874177
24.046443735 63.526914348741784
24.047884322 64.21005541244367
24.051759045 64.21005541244368
24.094619413 64.2100554124437
26.370619998 65.00964998022714
26.370746658 65.02867994573575
26.373260349 65.50108556228945
26.373678371 65.71182100943764
26.418488473 65.71182100943766
27.503914828 65.71182100943767
28.611123438 66.51141557722114
28.611237785 66.53044554272975
28.614324685 66.60742670326283
28.614486751 66.94097327904798
28.614675065 67.10453208964503
28.63708334 67.11912791195427
28.855828461 67.11912791195428
30.596629565 67.1191279119543
30.795197995 67.91872247973775
30.795301924 67.93775244524636
30.79827125 68.01473360577944
30.798427415 68.3482801815646
30.798807651 68.47799899672219
30.798915543 68.48638677075117
30.81251003 68.49247996041873
30.822138485 68.49247996041875
31.37250799 68.49247996041876
32.925961922 69.29207452820224
32.926079935 69.31110449371084
32.926816713 69.31110449371086
32.929098539 69.38808565424394
32.929261486 69.72163223002909
32.929639089 69.85135104518669
32.929749201 69.85973881921566
34.187606864 69.85973881921568
34.975166146 70.65933338699912
34.975265168 70.67836335250773
34.97597509 70.67836335250774
34.978194495 70.75534451304082
34.978346321 71.08889108882597
34.97870679 71.21860990398356
35.285897658 71.21860990398358
36.968178951 72.03723443727566
36.971502043 72.14903814183515
36.972425995 72.29129625796145
36.973076465 72.29129625796146
36.977010469 72.31229314065979
36.98152236 72.52965817265743
37.026771911 72.52965817265745
38.9077674 73.34828270594952
38.91164008 73.60234452663532
38.916984551 73.62334140933366
38.92143313 73.84070644133129
38.958543235 73.8407064413313
39.264156505 73.84070644133132
40.765522882 74.65933097462337
40.766224958 74.65933097462339
40.768594678 74.77113467918286
40.769334764999996 74.91339279530918
40.773844342 74.93438967800752
40.780482309 74.9417722708903
40.780689412 74.99810082664342
40.78262703 75.12543253641402
40.819492837 75.12543253641404
41.35816095 75.12543253641405
42.57594622 75.94405706970612
42.57970306 76.19811889039192
42.580305376 76.19811889039194
42.584840413 76.21911577309027
42.591187747 76.22649836597304
42.591393532 76.28282692172618
43.990120627 76.2828269217262
44.329905892 77.10145145501824
44.330612035 77.10145145501825
44.333644316 77.35551327570404
44.338696768 77.37651015840238
44.34570884 77.38846535714322
44.34751147 77.38846535714323
44.518102248 77.38846535714325
45.770098102 77.38846535714326
46.048934289 78.20708989043531
46.049637543 78.20708989043533
46.052584143 78.46115171112112
46.057559193 78.48214859381946
46.07558134 78.48214859381947
46.108783792 78.48214859381949
47.490006464 78.4821485938195
47.69584567 79.30077312711157
47.699535408 79.48393510519557
47.700031531 79.55483494779737
48.801612611 79.55483494779739
49.280370849 80.37345948108947
49.283998895 80.55662145917347
49.28874045 80.60958207025438
49.494515015 80.60958207025439
50.810412745 80.78947703815972
50.810593029 80.8711044240578
50.810690388 81.15383268514098
50.810794428 81.28055682829115
50.813289753 81.41764589821317
50.823217874 81.55593810335078
50.828052338 81.61136858163046
50.845058748 81.61136858163047
51.379137062 81.61136858163049
52.299757488 81.87289093543393
52.299887741 82.1556191965171
52.299993923 82.28234333966726
52.302437736 82.41943240958929
52.312113334 82.55772461472691
53.738565858 82.81924696853035
53.738698372 83.10197522961352
53.738804749 83.22869937276369
53.741242333 83.36578844268571
53.75552636 83.42792961799101
53.759322243 83.46881411255843
53.760161937 83.48815285257848
53.815715321 83.4881528525785
55.134356369 83.74967520638194
55.134507259 84.0324034674651
55.134606701 84.15912761061527
55.139190554 84.18687097243843
55.139614033 84.18687097243844
55.141086408 84.28314460683644
55.144469476 84.2919936448694
55.146221398 84.29259744932858
55.151097296 84.3583578558426
55.154303075 84.39924235041002
56.237820669 84.39924235041003
56.493122132 84.57913731831538
56.493300557 84.66076470421348
56.493397582 84.94349296529664
56.493503405 85.07021710844681
56.496379328 85.08198002671925
56.497993555 85.09796047026997
56.498421609 85.09796047026998
56.49989262 85.19423410466798
56.503209111 85.20308314270093
56.504883139 85.20368694716012
56.508735105 85.26944735367414
57.808097606 85.53096970747758
57.808320055 85.94042211171092
57.814223603 85.96816547353407
57.814603142 85.96816547353409
57.816035699 86.06443910793209
57.819170825 86.07328814596504
57.829017344 86.11102091686395
57.833019896 86.1152088717893
57.883866758 86.11520887178932
57.959814195 86.11520887178933
59.10300186 86.37673122559276
59.103415707 86.46435167544732
59.103459767 86.55062114055917
59.10368482 86.7861836298261
59.107535532 86.81392699164925
59.107924148 86.81392699164927
59.109315901 86.91020062604727
59.112810897 86.91904966408022
59.125145104 86.95678243497913
59.171509002 86.95678243497915
60.029819876 86.95678243497916
60.330087365 87.21830478878258
60.33048282 87.30592523863714
60.330523135 87.39219470374898
60.333329535 87.54132922836088
60.334512181 87.65550055483908
60.336204411 87.7517741892371
60.346019829 87.75668355158078
60.346379493 87.75668355158079
60.393092543 87.7566835515808
61.326033905 87.75668355158082
61.516924522 87.93657851948616
61.517429989 88.10582635523882
61.517470014 88.19209582035066
61.520412651 88.43942122789002
61.521795752 88.45540167144075
61.523557802 88.55167530583876
61.532673324 88.55658466818247
62.66650336 88.81810702198591
62.666860034 88.90572747184046
62.66690081 88.9919969369523
62.669599853 89.1411314615642
62.671161268 89.15613033248438
62.672393432 89.35157642244042
63.28911294 89.35157642244043
63.772775621 89.53147139034577
63.773294056 89.70071922609843
63.773333682 89.78698869121027
63.779197524 89.82295809454843
63.78158587 89.92145811521365
63.790414889 89.92966982970897
63.792658447 90.037723068446
64.736020196 90.03772306844601
64.824856505 90.21761803635135
64.82536934 90.386865872104
64.825396402 90.47313533721585
64.831678819 90.48242605068056
64.831943225 90.50910474055401
64.833478024 90.60760476121924
64.842067835 90.61581647571455
65.841707498 90.79571144361991
65.842173755 90.96495927937256
65.842199196 91.0512287444844
65.848346962 91.06051945794911
65.848583842 91.08719814782256
65.857666625 91.14808404935548
66.823330784 91.32797901726082
66.823709716 91.43956099551224
66.82383476 91.58349631812531
66.829295342 91.61946572146347
66.983144984 91.61946572146348
67.001746146 91.6194657214635
67.777125723 91.79936068936883
67.777495931 91.91094266762025
67.777624063 92.05487799023332
67.783592532 92.06416870369804
67.803770732 92.06416870369806
68.680678858 92.2440636716034
68.681016229 92.35564564985481
68.682522143 92.49958097246788
68.700459362 92.4995809724679
68.856849365 92.49958097246791
69.220866406 92.49958097246792
69.549928592 92.56817284581774
69.550721358 92.60431389353049
69.551978363 92.60492164031382
69.552307112 92.68669671714147
69.552695759 92.68669671714149
69.553323243 92.84820215702143
69.55408087 92.91983772979191
69.563585702 92.92896028624983
69.679954954 92.92896028624985
70.021035752 92.92896028624986
70.284498752 92.92896028624988
70.398870862 92.99755215959969
70.399536933 93.03369320731245
70.400809007 93.03430095409578
70.401119904 93.11607603092344
70.40211836 93.27758147080338
70.40254763 93.2775814708034
70.40288933 93.34921704357387
70.46075144 93.34921704357389
70.652748561 93.3492170435739
71.198813311 93.41780891692373
71.199487241 93.4539499646365
71.200658481 93.45455771141981
71.201011269 93.53633278824748
71.201398862 93.53633278824749
71.202121359 93.56504448852442
71.202281317 93.64619131708416
71.202420946 93.69783822812744
71.310795879 93.69783822812745
71.962545974 93.76643010147728
71.963168494 93.80257114919003
71.964280691 93.80317889597336
71.964648217 93.88495397280103
71.96663559 93.92337133832118
71.96979262 93.97870044551284
71.972466161 93.98453492250904
71.972598987 94.00804115972323
71.975733008 94.01091000504151
71.976375813 94.02122833764237
72.049940214 94.02122833764238
72.597477598 94.0212283376424
72.704038151 94.08982021099223
72.70462955 94.12596125870499
72.705732125 94.1265690054883
72.706085999 94.20834408231597
72.706461835 94.20834408231599
72.708229073 94.2316884667322
72.710239741 94.30792503202399
72.713757006 94.3314312692382
72.716789068 94.33430011455647
73.302515686 94.33430011455648
73.403247439 94.40289198790632
73.403835336 94.43903303561906
73.404916859 94.43964078240239
73.405259074 94.52141585923006
73.40695934 94.55983322475021
73.409972483 94.61516233194187
73.412552404 94.62099680893807
73.412669507 94.64450304615227
73.466683667 94.64450304615228
74.02879673 94.6445030461523
74.075726389 94.67037717264645
74.076174662 94.6787989828272
74.077219191 94.7498437139982
74.077557548 94.83161879082587
74.081288884 94.9253652635377
74.083830118 94.93119974053388
74.149105914 94.9311997405339
74.71286912 94.96163017287778
74.713434191 95.00187045745078
74.714496785 95.03654040837982
74.715294869 95.04667591441307
74.716285933 95.06545286957028
74.71636504599999 95.11215141141156
74.718852044 95.21206195791932
75.33505222 95.2424923902632
75.335585051 95.2827326748362
75.336713373 95.31740262576525
75.337038761 95.39917770259292
75.341277195 95.49292417530474
75.357829919 95.49292417530475
75.924321698 95.52335460764861
75.92485069 95.56359489222162
75.9258246 95.59826484315067
75.926544454 95.60840034918391
75.927484719 95.62717730434113
75.927564518 95.67387584618241
75.930522274 95.69422332245489
75.935285238 95.70606875502747
76.010068426 95.70606875502749
76.477692004 95.73649918737135
76.478241294 95.77673947194435
76.479237715 95.8114094228734
76.479948353 95.82154492890665
76.48086874 95.84032188406387
76.480937568 95.88702042590515
76.480979537 95.99003592126398
76.529650643 95.990035921264
77.003210078 96.02046635360786
77.003735717 96.06070663818086
77.004720433 96.09537658910992
77.005427624 96.10551209514317
77.008739807 96.16771362906515
77.009189419 96.19133506841413
77.388942918 96.19133506841415
77.502580938 96.22176550075801
77.503067413 96.26200578533101
77.503985533 96.29667573626006
77.504641957 96.30681124229332
77.50789605 96.3690127762153
77.510995064 96.3761094202913
77.511990296 96.37610942029131
77.54026807 96.37610942029133
77.985753169 96.40653985263519
77.986227336 96.4467801372082
77.987138565 96.48145008813725
77.987792718 96.4915855941705
77.990863131 96.55378712809248
77.993685515 96.55888806221903
78.350388694 96.55888806221904
78.445767054 96.58931849456289
78.446206607 96.62955877913589
78.447373396 96.64544098468608
78.44779477 96.67436423609819
78.45048329 96.72389992710794
78.450777333 96.73656577002018
78.579433087 96.73656577002019
78.873360456 96.76699620236407
78.873778977 96.80723648693707
78.875118085 96.82243637030783
78.875326865 96.85204194389937
78.877855824 96.9015776349091
78.886335128 96.90157763490912
79.278917324 96.93587357158404
79.279942788 96.98744823519675
79.281015989 97.01705380878829
79.284036491 97.04945141003343
79.284934082 97.05620701001044
79.609881602 97.05620701001045
79.660487608 97.09050294668538
79.661419402 97.14207761029807
79.661608188 97.17168318388961
79.664442619 97.20408078513475
79.671695975 97.20408078513476
80.009866225 97.23837672180969
80.010942262 97.28995138542238
80.011125195 97.31955695901394
80.279130653 97.31955695901395
80.337213167 97.35385289568887
80.338059217 97.40542755930157
80.33843687 97.43398622140676
80.389035488 97.43398622140677
80.645821107 97.4537006100313
80.646157412 97.45756516755569
80.646487569 97.46828215808169
80.647163914 97.52053914387383
80.933497696 97.54025353249835
80.933817582 97.54411809002274
80.934143357 97.55483508054874
80.934933156 97.60640974416144
80.940839303 97.60640974416145
81.130786431 97.60640974416147
81.208964798 97.62612413278599
81.209297982 97.62998869031037
81.209617558 97.64070568083638
81.210577786 97.74614901876996
81.215910309 97.74614901876997
81.464439444 97.7658634073945
81.464744708 97.76972796491889
81.467215712 97.77281680963937
81.46897038 97.81791912594154
81.469520426 97.82191410963132
81.537397177 97.82191410963134
81.705644626 97.84162849825587
81.705933718 97.84549305578025
81.707148332 98.00227062107031
81.770428122 98.00227062107032
81.930126516 98.02198500969486
81.930409208 98.02584956721924
81.932806306 98.02893841193972
81.934278466 98.0740407282419
82.077455325 98.07404072824191
82.141022858 98.09375511686643
82.141291953 98.09761967439081
82.145586683 98.09761967439083
82.696515272 98.1099829412142
82.699058706 98.31564731309426
82.76943498 98.31564731309427
83.003359823 98.43900820865646
83.044436232 98.43900820865647
83.263340165 98.48207485842823
83.263654077 98.52088332320432
83.268338927 98.52088332320433
83.363152073 98.52088332320434
83.483153912 98.52334594911841
83.565893948 98.52334594911842
