0.000358275 49.23191063236971
0.000452631 50.451214400723295
0.000558202 51.24738540609669
0.001068463 51.378385861792644
0.003670412 51.53702908257406
0.003952603 51.83071056030776
0.004504952 51.94490370634845
0.006909056 52.13415481311936
0.042933047 52.28148281619847
0.079017298 52.34872113440397
0.079069879 52.40710230719754
0.079140269 52.608953203565314
0.079341219 52.876482537128304
0.081373453 53.03512575790973
0.081597614 53.328807235643445
0.082038823 53.443000381684136
0.083910257 53.63225148845503
0.112607361 53.77957949153416
0.355060588 53.798714513951076
0.416200766 53.80068656822869
0.538016739 53.80497229760096
0.59864897 53.81550742853408
0.725800796 53.83819021165397
0.838726329 53.843131764125694
0.959793269 53.845283979768034
1.018839005 53.84528397976805
1.077001632 53.869690596557994
1.432972011 53.89801690814212
1.552545189 53.89838681039284
1.6126227869999998 53.89961618098413
1.791281136 53.89961618098415
1.850301457 53.90611472619485
2.027270374 53.927508356290765
2.089003423 53.93730516824487
2.210318914 53.93862531635495
2.2712381759999998 53.96736799721442
2.392455015 53.97351465994257
2.454424258 53.98351111135144
2.698043402 54.004758535304994
2.93618328 54.05927419817589
3.084283492 54.77513162843878
3.084895963 54.88576287701192
3.086789987 55.06477530491613
3.087016147 55.358456782649846
3.087450062 55.47264992869052
3.089272205 55.66190103546143
3.126053586 55.71641669833233
3.242348483 55.7451593791918
3.357238989 55.74515937919181
3.934611317 55.761302493328834
4.855200479 55.7825499172824
5.963977561 55.801637800039266
5.964081475 56.59780880541266
5.964674392 56.70844005398582
5.966531722 56.88745248189003
5.966759802 57.18113395962374
5.967199003 57.295327105664434
5.968975474 57.48457821243533
6.01559996 57.484578212435345
6.981507243 57.505825636388884
7.429120958 57.5058256363889
8.771107403 57.52491351914579
8.77121421 58.321084524519186
8.771778818 58.43171577309233
8.773620111 58.61072820099654
8.773847748 58.904409678730254
8.774267575 59.018602824770944
8.776033616 59.20785393154184
11.502405353 59.24818923825229
11.502495195 60.04436024362568
11.503057761 60.15499149219884
11.504977827 60.20635185958172
11.50509839 60.62768539783675
11.505521158 60.74187854387744
11.510716475 60.9098822266948
14.168553062 60.95021753340523
14.168769276999999 61.34962759175023
14.170518983000001 61.4080087645438
14.1705831 61.609859660911575
14.170943647 61.85701978735178
14.172769709 61.908380154734665
14.172886475 62.32971369298969
14.173290811 62.4439068390304
14.189966803 62.47368339026435
14.197389423 62.53451413669115
14.206595301 62.555907766787065
14.209016694 62.56702472685125
16.755869601 62.60736003356168
16.756091135 63.006770091906695
16.756147424 63.065151264700255
16.756209148 63.26700216106804
16.756560591 63.514162287508235
16.758417496 63.56552265489113
16.758539665 63.98685619314616
16.758937592 64.10104933918686
16.776313251 64.13082589042081
16.783417063 64.19165663684763
16.791783713 64.21305026694354
19.272538544 64.25338557365397
19.272760327 64.65279563199896
19.27450924 64.71117680479253
19.274573485 64.9130277011603
19.274948182 65.16018782760051
19.276715381 65.2115481949834
19.276834329 65.63288173323842
19.277229991 65.74707487927913
19.293330359 65.77685143051308
21.725595816 65.81718673722351
21.725800113 66.21659679556852
21.725853717 66.2749779683621
21.725916547 66.47682886472987
21.726255448 66.72398899117007
21.728031223 66.77534935855296
21.728153428 67.196682896808
21.744411204 67.24389870883081
24.109710492 67.28423401554124
24.109925733 67.68364407388623
24.11003225 67.94387614304758
24.110391001 68.19103626948778
24.112183149 68.24239663687067
24.11245327 68.5104272426338
24.121651715 68.62883814352276
24.133508836 68.647454454434
24.136501737 68.69564450823857
24.715437278 68.69564450823859
25.182234388 68.6956445082386
26.437442895 68.735979814949
26.437640529 69.135389873294
26.437742092 69.39562194245535
26.438076739 69.64278206889556
26.439822159 69.69414243627844
26.440093836 69.73531538832977
26.440931225 69.73731463448497
26.441877619 69.796399355225
26.447653063 69.86633323018762
26.449257991 70.08058394293053
26.460823866 70.09920025384177
26.644867085 70.09920025384179
27.873989268 70.0992002538418
28.712328346 70.13953556055222
28.712545417 70.53894561889722
28.71266279 70.79917768805856
28.712999844 71.04633781449876
28.714676818 71.09769818188165
28.714967139 71.13887113393298
28.715763255 71.14087038008819
28.716073135 71.19995510082822
28.723161267000002 71.26988897579083
28.724728147 71.48413968853374
28.738488005 71.50275599944499
29.011593586 71.502755999445
30.960574398 71.54309130615542
30.960781151 71.94250136450042
30.960893938 72.20273343366176
30.961221812 72.44989356010196
30.962842108 72.50125392748485
30.963110769 72.54242687953618
30.963750618 72.5424268795362
30.963919583 72.54442612569139
30.964824445 72.60351084643142
30.971159146 72.67344472139403
30.97265035 72.67344472139405
30.972677296 72.88769543413694
31.631145162 72.88769543413696
33.110613779 72.92803074084739
33.11083046 73.32744079919239
33.110943668 73.58767286835375
33.111273012 73.83483299479396
33.11312669 73.92736631422817
33.114767174 73.98845028112339
33.121369963 74.000693153785
33.121534133 74.03586594353067
33.133516075 74.13218292298816
33.137176225 74.16767472333
34.38265789 74.16767472333001
35.191639889 74.20801003004044
35.191850606 74.60742008838544
35.19196502 74.86765215754679
35.192302807 75.11481228398698
35.194738257 75.2073456034212
35.196784857 75.25080455267742
35.202178525 75.28067244297803
35.202339521 75.31584523272372
35.213777808 75.41216221218119
35.253963242 75.4121622121812
35.294286694 75.41216221218122
37.211761634 75.45249751889163
37.211982001 75.85190757723664
37.212097872 76.11213964639798
37.212413473 76.35929977283818
37.214237129 76.45183309227238
37.216809634 76.49529204152861
37.217444693 76.49529204152863
37.222225195 76.5603327215749
37.244713242 76.56033272157491
39.16013292 76.60066802828533
39.160331834 77.00007808663035
39.160443717 77.2603101557917
39.162330305 77.26757570073292
39.162614374 77.329786613055
39.162652937 77.35864488493986
39.163124585 77.6000036016661
39.165052516 77.64346255092234
41.028551484 77.68379785763277
41.028763292 78.08320791597777
41.028874347 78.34343998513911
41.030692714 78.35070553008033
41.0308822 78.68313343101352
41.034003238 78.72659238026975
41.461547768 78.72659238026976
42.844104996 78.76692768698017
42.844302449 79.16633774532517
42.844412697 79.42656981448653
42.846216802 79.43383535942773
42.846406138 79.76626326036093
42.866735406 79.76626326036094
43.090876038 79.76626326036096
44.600844079 79.80659856707138
44.601018728 80.20600862541637
44.601127477 80.46624069457773
44.60289979 80.47350623951894
44.603034176 80.49090680693608
44.603233069 80.53571715184104
44.603269371 80.56457542372588
44.603773412 80.71482804804812
44.604041701 80.79491324285503
44.604572591 80.79491324285505
44.843330544 80.79491324285506
46.297465808 81.23465860791049
46.297597471 81.49489067707184
46.298175827 81.49489067707185
46.301697322 81.51401531644035
46.303250313 81.59572736665295
46.306992772 81.71452548229782
46.307074945 81.74347803054224
46.309094217 81.80698456965258
46.320250591 81.82356322534913
46.400818064 81.82356322534915
47.938206754 81.86389853205957
47.938382688 82.26330859040458
47.940123656 82.52354065956592
47.941834481 82.53080620450714
47.942104558 82.59301711682923
47.942141756 82.62187538871409
47.945322663 82.62437734914704
47.94824943 82.74317546479189
47.950332137 82.83563455214667
48.031497295 82.83563455214669
49.524165433 83.2753799172021
49.524293699 83.53561198636345
49.529443429 83.63644867594456
49.532364782 83.75524679158943
49.56364638 83.75524679158944
50.3288234 83.75524679158946
51.056064433 84.19499215664486
51.056187656 84.45522422580622
51.064180895 84.65160467905046
51.394630712 84.65160467905048
51.664052973 84.6516046790505
52.5494431 85.09135004410592
52.549572246 85.35158211326727
52.560804388 85.44146749226977
52.56946235 85.5318382477411
52.655865924 85.53183824774112
53.287802322 85.53183824774113
53.985885484 85.97158361279656
53.986004293 86.23181568195791
53.994908769 86.26648260765427
53.996888998 86.32170106096041
54.011814107 86.32170106096042
55.164857899 86.32170106096044
55.390690311 86.76144642601587
55.390809375 87.02167849517721
55.400255492 87.05634542087357
55.405689566 87.06815738640243
55.406183048 87.06815738640245
55.624097473 87.06815738640246
56.743566392 87.50790275145789
56.743688369 87.76813482061924
56.752357814 87.8028017463156
56.758723667 87.81461371184447
58.05282551 88.19630245485158
58.053047379 88.21523562241882
58.05326815 88.25435907689989
58.055067408 88.4031708980714
58.061894996 88.54925807175759
58.138647625 88.5492580717576
58.495250385 88.54925807175762
59.324237371 88.93094681476472
59.324654095 88.98900343681305
59.33016698 89.01705215807857
59.331061949 89.0266077550448
59.33151295 89.02660775504481
59.335419828 89.06445373837761
59.337654111 89.21682380763124
59.339336449 89.21866700024088
59.438490487 89.2186670002409
59.487391354 89.21866700024091
60.555050892 89.65841236529633
60.55939636 89.68646108656186
60.561326465 89.6960166835281
60.56488658 89.7338626668609
60.566295481 89.79343798162475
60.568337417 89.88623273611451
60.57965833 89.88623273611452
60.591409394 89.88623273611454
61.735659509 90.32597810116997
61.739812277 90.3540268224355
61.741114003 90.36358241940174
61.745008357 90.40142840273454
61.758919552 90.40142840273455
62.881790299 90.84117376778998
62.885796399 90.86922248905552
62.8870811 90.87877808602175
62.887529724 90.87877808602177
62.890914306 90.88731807688737
62.891383644 90.88731807688738
62.891911381 90.8903213477202
63.989662496 91.33006671277563
63.993686315 91.35811543404117
63.994932066 91.3676710310074
63.995369941 91.36767103100742
63.998669773 91.37621102187302
63.999108034 91.37621102187303
65.050307118 91.75789976488015
65.050791742 91.75789976488016
65.053446572 91.79573021831312
65.055810247 91.85356070516023
65.076313077 91.85356070516025
66.063879822 92.23524944816737
66.071791318 92.26571783990401
66.073373522 92.2730864868626
66.07624251 92.29569662756812
66.081991858 92.29569662756813
66.7305678 92.29569662756815
67.049796409 92.55977517050961
67.050008205 92.62288663495534
67.050192713 92.67738537057528
67.057147673 92.70785376231191
67.058747529 92.71522240927051
67.521535359 92.71522240927052
68.010853888 92.97930095221199
68.011058681 93.0424124166577
68.011236535 93.09691115227764
68.017986104 93.12737954401429
68.182078038 93.1273795440143
68.524698494 93.12737954401432
68.914555616 93.50906828702142
68.925947773 93.53225112065198
68.948889975 93.53225112065199
69.362622877 93.532251120652
69.689483947 93.53225112065202
69.777716677 93.79632966359347
69.777927449 93.85944112803918
69.782370631 93.90666555323875
70.09084516 93.90666555323877
70.500447859 93.90666555323878
70.61299784 94.1707440961802
70.613198858 94.23385556062593
70.624741778 94.26222854357782
70.72109239 94.26222854357783
71.09016889 94.26222854357785
71.37497882 94.26222854357786
71.413634152 94.52630708651931
71.413825407 94.58941855096502
71.428176009 94.58941855096504
71.701243381 94.58941855096505
72.141256092 94.58941855096506
72.17431808 94.6108621183583
72.174400159 94.76828707187191
72.174586551 94.76828707187192
72.175166028 94.76910981643765
72.175936586 94.77724494920894
72.177004722 94.85905601493775
72.177728671 94.90792094652203
72.370280304 94.90792094652204
72.885848445 94.90792094652205
72.92365119 95.0776755844492
72.923924487 95.1719994894635
72.925839836 95.17755841049474
72.927562211 95.22642334207902
72.955203683 95.22642334207903
73.618472533 95.39617798000616
73.618729704 95.49050188502048
73.62060422 95.49606080605172
73.624359658 95.53751129387261
73.71625176 95.53751129387263
74.115369739 95.53751129387264
74.282802993 95.70726593179977
74.283039868 95.8015898368141
74.284860826 95.80714875784534
74.288390368 95.86814718740162
74.428088449 95.86814718740163
74.801640014 95.86814718740165
74.911907772 96.03790182532876
74.912098334 96.1322257303431
74.914167093 96.13778465137432
74.938966097 96.13778465137435
75.519270184 96.30753928930147
75.519525774 96.40186319431578
75.532691229 96.4018631943158
75.67109157 96.40186319431581
76.095667705 96.76416579530337
76.096052763 96.76416579530338
76.10787264 96.7641657953034
76.652762292 96.76420558405832
76.653035342 96.95833535211521
76.653727929 96.96561398425823
77.171225532 96.98705755165145
77.17168503 97.14530524973082
77.181207849 97.15978354107001
77.208110683 97.15978354107003
77.251597992 97.15978354107004
77.666480464 97.18122710846326
77.666931142 97.33947480654264
77.876262743 97.33947480654265
78.139250887 97.51916607201524
78.58927138 97.51916607201525
78.590621309 97.52437539079847
78.590768754 97.57933454579711
78.592056687 97.6326740216523
78.595557103 97.64755774323248
78.629533697 97.6475577432325
79.013849551 97.66900131062572
79.014344799 97.70772621701435
79.016323396 97.75866170082476
79.020748574 97.76106569286955
79.021624673 97.76212434857912
79.054615278 97.76212434857914
79.378403919 97.76212434857915
79.421486992 97.76733366736237
79.421636043 97.822292822361
79.42281555 97.87563229821622
79.760351943 97.87563229821623
79.804319896 97.89707586560944
79.804752792 97.93580077199807
79.806509634 97.98673625580848
79.855797098 97.9867362558085
80.147903561 98.00817982320171
80.148330817 98.04690472959035
80.150113722 98.12238447470762
80.157044553 98.12238447470763
80.47870718 98.12759379349085
80.478846539 98.18255294848949
80.480450136 98.20759788110112
80.482631239 98.23219642117398
80.531578391 98.232196421174
80.708563464 98.23219642117401
80.785038318 98.23740573995724
80.785401772 98.29236489495587
80.7888241 98.3174098275675
80.851711857 98.31740982756752
81.076007274 98.32261914635075
81.076122116 98.37757830134937
81.104482482 98.37757830134939
81.352087367 98.40958003444759
81.352674523 98.42394241196422
81.373804559 98.42394241196423
81.611469434 98.42915173074746
81.612070755 98.44538597935747
81.612601871 98.45246930919004
81.614137413 98.46650907784193
81.643317398 98.46650907784195
81.852876412 98.48795264523517
81.855805162 98.49097351863037
81.857222239 98.49503597506774
81.857432321 98.4985108109401
81.858279295 98.49851081094013
81.862908198 98.49851081094015
82.077512069 98.51995437833338
82.080403231 98.59924259022722
82.081673387 98.66485886681053
82.082624259 98.66485886681055
82.132402352 98.66485886681058
82.286971827 98.68630243420381
82.422467743 98.68630243420382
82.486144653 98.69151175298703
82.486927993 98.69921972941269
82.487919203 98.70502664221854
82.510090513 98.70502664221856
82.57649584 98.70502664221857
82.674773456 98.71794393742745
82.737818297 98.71794393742746
82.812671929 98.71794393742748
83.00202783 98.75841119331977
83.005541369 98.75841119331979
83.045737019 98.7584111933198
83.125121619 98.75841119331982
83.741434148 98.83416456947272
83.761266652 98.83416456947273
83.824891548 98.83416456947275
