0.000356156 55.950959728211565
0.000461306 55.99739487101905
0.000521012 56.621907373698456
0.010457759 56.87166238745903
0.011871041 56.96071428207821
0.011952996 57.05027121340682
0.031617185 57.11899552964717
0.07871194 57.3228776567992
0.078761615 57.36931279960668
0.078807016 57.993825302286076
0.086684983 57.999896104335384
0.086835826 58.18626112987062
0.08769987 58.33263221066584
0.087766859 58.422189141994444
0.10324077 58.49091345823479
0.104057379 58.4909134582348
0.199608211 58.49091345823481
0.225297902 58.50699629586942
0.226095998 58.50699629586943
0.346124567 58.50953444751293
0.346896626 58.509534447512934
0.406090483 58.51137876340977
0.406906206 58.51137876340978
0.466332196 58.51137876340979
0.649050539 58.513435453762405
0.709832704 58.51834580118594
0.769788256 58.536766820359134
0.770586395 58.53676682035914
0.889751186 58.53776250296986
0.890523485 58.53776250296987
0.949867094 58.55653772506496
0.950664868 58.55653772506497
1.069102616 58.569163501765495
1.069884871 58.5691635017655
1.129908962 58.56916350176551
1.130670569 58.569163501765516
1.191127141 58.571971230379894
1.306982645 58.57723111469911
1.429688145 58.61903308073405
1.430474857 58.619033080734056
1.549658055 58.62384183454164
1.550439718 58.62384183454165
1.6685932970000001 58.62672717691289
1.6693802020000001 58.626727176912894
1.729423103 58.63304507769238
1.730201524 58.63304507769239
1.789203032 58.633045077692394
1.848993093 58.65689309429903
1.849803216 58.656893094299036
1.969471391 58.68823755089971
1.9702554349999999 58.688237550899714
2.089889307 58.690364263868425
2.090685649 58.69036426386843
2.209489011 58.71781116754722
2.269208774 58.717811167547225
2.327906446 58.73533195188731
2.328684279 58.73533195188732
2.448335995 58.748486723701305
2.565699242 58.764456527492776
2.566484587 58.76445652749278
2.625626083 58.7794161584876
2.626415897 58.77941615848761
2.743878307 58.868973089816215
2.744663944 58.86897308981622
2.862671827 58.93769740605656
2.9222846430000002 58.937697406056564
3.080334697 59.399152798675104
3.080394214 59.445587941482586
3.080445637 60.070100444161994
3.088020693 60.31985545792257
3.089087213 60.408907352541746
3.434614684 60.42487715633322
3.434690622 60.51443408766183
3.450594486 60.583158403902175
3.909599876 60.59811803489699
4.024915522 60.598118034897
4.826202611 60.68767496622561
4.88429597 60.687674966225615
5.956140421 61.23382447887599
5.956202363 61.280259621683456
5.956254274 61.904772124362864
5.963766924 62.15452713812344
5.964812612 62.243579032742616
5.964882688 62.33313596407123
6.107354874 62.34809559506605
6.782718133 62.348095595066056
8.763363839 62.98380203904503
8.763431755 63.0302371818525
8.763485340999999 63.65474968453191
8.770824276 63.90450469829247
8.771860288 63.99355659291166
8.909338806000001 63.993556592911666
11.498012913 64.64422266788546
11.498085496 64.69065781069293
11.49819116 64.69231912342208
11.498287439 65.00014224901743
11.498493528000001 65.12946961613241
11.504091446 65.2263834409841
11.505491551 65.56492532713293
11.559369984 65.56492532713294
14.164202375 66.21559140210672
14.164270337 66.26202654491419
14.164374926 66.26368785764335
14.164464174 66.5715109832387
14.16465357 66.70083835035366
14.170225199 66.79775217520535
14.171659724 66.82210649552117
14.171687106 66.89260984964292
14.171824743 67.07897487517815
14.262415485 67.07897487517816
16.174109432 67.07897487517818
16.753018795 67.72964095015195
16.753094959 67.77607609295943
16.75320504 67.77773740568857
16.753301338 68.0855605312839
16.753511635 68.21488789839889
16.759014028 68.31180172325057
16.77154803 68.31851767988016
16.773321432 68.52914284729648
17.427510377 68.5291428472965
19.273934462 69.17980892227028
19.274016432 69.22624406507775
19.274133046 69.2279053778069
19.274231642 69.53572850340224
19.274435227 69.66505587051722
19.280057658 69.72529310355415
19.280553251 69.7619696953689
19.294880262 69.79844842452519
19.294993325 69.86348783239823
19.315768338 69.87217308569717
19.561184037 69.87217308569718
21.735541806 70.52283916067097
21.735601561 70.56927430347844
21.735701449 70.57093561620759
21.735794692 70.87875874180293
21.735984731 71.00808610891791
21.741488259 71.06832334195484
21.754383253 71.09553155024277
21.756304789 71.14147866292588
21.756418512 71.20651807079892
24.133875531 71.8571841457727
24.133941924 71.90361928858019
24.134040917 71.90528060130934
24.134130795 72.21310372690468
24.134317518 72.34243109401966
24.142341112 72.34952633279936
24.152164138 72.42987653534452
24.153780053 72.47582364802763
24.161322562 72.51987636691159
26.485130261 73.17054244188537
26.485199692 73.21697758469286
26.48530863 73.218638897422
26.48540133 73.52646202301733
26.485599058 73.65578939013231
26.493544393 73.66288462891202
26.50319541 73.74323483145719
26.504774414 73.7891819441403
28.819143018 74.43984801911411
28.819210988000002 74.48628316192158
28.819310007 74.48794447465073
28.819398222 74.79576760024607
28.819868972 74.85822065534236
28.820269085 74.92509496736103
28.836861651 75.0125404086859
31.029445767 75.66320648365969
31.02951134 75.70964162646717
31.029608379 75.71130293919633
31.029698013 76.01912606479165
31.030178104 76.08157911988796
31.030588778 76.14845343190663
31.04665151 76.23589887323149
33.153215463 76.88656494820528
33.153281514 76.93300009101276
33.153379628 76.93466140374191
33.153465383 77.24248452933723
33.153922131 77.30493758443355
33.154301923 77.37181189645221
33.189155084 77.38830965900972
34.178970436 77.38830965900974
35.220816093 78.0389757339835
35.22088145 78.08541087679099
35.220979529 78.08707218952014
35.221065723 78.39489531511546
35.221554746 78.45734837021178
35.222648701 78.51846972117393
35.342524702 78.51846972117394
36.381347205 78.51846972117396
37.235789355 78.66346928735368
37.235831626 78.7888022028476
37.23585517 79.14715309793117
37.235877468 79.21557093895521
37.235974577 79.21723225168436
37.236066875 79.5250553772797
37.236554911 79.58750843237601
37.246135418 79.59209168800712
37.260559323 79.61664633959066
38.927755088 79.61664633959067
39.171923502 79.76164590577042
39.171965153 79.88697882126434
39.171988499 80.2453297163479
39.172010305 80.31374755737195
39.17210575 80.3154088701011
39.172193386000004 80.62323199569641
39.172658475 80.68568505079273
39.181834279 80.69026830642386
41.031466479 80.83526787260358
41.031507514 80.96060078809752
41.031530335 81.31895168318106
41.031552746 81.38736952420511
41.031719662 81.6968539625296
41.032163156 81.75930701762591
41.067267714 81.76389027325702
41.234475425 81.76389027325703
42.833916037 81.90888983943677
42.833954124 82.03422275493071
42.833977535 82.39257365001424
42.833999985 82.4609914910383
42.834163907 82.77047592936277
42.834617975 82.83292898445909
43.325257731 82.8329289844591
43.362056494 82.83292898445912
44.576439674 83.36698973024525
44.579324776 83.44108834524783
44.579897495 83.46161236121631
44.580776666 83.53003020224037
44.581228743 83.80367980056113
44.590384382 83.83951464056486
46.272157368 84.24518265220567
46.273595822 84.29846794633772
46.274511172 84.30429408732212
46.275120866 84.44767400135359
46.27687485 84.47236765845497
46.276947776 84.6497033012835
46.277524978 84.81026545666688
46.294151976 84.8259023491957
47.935667129 85.23157036083653
47.936908857 85.28485565496857
47.937829556 85.29068179595296
47.938420982 85.43406170998445
47.940172336 85.45875536708583
47.940245708 85.79665316529773
49.536306726 86.33071391108388
49.538843408 86.40481252608646
49.540559358 86.42950618318787
49.540645411 86.60684182601636
49.545700105 86.66469066706765
49.546178864 86.75231959009463
51.068465936 87.28638033588078
51.070938024 87.36047895088336
51.072699181 87.56250825081324
51.081687682 87.6139753936028
51.081996272 87.61595654490142
52.550184669 88.1500172906876
52.553118689 88.22411590569016
52.556678484 88.27157364339075
52.556815647 88.38208889602015
52.562845338 88.47761234840962
53.986368241 88.88328036005042
53.987471033 88.93656565418247
53.988321551 88.94239179516687
53.989392684 89.08577170919834
53.992962147 89.13322944689894
53.993093978 89.24374469952834
54.004047335 89.25382087241199
54.047535352 89.25382087241202
55.370775676 89.32336814425535
55.371063506 89.32842782501193
55.371100433 89.50273453977722
55.371132664 89.59916792769819
55.371957337 89.657264257407
55.372792652 89.67061279854813
55.374417124 89.73261776717301
55.376959518 89.77578687676451
55.37728722 89.90943797090132
55.377419998 90.01995322353072
55.626319283 90.01995322353073
56.744754406 90.08950049537405
56.745008388 90.09456017613063
56.746742707 90.26886689089592
56.746773865 90.36530027881689
56.747538839 90.42339660852572
56.748302798 90.43674514966686
56.749864973 90.49875011829174
56.763721437 90.51461498174025
56.764267703 90.5449826589274
56.768071462 90.66377375466008
57.006011484 90.6637737546601
58.073754426 90.73332102650342
58.074004503 90.73838070725999
58.074029601 90.91268742202529
58.074060869 91.00912080994625
58.077063241 91.05378392847682
58.077771324 91.12338428176322
58.09092675 91.15843551286959
58.091455449 91.18880319005676
58.37126318 91.18880319005677
59.348776219 91.25835046190011
59.348998728 91.26341014265668
59.349047636 91.53415024534294
59.351948359 91.57881336387348
59.35242582 91.5788133638735
59.353119516 91.6484137171599
59.364271795 91.68346494826628
60.575120454 91.73439444264943
60.575749613 91.83359538547992
60.576047693 91.94548178356652
60.576815286 91.95208279257832
60.577331402 91.9537447200698
60.57816581 91.95820955012138
60.578268731 92.07347512208301
60.578722154 92.07347512208302
60.590255239 92.12380858935153
60.591138128 92.14307547536943
60.591418077 92.16583563547587
61.758832671 92.21676512985903
61.7594734 92.31596607268952
61.761443722 92.34324921271684
61.761970632 92.34324921271687
61.762196507 92.35782709963559
61.762244078 92.4361154072794
61.76301976 92.44058023733098
61.763107314 92.5558458092926
61.76354014 92.55584580929262
61.774316093 92.60617927656112
61.775213795 92.62544616257902
62.903706003 92.69499343442236
62.903950772 92.70005311517893
62.903994549 92.9707932178652
62.906734492 93.01545633639576
62.923008037 93.0833450819466
62.967312944 93.08334508194663
64.026960397 93.15289235378997
64.02719335 93.15795203454654
64.027237248 93.4286921372328
64.029872155 93.47335525576337
64.045428988 93.50854338471244
64.088029868 93.50854338471247
65.084907055 93.5780906565558
65.085450501 93.65867382192612
65.086176143 93.68595696195344
65.086895812 93.778823156516
65.08762988 93.78328798656757
65.087745114 93.8985535585292
65.129612948 93.89855355852922
65.138699404 93.89855355852923
66.105792832 93.94948305291238
66.106333326 94.04868399574288
66.107023461 94.07596713577023
66.107725404 94.09054502268897
66.10777455 94.16883333033276
66.108518982 94.17329816038433
66.108990472 94.28856373234598
67.094222566 94.35811100418931
67.094722836 94.43869416955962
67.095409857 94.46597730958695
67.096082038 94.48055519650569
67.096129169 94.55884350414951
67.098998275 94.60620123231567
67.106561004 94.6167624535999
67.106904865 94.64911700337541
67.144319587 94.64911700337544
68.066641387 94.70004649775859
68.067183462 94.79924744058908
68.067851576 94.8265305806164
68.068524281 94.84110846753515
68.06857157 94.91939677517897
68.071126956 94.96675450334516
68.078118685 94.97731572462939
68.097563409 94.9773157246294
68.972713314 95.02824521901255
68.973196398 95.12744616184304
68.97383459 95.15472930187036
68.974481856 95.1693071887891
68.97452823 95.24759549643292
68.977025555 95.29495322459911
69.029733149 95.29495322459913
69.836201778 95.34588271898225
69.836665186 95.44508366181277
69.837302269 95.4723668018401
69.837984834 95.56523299640266
69.839368659 95.58883557574156
70.65910769 95.6397650701247
70.659595212 95.73896601295519
70.660214704 95.76624915298251
70.660857588 95.78082703990125
70.660904371 95.85911534754507
70.666338272 95.87032750161225
70.670237183 95.87032750161228
70.733976622 95.8703275016123
71.455179644 95.92125699599542
71.455618264 96.02045793882594
71.45622525 96.04774107885326
71.456844967 96.06231896577201
71.456890295 96.14060727341582
71.536786681 96.14060727341585
72.210431434 96.19153676779901
72.210853654 96.2907377106295
72.212916208 96.31802085065682
72.213487589 96.33259873757557
72.213544824 96.39233217677555
72.932041375 96.44326167115871
72.935052946 96.47220070621078
72.937083583 96.47633386491275
72.937648365 96.61988294891547
72.937885646 96.61988294891549
73.631744324 96.67081244329863
73.634565113 96.69975147835068
73.636149611 96.70388463705264
73.636975676 96.84743372105538
73.770411471 96.84743372105541
74.300779851 96.89836321543854
74.303465159 96.92730225049061
74.305009015 96.93143540919257
74.305447022 97.03622593318141
74.30749364 97.06255658447952
74.30867304 97.0689993253518
74.590381992 97.06899932535183
74.936839944 97.11992881973495
74.939410771 97.14886785478703
74.940890602 97.15300101348896
74.941471789 97.17647094446502
74.943313626 97.28412218877591
74.948885103 97.28412218877594
75.545987273 97.3350516831591
75.548465668 97.36399071821117
75.550295152 97.3681238769131
75.550841621 97.39159380788917
75.556124638 97.3915938078892
76.128868078 97.44252330227235
76.131306972 97.47146233732443
76.132726803 97.47559549602636
76.135412425 97.47559549602639
76.136847035 97.48624315378885
76.479389157 97.48624315378888
76.678873928 97.53717264817197
76.681188824 97.56611168322405
76.682566899 97.57024484192598
76.685044482 97.57024484192601
76.779176321 97.57024484192604
77.200520672 97.62117433630917
77.202821852 97.65011337136124
77.203060306 97.68891303491304
77.206561656 97.73869749051465
77.531882444 97.73869749051468
77.69336802 97.78962698489781
77.69558414 97.81856601994988
77.699416811 97.8213354310873
77.748842615 97.82133543108732
78.171974787 97.87226492547046
78.174179099 97.90120396052254
78.52225511 97.90120396052255
78.618974607 97.95213345490566
78.621419098 97.97589223269375
78.707198553 97.97589223269377
78.724003321 97.97589223269378
79.042980764 98.02682172707691
79.04825747 98.04641692505724
79.049188796 98.0493169152519
79.055792119 98.04931691525191
79.349728413 98.04931691525192
79.450729003 98.10024640963505
79.453980617 98.11984160761538
79.455163516 98.14269876664426
79.757425418 98.14269876664427
79.837224427 98.19362826102741
79.84205127 98.21322345900772
80.160554106 98.21322345900774
80.184223763 98.26415295339088
80.481288227 98.26415295339089
80.507850686 98.29625816193233
80.513118714 98.29992381806237
80.817457151 98.33202902660379
80.82967235 98.3320290266038
80.852870829 98.33202902660382
81.110117081 98.36104790424086
81.38652066 98.37857188245222
81.637619847 98.41208926531506
82.305541071 98.44397099365595
82.305625602 98.4549493987289
82.313443249 98.45494939872891
82.361908491 98.45494939872893
83.412681226 98.5411318944259
83.417597076 98.54113189442592
83.632422254 98.61401743124912
83.643940044 98.61401743124914
83.81419917 98.68417159911304
