0.000354091 49.21013893452174
0.000420356 49.9979044358729
0.000538529 50.232969620336306
0.000580952 50.305007252568544
0.000673217 50.59585473775735
0.009272572 50.59786146927986
0.017221382 50.62228885448471
0.024642464 50.77771188664558
0.067089373 50.77771188664559
0.078936837 51.548968414233755
0.079035048 51.784033598697164
0.079069122 51.8560712309294
0.079128658 52.14691871611821
0.092221943 52.17335283284558
0.096937779 52.32877586500645
0.218650498 52.33989660522349
0.25208348 52.3398966052235
0.462023073 52.360768187009924
0.495630178 52.36076818700994
0.556210193 52.36076818700995
0.703450448 52.38614386852936
0.735756825 52.38614386852937
0.942748484 52.38795814403095
0.975473836 52.38795814403096
1.002454618 52.39307220425252
1.034940504 52.39307220425253
1.24095621 52.40332703031679
1.362815651 52.40471983251088
1.423219076 52.42288043693681
1.48249685 52.42288043693682
1.660599787 52.435773058576316
1.693114821 52.43577305857633
1.777990678 52.43793163663385
1.8114052059999999 52.43793163663386
2.012410899 52.438695889757426
2.106500814 52.43869588975744
2.255420155 52.44089974436689
2.287625258 52.4408997443669
2.407650537 52.47281766004478
2.614440524 52.474824391567296
2.647255842 52.47482439156731
2.674559652 52.49925177677214
2.7077383 52.499251776772155
3.07555387 52.74732160679744
3.075589714 53.535087108148616
3.075691231 53.770152292612025
3.075731611 53.84218992484426
3.075878067 53.890556157547834
3.076663605 54.133037410033054
3.088379946 54.15947152676043
3.4352517320000002 54.16023577988399
3.446645684 54.160235779884005
3.667096297 54.16023577988402
3.8988739900000002 54.16243963449347
4.354739977 54.1699301649665
4.360706494 54.19435755017135
4.824152858 54.196364281693874
5.05337124 54.220791666898705
5.514825417 54.22079166689872
5.965313594 54.285298956209516
5.96535461 54.91098851212955
5.965947993 54.91284061694806
5.966649314 55.03297306421622
5.966726743 55.117745646064904
5.966769919 55.589206823112775
5.967919416 55.70248560973194
5.96848157 55.73331772752499
5.971605688 55.74542152853222
5.971710693 55.80278953205513
5.9717782790000005 55.85457730015962
5.97235705 55.891470055093066
5.979048016 55.91589744029791
6.046548836 55.915897440297925
6.092099516 55.91790417182044
8.790839702 56.225287410461505
8.790891795 57.013052911812665
8.790998853 57.24811809627609
8.791177356 57.3685219612119
8.793414554 57.424025499858516
8.793963432 57.45485761765157
8.796973173 57.466961418658784
8.797088152 57.52432942218171
8.797137471 57.5761171902862
8.797695864 57.613009945219645
11.52318482 57.7039513512578
11.523281134 58.05858059756615
11.523306689 58.08247037877753
11.523402391 58.09350758375261
11.523857325 58.33149301199634
11.524592035 58.53639804111319
11.525735096 59.121138004780235
11.526288787 59.151970122573275
11.533645107 59.15377307092088
11.534223907 59.240017891084946
11.536916084 59.27107111715037
11.558922403 59.271071117150385
14.213458849 59.362012523188554
14.213548796 59.71664176949689
14.213574697 59.74053155070827
14.213666188 59.751568755683365
14.214125611 59.9895541839271
14.214873778 60.19445921304394
14.216013416 60.779199176710975
14.216558489 60.81003129450403
14.223739261 60.81183424285162
14.224336947 60.8980790630157
16.832124712 61.207469033179265
16.832166847 61.995234534530425
16.832420837 62.35070358392966
16.834512708 62.406207122576276
16.835063636 62.43703924036933
16.859168764 62.481135363380034
16.85986688 62.48113536338005
18.167927021 62.48113536338006
19.36200098 62.57207676941822
19.362077875 62.926706015726566
19.362180107 62.96163300191303
19.362606824 63.19961843015676
19.363484232 63.349442420617976
19.364411308 63.98926342294064
19.364959551 64.02009554073369
19.374884447 64.04332008195794
19.387568178 64.0641916637444
21.844841956 64.37358163390796
21.844885084 65.16134713525912
21.845137563 65.51681618465835
21.848945789 65.57231972330497
21.849447337 65.60315184109803
21.945288637 65.60315184109804
24.240379732 65.9125418112616
24.240422894 66.70030731261276
24.240664242 67.055776362012
24.242648669 67.11127990065862
24.290532689 67.11127990065863
26.576918294 67.2022213066968
26.577006469 67.55685055300515
26.577114111 67.59177753919163
26.577544952 67.82976296743536
26.578397764 67.97958695789657
26.579475561 68.26198041180777
26.580472188 68.38278537713981
26.584764306 68.38438469953269
26.592214156 68.48835211291808
26.596414445 68.5639044215726
28.861224694 68.65484582761076
28.861304284 69.0094750739191
28.861406527 69.0444020601056
28.861808791 69.28238748834931
28.862654843 69.43221147881053
28.863707353 69.71460493272173
28.868580727 69.7541598056221
28.868732096 69.78801941376591
28.868910022 69.83700922044665
28.876227265 69.94097663383204
29.42607254 69.94097663383207
31.045224528 70.03191803987022
31.045303652 70.38654728617857
31.045401432 70.42147427236503
31.045811598 70.65945970060878
31.046610849 70.80928369107
31.047656714 71.09167714498116
31.052397036 71.13123201788153
31.052556939 71.16509162602534
31.052732304 71.21408143270608
31.121393531 71.21408143270611
33.164770637 71.27819812426915
33.16492005 71.39933449101898
33.165661348 71.53463306172549
33.165742529 71.54724045361641
33.165859942 71.59631564630453
33.165911093 72.08238848994401
33.166579942 72.08238848994404
33.166944601 72.3647819438552
33.167972947 72.43815512362465
33.168549996 72.48558690918725
33.210807744 72.48558690918728
35.239351052 72.57652831522543
35.239433218 72.93115756153378
35.239912577 73.20406997596399
35.240700793 73.35389396642518
35.241345853 73.3538939664252
35.241688976 73.63628742033637
35.242325901 73.6362874203364
35.247332992 73.69282458126852
35.251107629 73.69333998970507
35.256548787 73.72763027897801
35.258480487 73.75616049309502
35.299760167 73.75616049309505
37.216875458 73.84710189913321
37.216952134 74.20173114544153
37.217416257 74.47464355987174
37.218201448 74.62446755033295
37.219193805 74.90686100424412
37.219831134 74.90686100424415
37.223685371 74.94641587714452
37.223833991 74.9802754852883
37.224441869 74.98027548528832
37.233588711 74.99820386288576
37.235478733 75.02673407700277
37.450483848 75.0267340770028
39.152802066 75.11767548304095
39.152885708 75.4723047293493
39.15333914 75.74521714377951
39.155000932 75.77443884089158
39.155090119 76.1774345881519
39.160257788 76.23397174908405
39.163795216 76.23448715752059
39.168997989 76.26877744679351
39.206537317 76.26877744679354
40.415208036 76.26877744679356
41.024735641 76.35971885283169
41.024813757 76.71434809914004
41.025292882 76.98726051357025
41.026954184 77.01648221068231
41.027041467 77.41947795794263
41.032120163 77.47601511887478
41.035594939 77.47653052731133
41.040725719 77.4867331875061
41.047785643 77.49289243898681
41.060194166 77.49289243898683
41.194040622 77.49289243898684
41.466149505 77.49289243898686
42.827853663 77.58383384502501
42.827924803 77.93846309133333
42.828355084 78.21137550576354
42.829927881 78.24059720287563
42.830584366 78.64359295013595
42.834973321 78.7001301110681
42.838289572 78.70064551950465
42.856176149 78.71084817969943
43.279639076 78.71084817969944
44.587198384 78.80178958573758
44.587278273 79.15641883204593
44.587735461 79.42933124647614
44.589355332 79.4585529435882
44.589451535 79.50904282794669
44.594265166 79.91808585178067
44.59759391 79.91860126021722
44.665952847 79.91860126021723
45.242815645 79.91860126021724
46.289011453 80.0095426662554
46.289095633 80.36417191256375
46.291390158 80.63708432699396
46.292936385 80.66630602410602
46.293555782 80.7167959084645
46.301645627 80.88599019337424
46.301878263 80.99102697418375
46.301914247 81.0647673354997
46.631676127 81.06476733549971
47.940529887 81.15570874153788
47.94060509 81.5103379878462
47.941764989 81.76130027842215
47.943069381 81.8124720993885
47.943142351 81.86296198374698
47.952332618 81.92945588492255
47.953220188 81.97475804034279
47.953717013 82.05086726632011
47.954185422 82.07515159946347
47.964528419 82.15071740950573
48.378420639 82.15071740950575
49.534165215 82.2416588155439
49.534239308 82.59628806185225
49.535388906 82.8472503524282
49.536144067 82.89842217339452
49.540735068000004 82.91338797843596
49.544297111 83.11810634266277
49.544503397 83.22314312347225
49.716149509 83.22314312347227
50.212092009 83.22314312347228
51.083713964 83.31408452951041
51.083793565 83.66871377581876
51.084941174 83.91967606639471
51.088345752 83.93678926648471
51.090252684 83.98581369240244
51.095076779 84.05233685139248
51.09516089 84.13313382831532
51.096063761 84.233527387436
51.156027947 84.23352738743601
51.33550921 84.23352738743603
52.262401684 84.23352738743604
52.580493167 84.32446879347418
52.580558574 84.67909803978253
52.581684182000004 84.93006033035849
52.587396621 84.99619795636622
52.591630116 85.1435180922791
52.651021943 85.14351809227912
54.022877887 85.23445949831728
54.022952567 85.58908874462563
54.024056254 85.84005103520155
54.029189841 85.90618866120931
54.03376931 85.97271182019932
54.03386353 86.05350879712216
54.148758521 86.05350879712219
55.420968574 86.14445020316035
55.421044221 86.4990794494687
55.422109262 86.75004174004465
55.427140619 86.81617936605238
55.432575043 86.81617936605241
56.775764025 86.9071207720906
56.77584353 87.26175001839894
56.776916962 87.51271230897487
56.79938201 87.55104278807116
57.480775691 87.55104278807119
58.085894798 87.64198419410934
58.085964499 87.99661344041769
58.086997738 88.24757573099365
59.345720972 88.3385171370318
59.345791561 88.69314638334015
59.34698621 88.79056573501802
59.347014552 88.84009586765299
59.347280637 88.9441086739161
60.042857725 88.94410867391613
60.571948036 89.03505007995429
60.572015221 89.38967932626261
60.573697115 89.50095425331762
60.58353571 89.55534826135505
60.593310183 89.55534826135508
61.75870663 89.64628966739323
61.75929243 90.00091891370155
61.76041224 90.11219384075656
61.78383112 90.11219384075659
62.905574472 90.20313524679474
62.905651668 90.5577644931031
62.911372063 90.56665408140105
62.91395751 90.57840633493367
62.917334866 90.60813634721336
64.015563111 90.69907775325154
64.01610737 91.05370699955989
64.023435304 91.07434884139045
65.059316534 91.16529024742863
65.05939208 91.51991949373695
65.064625862 91.52880908203491
66.072266292 91.61975048807307
66.073121414 91.62444354522802
66.074079665 91.65796579343282
66.074906144 91.84726574246814
66.074982238 91.87319759457642
66.075284618 91.88125872075966
66.076020837 91.90000128276736
66.081160598 91.95552913618532
67.050205899 92.04647054222347
67.050721212 92.0464705422235
67.051040376 92.05116359937843
67.051999673 92.08468584758326
67.052828948 92.29991764872683
67.053123281 92.3079787749101
67.053843013 92.32672133691777
67.05979544 92.37854579303873
67.060140635 92.37854579303875
67.992238461 92.46948719907691
67.993076445 92.47418025623183
67.995078121 92.50770250443666
67.995877081 92.72293430558024
67.996157194 92.7309954317635
67.996826402 92.74973799377118
68.010356221 92.75081165388592
68.89282288 92.8417530599241
68.893663251 92.84644611707903
68.895384294 93.09520016642743
68.895683293 93.1032612926107
68.907412521 93.10326129261072
69.756217612 93.15479050994013
69.756489184 93.19420269864888
69.756803518 93.19889575580383
69.758543259 93.24113441586472
69.759309332 93.36159582227656
69.759572793 93.43895129357604
69.760674529 93.44764980515224
70.579365508 93.49917902248161
70.579902107 93.54328426834532
70.581570084 93.5855229284062
70.582188721 93.70598433481807
70.582428659 93.78333980611755
70.590680337 93.78693082304018
70.718935483 93.78693082304021
71.382496527 93.83846004036958
71.383028082 93.88256528623329
71.384682165 93.92480394629418
71.385262676 94.04526535270601
71.38552743 94.12262082400552
71.393284231 94.12621184092812
71.804514064 94.12621184092815
72.144389165 94.17774105825752
72.144885901 94.22184630412123
72.146465582 94.27117906327997
72.147087976 94.38454637059398
72.147334167 94.46190184189346
72.872176088 94.51343105922287
72.872667844 94.55753630508657
72.874215235 94.59977496514746
72.87490816 94.68864660639802
72.880223892 94.73285988192755
72.884333355 94.75509274086126
73.565196314 94.80662195819063
73.565682519 94.85072720405434
73.567204364 94.89296586411523
73.567809885 94.98183750536579
73.572950475 94.99682478738187
73.573201166 94.99682478738188
73.576620759 95.02605078089532
74.234618385 95.07757999822472
74.235137909 95.12168524408843
74.23660472 95.17101800324717
74.237243654 95.25279554539988
74.241729898 95.28325576866676
74.87324401 95.33478498599617
74.873688779 95.37889023185987
74.875145447 95.42112889192076
74.875699609 95.51000053317132
74.883880121 95.52498781518743
75.47674924 95.57651703251682
75.477187701 95.62062227838052
75.478574576 95.66286093844141
75.47913317 95.75173257969197
76.061189686 95.80326179702136
76.061623046 95.84736704288507
76.062979982 95.88960570294596
76.064026821 95.91100397394906
76.064170324 95.9582296200428
76.071618908 95.95822962004283
76.612417664 96.00975883737222
76.612839039 96.05386408323594
76.614174871 96.09610274329683
76.615024528 96.11750101429993
76.618176662 96.12129141059948
76.619282034 96.1474926839277
76.62226373 96.14749268392772
77.139309981 96.19902190125711
77.13969187 96.24312714712083
77.140934794 96.29245990627957
77.142050327 96.30676407818483
77.14456807 96.31055447448439
77.148811991 96.31407293894245
77.640395608 96.36560215627183
77.640783918 96.40970740213555
77.642021464 96.4590401612943
77.642925174 96.47334433319955
77.64386579 96.5901688604578
77.649773279 96.60149353479078
78.151316337 96.65302275212017
78.151682973 96.69712799798387
78.152892981 96.73936665804476
78.153681553 96.76076492904787
78.157638097 96.76266947382368
78.232684022 96.7626694738237
78.602744684 96.81419869115308
78.603105605 96.8583039370168
78.605674809 96.90054259707767
78.606477264 96.90430550908034
78.606673647 96.90763669617554
78.609089102 96.91718342344926
78.812898259 96.91718342344927
79.029788947 96.96871264077865
79.030126348 97.01281788664237
79.03125255 97.06215064580111
79.223489718 97.06215064580113
79.430742451 97.1136798631305
79.431065665 97.15778510899422
79.43301981 97.20378668105778
79.637041955 97.20378668105779
79.808674202 97.25531589838717
79.808988055 97.29942114425087
79.809928755 97.38289410721815
79.810633611 97.40590999833974
79.810670876 97.56740300732862
79.824712221 97.56740300732864
79.831587611 97.56740300732865
80.091354803 97.56740300732866
80.151355289 97.61893222465804
80.151649699 97.66303747052176
80.153300569 97.69120783035565
80.153327196 97.70332615168034
80.362497818 97.70332615168036
80.478019774 97.75485536900975
80.478314919 97.79896061487345
80.479927055 97.87316522507204
80.676666399 97.87316522507206
80.786076054 97.92469444240143
80.786363661 97.96879968826515
80.79205325 97.97393397395408
80.977836812 97.97393397395409
81.077729022 98.02546319128346
81.077982888 98.06956843714718
81.252570604 98.0695684371472
81.350689285 98.12109765447657
81.352861019 98.15317972954684
81.425173427 98.15317972954685
81.607079001 98.20470894687622
81.636178137 98.20470894687624
81.674451693 98.20470894687625
81.846184178 98.2467527777962
81.846282551 98.34365055422009
81.873491823 98.3436505542201
82.070547602 98.43608405409722
82.07069442 98.49562261586361
82.096256866 98.49562261586362
82.278888313 98.51808464696636
82.279265661 98.52003028832101
82.282440197 98.5381139159006
82.305807532 98.53811391590061
82.472281118 98.56057594700334
82.473022485 98.562521588358
82.476056709 98.83521043397155
82.498140283 98.83521043397157
82.654448082 98.8576724650743
82.655198943 98.85961810642895
82.675828968 98.85961810642897
82.823853956 98.8820801375317
82.8491047 98.88208013753172
82.981093671 98.92367591353758
83.059106859 98.9236759135376
83.128120211 98.93378261218548
83.128615863 98.941236769086
83.201442254 98.94123676908602
83.26189718 98.9513434677339
84.368166238 98.95805142240609
