0.000358249 50.545496118914194
0.000427989 50.894745180698
0.000456153 51.421215330931126
0.000497807 52.28005819333719
0.000523618 52.56664312706244
0.00066027 52.623006986168825
0.000886022 52.77310759937634
0.001124172 52.78800106493269
0.001151554 52.90443531898878
0.00845555 53.270311945587544
0.010176162 53.31351181129873
0.010421265 53.47906128189319
0.079103462 53.783095108946874
0.079131792 54.06968004267214
0.079404558 54.27614451498602
0.079595586 54.29103798054238
0.079620217 54.407472234598465
0.085430105 54.478475504976224
0.08618461 54.77334886119723
0.086723463 54.816548726908415
0.086916207 54.98209819750287
0.329229422 55.00371111395014
0.450441146 55.014383277445994
0.569514208 55.01817548686398
0.807432716 55.02697410103315
0.927225613 55.041487631061834
1.077170078 55.04325822871173
1.105322411 55.04325822871174
1.164577464 55.04381721277928
1.224895111 55.04814861289294
1.343293021 55.05475383234559
1.465417644 55.10660300931671
1.525979527 55.10660300931672
1.5859904409999999 55.125578439153124
1.646143383 55.13090704040534
1.7670011049999998 55.14023147394679
1.885839627 55.14469458093556
2.123813378 55.149433021771635
2.395722825 55.19263288748281
2.424202794 55.19263288748282
2.723308879 55.261583247597336
2.842043161 55.27035770693701
3.072918569 55.82481256856365
3.07295251 56.111397502288916
3.073068751 56.167761361395286
3.073260561 56.317861974602785
3.0734481909999998 56.33275544015914
3.073473311 56.44918969421523
3.079091235 56.81506632081399
3.079883922 56.815066320814005
3.080448733 56.85826618652518
3.108594329 56.93599100597937
3.122138672 56.93599100597939
3.223565921 56.94072944681546
3.352922235 56.94072944681547
4.110375012 57.05287967264117
5.939306377 57.66404730015475
5.939466304 58.006996092986384
5.939654955 58.15709670619388
5.939861361 58.17199017175025
5.939888187 58.288424425806326
5.945400332 58.65430105240509
5.946180387 58.6543010524051
5.947993153 58.76645127823079
7.500603297 58.766451278230804
8.740485403 59.446569265858884
8.740631188 59.78951805869052
8.740829072 59.93961867189803
8.741016065 59.95451213745439
8.741041159 60.070946391510475
8.746477814 60.43682301810924
8.856261905 60.43682301810925
11.478329820999999 61.116941005737345
11.478496367 61.45988979856898
11.480618013 61.60999041177648
11.480799102 61.62488387733285
11.480824034 61.74131813138892
11.486036711 62.107194757987685
12.817680031 62.1071947579877
14.133506671 62.33949086676034
14.133561152 62.715298879098256
14.133794958 63.28036215165494
14.133970848 63.29525561721128
14.133996639 63.411689871267384
14.146791966 63.433542442771795
14.149522187 63.480503638173374
14.150021077 63.49577308155122
14.154277828 63.56520043145969
14.159189844 63.59242929812007
14.164272283 63.66962110715633
14.170400297 63.67195068887379
14.22261642 63.67195068887381
16.723260347 64.08439420115461
16.723344248 64.28005480998436
16.725222869 64.84511808254103
16.7253999 64.86001154809739
16.728358475 64.90519027553916
16.732530847 64.92649072445845
16.733044767 65.01506136956819
16.739511836 65.04525956905948
16.739994489 65.06052901243733
16.749096903999998 65.15718522900617
16.754286193 65.23437703804244
17.967958692 65.23437703804245
19.255408994 65.64682055032326
19.255490443 65.84248115915301
19.255725758 66.40754443170968
19.258905956 66.4676166247078
19.263056828 66.48891707362709
19.263579276 66.57748771873685
19.27099951 66.60768591822813
19.271469775 66.62295536160597
19.280416407 66.71961157817482
21.350229541 66.71961157817483
21.705061594 67.13205509045564
21.705145781 67.32771569928539
21.705378878 67.89277897184206
21.708577428 67.95285116484018
21.712697023 67.97415161375947
21.713216773 68.06272225886921
21.719547749 68.09292045836051
21.720021742 68.10818990173836
21.736251063 68.1985816935817
23.77892341 68.19858169358172
24.135610345 68.61102520586253
24.135686446 68.80668581469229
24.135912564 69.37174908724896
24.138984581 69.43182128024708
24.142980049 69.45312172916636
24.143473329 69.5416923742761
24.150599598 69.57189057376739
24.151032287 69.58716001714522
26.470852377 69.81945612591788
26.470908806 70.1952641382558
26.471143417 70.76032741081247
26.474858178 70.82039960381059
26.483019587 70.91350770192932
26.506590283 70.91350770192933
26.509666499 70.9302706978396
26.752722667 70.93027069783962
27.248586657 70.93027069783963
28.758641755 71.16256680661228
28.758690976 71.53837481895017
28.758911972 72.10343809150685
28.770497481 72.2566183826237
28.793394218 72.25661838262371
30.600243726 72.25661838262373
30.939458149 72.48891449139637
30.939511673 72.86472250373431
30.939728985 73.42978577629097
30.951200981 73.49762955359932
30.956613231 73.5224191407727
30.958770674 73.54527655891681
33.043267864 73.77757266768947
33.043322615 74.15338068002738
33.043689524 74.37047021765927
33.043843989 74.43249628628743
33.044229381 74.71844395258405
33.054794976 74.78628772989241
33.060902875 74.81107731706577
33.063566836 74.83393473520988
35.10521388 75.34950115870754
35.105311093 75.44203885632045
35.105704872 75.65912839395234
35.105881603 75.7211544625805
35.10780127 75.7364437880926
35.108352363 75.95855716507742
35.116653816 76.07494590618548
35.122571091 76.09973549335884
35.131853645 76.12086875977546
37.116148775 76.63643518327314
37.116228033 76.72897288088603
37.116580618 76.94606241851793
37.116729002 77.00808848714607
37.118540422 77.02337781265817
37.119288082 77.16757057087625
37.130952813 77.18605938089036
37.133128783 77.31446352240201
37.133165866 77.38666951792442
37.520322657 77.38666951792443
39.051481976 77.90223594142208
39.051573286 77.99477363903499
39.051952537 78.21186317666688
39.052106455 78.27388924529502
39.054641789 78.43337132902519
39.066162843 78.44390111327093
39.066536341 78.45186013903928
39.079377525 78.4640578126102
39.083578035 78.6266376082242
39.084125116 78.62768068890001
40.097200511 78.62768068890003
40.945024196 79.14324711239769
40.945099203 79.23578481001059
40.945454843 79.45287434764248
40.947507474 79.45356597020333
40.948066904 79.6743825000008
40.95923318 79.69287131001491
40.961278441 79.82127545152656
40.969300816 79.86764877919978
42.397927178 79.8676487791998
42.646908527 79.86764877919981
42.768033793 80.38321520269744
42.768101926 80.47575290031037
42.76844814 80.69284243794226
42.77047455 80.69353406050311
42.7710236 80.91435059030056
42.794423788 80.94503707388557
44.521327432 81.46060349738323
44.521403401 81.55314119499616
44.522607831 81.58479496327868
44.522778493 81.76211165872235
44.523697785 81.77092235518887
44.52423559 81.99173888498635
44.558793163 81.99173888498638
46.272027811 82.507305308484
46.27210583 82.59984300609693
46.273296783 82.63149677437946
46.273465542 82.80881346982312
46.274380896 82.81762416628968
46.275257009 82.92072116495012
46.275341364 82.9626610384081
46.275507827 83.03844069608712
46.648470553 83.03844069608714
47.125202012 83.03844069608715
47.911400642 83.55400711958478
47.911478663 83.64654481719771
47.912757545 83.67819858548026
47.912923852 83.8555152809239
47.913798629 83.86432597739045
47.930019371 83.94488748386891
47.932771165 83.98113333404285
47.943445796 83.98113333404287
48.283253276 83.98113333404288
49.041130997 83.98113333404291
49.504584266 84.49669975754055
49.504654304 84.58923745515345
49.505253851 84.58923745515347
49.505801605 84.620891223436
49.505954271 84.79820791887967
49.506804486 84.8070186153462
49.522786925 84.88758012182468
51.04149727 85.40314654532233
51.041570446 85.49568424293525
51.042824233 85.70465470666144
51.043653694 85.71346540312797
51.066615304 85.713465403128
52.288097476 85.71346540312801
52.532894686 86.22903182662566
52.532965481 86.32156952423858
52.534099501 86.35322329252114
52.534255845 86.53053998796477
52.701922332 86.5305399879648
53.968520273 87.04610641146243
53.968605377 87.13864410907536
53.969179709 87.13864410907537
53.970232229 87.17029787735792
53.970348502 87.17467790700141
53.970805237 87.1952938718961
54.106480691 87.19529387189613
55.353727507 87.71086029539376
55.353801197 87.80339799300668
55.369115433 87.82417357912175
55.377623662 87.82417357912176
55.379250109 87.83505176128925
56.297857956 87.83505176128926
56.704243642 88.35061818478692
56.704316981 88.44315588239982
56.704862393 88.44315588239985
56.719396303 88.46393146851491
57.034091344 88.46393146851493
58.008506008 88.97949789201257
58.008572484 89.0720355896255
58.16270795 89.07203558962551
59.289488069 89.58760201312316
59.289576151 89.68013971073606
59.617090426 89.68013971073609
60.511758189 89.8284781013805
60.512781008 90.08580425948897
60.513234537 90.08580425948898
60.516557294 90.12969455801822
60.517204993 90.16522345828373
60.5199692 90.22872785828453
60.523973702 90.25966600319198
60.547611331 90.259666003192
60.629275771 90.25966600319201
60.723809953 90.25966600319202
61.692472295 90.40800439383645
61.69333615 90.46374085215496
61.693554368 90.5050889132416
61.694112287 90.5672814259986
61.695474854 90.6110317866488
61.696776721 90.6485184341256
61.699524715 90.66426063445479
61.699669099 90.66965987661413
61.699925215 90.80825415074045
61.724481939 90.80825415074047
61.769776925 90.80825415074048
62.839857762 90.95659254138492
62.840734921 91.01232899970343
62.840950435 91.05367706079006
62.841392733 91.05367706079008
62.841508689 91.11586957354707
62.842927714 91.15961993419727
62.844172139 91.19710658167408
62.84464209 91.19710658167409
62.846892714 91.21284878200326
62.847039971 91.21824802416259
62.848778391 91.28711380923654
62.854243786 91.29666616673204
62.921640915 91.29666616673205
63.363368018 91.29666616673207
63.948752933 91.4450045573765
63.949580156 91.50074101569501
63.94981322 91.54208907678165
63.950330407 91.60428158953866
63.951671431 91.64803195018885
63.954261475 91.67701134897757
63.955538989 91.70126079799485
63.955690265 91.70666004015418
63.956709487 91.77552582522813
63.963345742 91.78507818272362
64.450128765 91.78507818272364
65.00306781 91.93341657336805
65.003904654 91.98915303168656
65.004404995 91.98915303168658
65.00462683 92.0926936055302
65.005100105 92.09269360553023
65.005958386 92.1364439661804
65.006401073 92.13644396618042
65.007151694 92.1739306136572
65.007615664 92.17393061365723
65.009701093 92.18967281398639
65.009842969 92.19507205614576
65.011311889 92.2639378412197
65.113363984 92.26393784121971
65.831255205 92.26393784121973
66.014851015 92.41227623186415
66.015664172 92.46801269018266
66.01636461 92.5715532640263
66.018133056 92.61530362467653
66.01887828 92.65279027215331
66.021430251 92.66853247248253
66.021579028 92.67393171464184
66.02782006 92.68233660262305
67.022392565 92.83067499326748
67.023168687 92.88641145158599
67.023645167 92.88641145158601
67.023849506 92.98995202542963
67.024322317 92.98995202542966
67.025162521 93.03370238607982
67.026325263 93.07118903355664
67.02677246 93.07118903355666
67.028849719 93.08693123388585
67.028985306 93.09233047604519
67.988523301 93.24066886668962
67.989922164 93.47398440590308
67.99440389 93.57798759759302
68.031329651 93.57798759759304
68.121656886 93.57798759759305
68.53416082 93.57798759759307
68.889798884 93.72632598823748
68.891379497 93.7457003948721
68.891428947 93.84192176419072
68.892399296 93.92935338104985
68.904926798 93.94358054570884
68.905307341 93.94651055849685
68.905536321 93.94957316684032
68.9071842 93.98365214634593
68.919755529 93.98365214634597
69.749757766 94.13199053699037
69.751358918 94.151364943625
69.751396358 94.24758631294364
69.752331403 94.33501792980275
69.760556818 94.34924509446174
69.781218776 94.34924509446175
69.865065086 94.34924509446176
70.577514243 94.49758348510619
70.579081245 94.51695789174082
70.579690603 94.61317926105946
70.580996747 94.70061087791856
70.588599692 94.76609671624894
70.85983258 94.76609671624895
71.045863685 94.76609671624897
71.363813567 94.91443510689336
71.365260177 94.99871178132813
71.365442198 95.03003088284663
71.372321324 95.0325222561165
71.372461202 95.06107281742302
71.374512077 95.09606270871515
71.470316506 95.09606270871517
71.557258756 95.09606270871518
72.120927106 95.24440109935959
72.121706624 95.28223745757761
72.122501321 95.32867777379435
72.124106316 95.35173203739028
72.128559421 95.36248824858272
72.128680529 95.39103880988922
72.144148136 95.39103880988925
72.665215319 95.39103880988928
72.846806608 95.53937720053369
72.847605355 95.57721355875171
72.848356011 95.62365387496845
72.84967343 95.64670813856438
72.854698248 95.65746434975682
73.065503591 95.65746434975684
73.343074518 95.65746434975685
73.538007953 95.65746434975686
73.542947427 95.681080160635
73.542980919 95.80580274040126
73.543141167 95.91313367843195
73.554558895 95.9152033965318
73.888556237 95.91520339653181
74.194338102 95.91520339653182
74.21445734 96.06354178717622
74.215702352 96.14781846161098
74.217143618 96.1708727252069
74.243113972 96.17087272520692
74.31850603 96.17087272520693
74.681763866 96.17087272520695
74.844371398 96.31921111585139
74.84568087 96.33858552248599
74.845819822 96.40348779028612
75.100340766 96.40348779028615
75.233154015 96.40348779028616
75.448593595 96.51944137284916
75.449289317 96.59865709314177
75.450883745 96.62601620441443
75.458957657 96.62601620441444
75.56732668 96.62601620441446
76.029224199 96.72742887597076
76.029717947 96.82118550727009
76.195526515 96.8211855072701
76.583256923 96.9225981788264
76.584042031 96.93182366876448
76.584847001 96.935919731909
76.585282938 96.98870512750699
76.592814797 97.01635481012572
76.68068413 97.01635481012573
77.105660916 97.11776748168205
77.106029207 97.1269929716201
77.106935285 97.13108903476463
77.107086812 97.18387443036261
77.127401384 97.18387443036264
77.601044412 97.28528710191893
77.601446216 97.29451259185699
77.602601467 97.33448069709793
77.607380084 97.33678185852666
77.607519987 97.33765809727467
77.610001143 97.34621537253864
77.626804869 97.34621537253867
77.759527011 97.34621537253868
78.095698961 97.39774822156824
78.096054607 97.45685353403303
78.097101704 97.49682163927397
78.101469637 97.49912280070271
78.156027689 97.49912280070272
78.553119593 97.61507638326573
78.554594012 97.64972906743803
78.598410482 97.64972906743805
78.804641726 97.64972906743806
78.980736292 97.70126191646763
78.980778871 97.71957041615168
78.981250989 97.76036722893242
78.98728557 97.76036722893244
78.987377333 97.76568265000107
79.135717361 97.76568265000108
79.337260797 97.7656826500011
79.388295571 97.81721549903067
79.388424376 97.83552399871472
79.388882776 97.87632081149546
79.394543091 97.87632081149548
79.420283372 97.87632081149549
79.721978598 97.8763208114955
79.769651347 97.92785366052507
79.76980432 97.94616216020913
79.775684797 97.94616216020914
79.80520563 97.94616216020916
79.846669446 97.94616216020917
80.118400143 97.973881354466
80.118585518 97.98933549969989
80.119186045 97.99769500923874
80.122879149 98.00613792943562
80.142574736 98.00613792943564
80.428934311 98.00613792943565
80.44505089 98.03385712369248
80.445227824 98.04931126892637
80.445819306 98.05767077846522
80.463263277 98.05767077846524
80.750367843 98.08538997272207
80.750552907 98.10084411795599
80.768317384 98.100844117956
80.820323813 98.10084411795602
81.039975571 98.13475937518288
81.056798751 98.1347593751829
81.315416605 98.13622919798105
81.39732683 98.13622919798107
81.44376832 98.13622919798108
81.808003448 98.15691940240806
81.826876414 98.15691940240809
82.244427112 98.29387684861605
82.279875895 98.29387684861608
82.619493354 98.31561879027937
82.763213091 98.31561879027939
82.774126007 98.31561879027942
82.951423985 98.33070318433877
82.951519825 98.42249688081066
82.957626206 98.42249688081068
83.669283182 98.4910349719207
83.834529239 98.68512316716118
83.871558936 98.68512316716121
