0.000353497 46.846754924336025
0.000429124 48.47682522578083
0.000487369 48.710635737910565
0.00055859 48.86655070443595
0.000585051 48.87288146729128
0.000610216 48.95274381685863
0.00081674 49.11402159785594
0.001009693 49.137994701754394
0.001066013 49.3809594781317
0.012797924 49.50853051581127
0.031924115 49.60049025745788
0.078827233 49.96869839805153
0.078885997 50.202508910181265
0.078945078 50.35842387670665
0.07896791 50.36475463956198
0.07898958 50.44461698912933
0.079165039 50.605894770126625
0.079328583 50.629867874025095
0.079380942 50.8728326504024
0.088571731 51.000403688081974
0.103629373 51.09236342972858
0.286692942 51.09325245169171
0.529819424 51.099104256258684
0.768787722 51.1116796042723
0.889830823 51.12746411487059
1.009340962 51.13067498181587
1.068291205 51.130674981815886
1.186495055 51.162520691391876
1.246222108 51.17838708025232
1.3653343549999999 51.18457063668672
1.426670455 51.18457063668673
1.48716346 51.191684400839165
1.547759033 51.19241850791552
1.787848707 51.19977491134186
1.8484189290000002 51.199774911341876
1.929643357 51.201361036481885
2.027241448 51.221211508240174
2.1457925700000002 51.227573131690086
2.2055255320000002 51.22757313169009
2.266499468 51.25450598453767
2.289250468 51.25450598453769
2.388569722 51.27864730026754
2.506220727 51.347526610347394
2.529228824 51.34752661034741
2.627637719 51.34878254591973
2.863834896 51.38094176796596
2.9242929 51.380941767965965
3.08392619 51.97340980270454
3.083987001 52.20722031483429
3.084052819 52.36313528135966
3.08407769 52.369466044215
3.084101701 52.44932839378235
3.084285319 52.61060617477965
3.084444473 52.63457927867812
3.084495473 52.877544055055424
3.106721449 53.00385915716265
3.10939803 53.037274314781214
3.683479778 53.12923405642781
4.142079727 53.12923405642782
5.95559056 53.81240589724067
5.955652762 54.04621640937041
5.95571708 54.202131375895796
5.9557418250000005 54.20846213875114
5.955765916 54.28832448831847
5.955945534 54.44960226931578
5.956103712 54.47357537321425
5.956285793 54.48492150825658
5.956312186 54.673715721603706
5.956497713 54.68701304219055
5.974188903 54.68774714926689
5.974979168 54.6877471492669
5.990875531 54.72290177304148
6.00091816 54.74983462588906
6.103184711 54.75631693066003
6.11394148 54.78324978350762
7.460749624 54.78324978350763
8.765381549 55.47290392909145
8.765450784 55.70671444122119
8.765516814 55.862629407746574
8.765542955 55.8689601706019
8.76556789 55.94882252016925
8.765756502 56.11010030116655
8.766102782 56.14541954010735
8.766131202 56.334213753454485
8.766304011999999 56.347511074041314
8.783710542 56.34824518111767
8.809794562 56.410332657739836
10.225781688 56.41033265773984
11.507448923 57.126919656171246
11.507515395 57.36073016830098
11.507580985 57.51664513482637
11.507607184 57.5229758976817
11.507630911 57.602838247249046
11.507945752 57.78808913214481
11.508115944 57.79943526718716
11.508142537 57.98822948053428
11.508325862 58.00152680112112
11.525403446 58.002260908197464
11.526149125 58.00226090819747
11.578823047 58.00226090819748
12.971459512 58.002260908197485
14.192026017 58.71884790662889
14.192093801 58.952658418758624
14.192158401 59.10857338528401
14.192184335 59.11490414813935
14.192208821 59.19476649770669
14.192363573 59.356044278704
14.192697835 59.391363517644784
14.192725654 59.58015773099192
14.192897146 59.59345505157875
14.243039923 59.59418915865511
14.313977036 59.59418915865512
16.787748418 60.31077615708651
16.787817049 60.544586669216244
16.790044741 60.70050163574163
16.790070833 60.70683239859697
16.790093345 60.78669474816432
16.790253184 60.94797252916162
16.790554318 60.98329176810242
16.790579444 61.17208598144954
16.79073449 61.185383302036385
16.941076475 61.18538330203639
18.397264796 61.185383302036406
19.308352204 61.6945752020141
19.308509804 61.82311083643126
19.308676373 62.09306883229737
19.311916964 62.15425767924136
19.312049016 62.28796297771377
19.312227019 62.341511122339135
19.312252408 62.356132403554746
19.313119711 62.59785320716592
19.317267957 62.683997300837184
19.319744211 62.715568026394386
19.664544919 62.71556802639439
19.911706578 62.7155680263944
21.769361652 63.224759926372094
21.769487344 63.35329556078927
21.769629021 63.623253556655364
21.772682727 63.68444240359937
21.772809438 63.81814770207176
21.772982994 63.87169584669713
21.773008232 63.88631712791274
21.773687515 63.88631712791275
21.773859845 64.12803793152392
21.77786994 64.21418202519519
22.448599895 64.2141820251952
24.168654461 64.85190955959007
24.168789393 65.12186755545618
24.171835496 65.18305640240018
24.171962843 65.31676170087258
24.17211731 65.37030984549794
24.172142009 65.38493112671355
24.172824397 65.38493112671357
24.173235886 65.59887774679007
24.173924347 65.59887774679008
24.188444995 65.70694421942905
26.520687439 66.3446717538239
26.520779035 66.52650355310637
26.520841148 66.61462974969
26.523809233 66.675818596634
26.523937571 66.8095238951064
26.524101323 66.86307203973176
26.52412547 66.87769332094739
26.524805273 66.8776933209474
26.525205511 67.0916399410239
28.799481187 67.72936747541878
28.799612686 67.99932547128488
28.802646119 68.19421961670126
28.802809607 68.24776776132664
28.80283377 68.26238904254224
28.803507065 68.26238904254227
28.81069372 68.27689646502715
28.82224012 68.3712102620721
28.824186614 68.41158253627604
28.839592179 68.47633566261877
31.036848321 68.98552756259646
31.036998067 69.11406319701362
31.037125736 69.38402119287973
31.040124608 69.57891533829613
31.040277836 69.63246348292148
31.040303805 69.6470847641371
31.047796842 69.66159218662199
31.054839201 69.67975183785502
31.055066939 69.7253610982415
31.05541801 69.78390391250203
31.061126347 69.79627825787091
31.14536057 69.79627825787092
32.192645363 69.79627825787094
33.180727656 70.43400579226581
33.180857852 70.7039637881319
33.18379798 70.8988579335483
33.18394705 70.95240607817367
33.183973009 70.96702735938928
33.184656466 70.96702735938929
33.191463052 70.98153478187417
33.198347043 70.99969443310721
33.198558525 71.04530369349368
33.202581903 71.07584857891912
34.379378617 71.07584857891914
35.311189298 71.71357611331399
35.311315824 71.98353410918007
35.314213669 72.17842825459647
35.314362737 72.23197639922184
35.31438743 72.24659768043745
35.315058838 72.24659768043746
35.321616216 72.26110510292234
35.332783767 72.29416817265803
35.344257332 72.32487401454188
37.348383224 72.96260154893675
37.348733215 73.22065691576236
37.349248237 73.23255954480284
37.351415913 73.42745369021924
37.351575522 73.4810018348446
37.351599527 73.49562311606022
37.359903447 73.51013053854511
38.372597886 73.51013053854513
39.318323618 73.6340842796225
39.318435136 74.14785807294001
39.318722688 74.40591343976563
39.319203648 74.4178160688061
39.321316112 74.6127102142225
39.321464905 74.66625835884786
39.321489697 74.68087964006348
39.436669314 74.6808796400635
41.244358426 74.80483338114088
41.244481531 75.31860717445836
41.244594564 75.58856517032447
41.247301545 75.78345931574087
41.247447518 75.83700746036622
41.247472474 75.85162874158185
41.337340854 75.85162874158186
43.069314456 75.97558248265925
43.069443343 76.48935627597673
43.069742846 76.74741164280235
43.070230141 76.75931427184283
43.077212427 76.9097334381646
43.077568532 76.97832238107229
44.822317858 77.61604991546716
44.822431693 77.88600791133327
44.82988673 78.03642707765505
44.839498632 78.05441315295302
44.840900622 78.0794828953889
45.764210358 78.07948289538892
46.525608051 78.0844732782669
46.525658828 78.2034366364663
46.525751938 78.71721042978378
46.527798751 78.9752657966094
46.541510856 79.13758759197168
47.357831127 79.1375875919717
48.176739561 79.14257797484969
48.176877016 79.44819643304088
48.177057994 79.51915434884965
48.1771799 80.03337049319218
48.193724839 80.09176490236946
48.195651928 80.09858283565676
49.760758093 80.10357321853475
49.760904312 80.40919167672594
49.761083945 80.48014959253473
49.761210369 80.99436573687726
49.777515139 81.05276014605454
49.78084899 81.05935109245034
49.792389759 81.05957807934182
51.290778912 81.06456846221981
51.290827943 81.1835318204192
51.290916896 81.69730561373669
51.291162996 81.95536098056232
51.306881608 82.0137553897396
51.308975452 82.02034633613539
51.399533969 82.0203463361354
52.779994073 82.3309551772046
52.780140511 82.65807387053029
52.78042284 82.91612923735592
52.802425634 82.93235318800212
52.80355243 82.96620771100429
54.237230121 83.27681655207347
54.237363999 83.60393524539916
54.237725723 83.61413168013259
54.240122731 83.73529499608878
54.24614776 83.80248866738891
54.258168483 83.878214562871
54.45780265 83.87821456287101
55.666427269 84.18882340394019
55.666571508 84.51594209726586
55.666966925 84.52613853199931
55.669323669 84.64730184795549
55.678787462 84.66452879394244
55.67930138 84.68987331262547
55.679788278 84.68987331262548
55.957879149 84.6898733126255
57.040455269 85.00048215369466
57.04058291 85.32760084702036
57.040930771 85.33779728175378
57.043259652 85.45896059770999
57.05247117 85.47618754369692
57.053458982 85.50153206237997
57.371886725 85.50153206237998
58.368959436 85.81214090344916
58.3690929 86.13925959677483
58.369455001 86.14945603150825
58.371742293 86.27061934746446
58.380781008 86.28784629345141
58.387849796 86.3086116176646
58.641172831 86.30861161766461
59.652571572 86.3136020005426
59.652695923 86.61922045873379
59.652851518 86.69017837454257
59.653058602 86.74409961386415
59.653252974 86.94633915205947
59.661782464 86.99451762435169
59.666877441 87.08647907222073
59.670599712 87.09492584873604
59.695936708 87.09492584873605
59.714410443 87.09492584873607
60.871596323 87.40553468980524
60.871869118 87.47649260561401
60.872071874 87.53041384493562
60.873878132 87.63567070474996
60.873925536 87.66173531851983
60.874419206 87.66173531851985
60.880210318 87.6879932656202
60.880595579 87.78083185542316
60.885577471 87.87279330329217
60.890197311 87.87279330329218
60.933124917 87.8727933032922
61.804499758 87.87279330329221
62.052516673 88.18340214436137
62.052983314 88.30828129949175
62.054811648 88.41353815930609
62.054862246 88.43960277307596
62.055333816 88.43960277307598
62.060902633 88.46586072017635
62.061275636 88.55869930997929
62.56385845 88.5586993099793
63.202832482 88.86930815104849
63.203101236 88.94026606685726
63.203304309 88.99418730617884
63.205054557 89.09944416599318
63.205108148 89.12550877976308
63.212575704 89.21770689411244
63.219265057 89.21984314021253
63.895423386 89.21984314021255
64.3057763 89.5304519812817
64.306052665 89.60140989709048
64.306269375 89.65533113641206
64.307955045 89.76058799622642
64.308003664 89.7866526099963
64.314720452 89.8788507243457
64.884143858 89.87885072434571
65.358036303 90.18945956541486
65.358295074 90.26041748122367
65.358492561 90.31433872054525
65.360155583 90.41959558035958
65.360633342 90.4195955803596
65.360668558 90.44566019412947
65.369518851 90.47095894926046
65.375206252 90.48383324812417
66.376025844 90.79444208919332
66.376463682 90.91932124432368
66.378144459 91.02457810413804
66.378188436 91.05064271790792
66.383398172 91.14571133817645
66.813898581 91.14571133817647
67.374065478 91.45632017924562
67.374337311 91.52727809505443
67.374544819 91.58119933437601
67.376233814 91.68645619419034
67.376700005 91.71252080796023
67.385144595 91.73781956309122
67.404281625 91.73781956309125
67.498017052 91.73781956309126
68.322648623 92.04842840416042
68.323240566 92.11938631996918
68.324699522 92.30462903287501
68.470422943 92.30462903287503
69.19918486 92.30462903287504
69.218463675 92.6152378739442
69.219014367 92.68619578975299
69.220740777 92.8453738888889
69.238228206 92.84537388888891
70.075623129 93.1559827299581
70.076169993 93.22694064576686
70.080716449 93.2386706365878
70.088092828 93.29287980158044
70.111125615 93.29287980158045
70.505364526 93.29287980158047
70.898612498 93.60348864264965
70.899150122 93.67444655845841
70.911432672 93.72251308697528
70.974938088 93.7225130869753
71.702629348 94.03312192804445
71.703991014 94.0532520064804
71.713985695 94.10068928760317
71.71428439499999 94.13872617849346
71.716022987 94.13987244664243
71.762441368 94.13987244664244
72.114018108 94.13987244664246
72.466248341 94.45048128771164
72.467544692 94.47061136614757
72.473085796 94.49676145624416
72.721176765 94.49676145624417
72.992709995 94.49676145624419
73.198453767 94.80737029731335
73.199812162 94.82750037574928
73.271002001 94.8275003757493
73.582666187 94.82750037574931
73.850124566 94.82750037574932
73.893000018 95.1381092168185
73.894568252 95.15823929525443
73.961900069 95.15823929525445
74.558858377 95.46884813632363
74.56041025 95.47572874936452
74.752374705 95.47572874936455
75.195201974 95.59968249044192
75.19531467 95.74477440585602
75.197628608 95.75893337218167
75.202321638 95.77052137967624
75.313590421 95.77052137967627
75.804856245 95.89447512075364
75.804981381 96.03956703616774
75.805172578 96.05372600249339
75.920752501 96.05372600249342
76.380069775 96.1642360075187
76.380689212 96.22370852357616
76.385056515 96.24033456676841
76.93204825 96.35084457179371
76.932549151 96.41031708785115
76.93716816 96.4269431310434
77.454103242 96.46649998535281
77.454280103 96.49036603831811
77.454684226 96.52911609580599
77.454918141 96.58391085101519
77.455263178 96.58395646294434
77.459414455 96.60937786849902
77.46003087 96.60937786849904
77.469712023 96.60937786849905
77.760505259 96.60937786849907
77.952874298 96.64893472280848
77.95305102 96.67280077577375
77.95345999 96.71155083326165
77.953650417 96.76634558847086
77.954009402 96.76639120039998
77.959871691 96.78945825814058
77.979467863 96.7894582581406
78.434075567 96.82901511245001
78.434221071 96.85288116541531
78.434628213 96.89163122290317
78.434829647 96.94642597811237
78.435153032 96.94647159004151
78.44143807 96.94647159004153
78.444682716 96.94647159004154
78.457825517 96.94647159004155
78.884407549 96.98602844435096
78.884588923 97.00989449731627
78.884943458 97.04864455480414
78.885170098 97.10343931001334
78.893513571 97.10343931001336
79.267297107 97.10343931001337
79.311464988 97.14299616432278
79.311633921 97.16686221728808
79.312000009 97.20561227477596
79.315509735 97.25003449038265
79.669405229 97.25003449038266
79.71533311 97.28959134469207
79.715487425 97.31345739765736
79.715835745 97.35220745514523
79.720846792 97.38626299334508
79.758968329 97.38626299334511
80.100281237 97.42581984765454
80.100432743 97.44968590061983
80.100748475 97.4884359581077
80.105769767 97.53884902660948
80.112070788 97.5388490266095
80.443623079 97.57840588091892
80.443775206 97.60227193388423
80.446200873 97.6410219913721
80.593690759 97.64102199137211
80.770407289 97.68057884568152
80.770528075 97.70444489864683
80.772151839 97.70874583203037
80.772490169 97.7309510198381
80.932085705 97.73095101983812
81.078521927 97.77050787414754
81.078654189 97.79437392711284
81.080052823 97.79867486049639
81.084247864 97.80133930644946
81.233618716 97.80133930644948
81.365656325 97.84089616075889
81.365794972 97.86476221372419
81.367125404 97.86906314710775
81.509630611 97.86906314710777
81.639516442 97.90862000141719
81.639640645 97.9324860543825
81.650456488 97.93248605438251
81.896836484 97.94526937379015
81.897633354 97.99309500213906
82.136949978 98.0058783215467
82.137689109 98.10945871938941
82.14256089 98.10945871938942
82.196093113 98.10945871938944
82.361592706 98.12224203879708
82.363181686 98.15460031001919
82.363622941 98.1546003100192
82.519997537 98.15460031001922
82.57333072 98.16738362942688
82.575368621 98.19227258858638
82.76888256 98.20505590799401
82.791161577 98.20505590799402
82.950749227 98.21500347000543
83.123474245 98.2202402237145
83.558854592 98.2359499802523
83.794265754 98.30634448255053
83.795652808 98.33616048032731
83.899187993 98.58180087637986
84.22967462 98.79440562775203
84.290571661 98.79440562775204
84.293506379 98.7947462344423
84.318695377 98.79474623444231
