0.000356106 52.02581315533208
0.000483752 53.02606574416476
0.000565276 53.26116076834848
0.002083984 53.299813216883436
0.002960847 53.37666673933341
0.003844323 53.446137111929744
0.004266999 53.48969934104539
0.004468259 53.80942986387646
0.008669132 53.853033401778575
0.00907414 53.99561130698627
0.009237791 54.12754890415317
0.078538852 54.484146599378306
0.078603126 54.71924162356203
0.079794436 54.75789407209698
0.080479512 54.83474759454695
0.081192031 54.90421796714329
0.081520976 54.947780196258925
0.081677205 55.26751071909001
0.084943689 55.31111425699212
0.085267329 55.453692162199815
0.085396293 55.58562975936672
0.205136661 55.594350613356745
0.247738851 55.59435061335675
0.265651865 55.59435061335677
0.325408511 55.60295713896207
0.385543919 55.602957138962076
0.445726802 55.627277110173125
0.505169722 55.62727711017313
0.681677093 55.63277159141758
0.724403625 55.63277159141759
0.782871259 55.632771591417594
0.800242834 55.6346274300601
0.918579999 55.63756699071596
1.035907046 55.64771712719696
1.094200004 55.67483895336707
1.253967279 55.67483895336708
1.371134314 55.7014358705415
1.450385428 55.70517110634754
1.4928922070000001 55.70517110634755
1.685433025 55.7158044395579
1.7275336380000001 55.71580443955791
1.7853651419999998 55.715804439557914
1.905564294 55.71580443955792
1.922613594 55.71894608407176
2.159319651 55.72024872182805
2.276241787 55.7252026950586
2.320209093 55.725202695058606
2.378719088 55.72520269505861
2.396045814 55.726522344724636
2.437279026 55.72652234472464
2.630853821 55.7583110675179
2.67230709 55.75831106751791
2.6902709 55.773039315619215
2.732305403 55.77303931561922
3.037993045 56.32328748763858
3.038922117 56.5583825118223
3.039368594 56.59703496035725
3.040770629 56.74335885540357
3.041092606 56.78692108451921
3.041249556 57.10665160735027
3.044521095 57.15025514525239
3.044843909 57.29283305046009
3.054082145 57.3072016194765
3.058116736 57.36443649553782
3.400067102 57.36573913329409
3.7423661 57.3657391332941
3.854200236 57.370693106524655
4.22880305 57.37069310652466
4.30683 57.37201275619069
4.531397139 57.3720127561907
4.75675374 57.40380147898396
4.986308541 57.418529727085264
5.415690096 57.41852972708527
5.869555669 57.976354159757506
5.869755651 58.002025761240404
5.870442596 58.21144918394123
5.870879995 58.250101632476174
5.872250546 58.396425527522496
5.872709581 58.75971827946921
5.875958074 58.80332181737131
5.876270837 58.945899722579014
5.886011987 58.96026829159543
5.889769853 58.96340993610927
5.905569651 58.96966654709612
5.924162166 59.01750316765675
6.0029418 59.04929189044999
6.447568306 59.04929189045
6.50039622 59.04929189045001
8.631841524 59.07636350897818
8.632001967 59.64751617270645
8.632731902 59.856939595407276
8.633980733 59.89559204394223
8.634545636 60.041915938988545
8.635026787 60.40520869093526
8.639490952 60.52752125421953
8.651715807 60.60890034757532
8.673921347 60.61020298533162
8.746801394 60.62317885683832
8.750577942 60.640689070368595
8.750956548 60.64199170812488
9.426617861 60.641991708124884
10.683835857 60.64199170812489
11.320647422 61.2463331116917
11.320726524 61.48142813587542
11.321938722 61.520080584410366
11.323291319 61.66640447945667
11.324080987 61.66640447945668
11.326870297 62.07330076930552
11.327171877 62.215878674513206
11.33099276 62.23338888804348
13.970912656 62.86340189309319
13.972438323 62.97464958947301
13.972875114 63.11147776432897
13.97340574 63.25780165937527
13.974155539 63.257801659375275
13.977843025 63.389026203959254
13.978210585 63.612220845079996
13.98487382 63.733117094063424
13.985613149 63.73311709406343
13.992954921 63.811011090237834
13.993665713 63.81101109023784
14.0221366 63.81101109023785
14.992196389 63.811011090237855
16.534558173 63.825147408094004
16.534614151 64.22158614050475
16.535118124 64.41535249380466
16.535296014 64.44102409528756
16.535932341 64.55227179166738
16.536353455 64.68909996652333
16.536865486 64.83542386156964
16.541462504 64.93679415006741
16.541502278 65.18984304727437
16.548615102 65.3107392962578
16.557181939 65.35830113945174
16.571889484 65.38489805662617
16.583866495 65.38863329243222
19.047206285 65.99297469599904
19.048187439 66.01864629748194
19.048447033 66.2667221687177
19.049734552 66.41304606376401
19.053146586 66.57404565493657
19.053387069 66.96252025882053
19.295564688 66.96252025882055
21.464896129 66.9766565766767
21.46495918 67.37309530908746
21.465607474 67.59253326387024
21.466236702 67.70378096025009
21.467148459 67.98693303015234
21.471645708 68.0883033186501
21.471845932 68.14322039313106
21.471931708 68.1832619780825
21.478076419 68.21420909410142
21.478788201 68.21420909410143
21.479291084 68.42932196802411
21.503862497 68.42932196802413
23.833117803 68.44345828588028
23.833180704 68.83989701829104
23.833823882 69.05933497307385
23.834453683 69.17058266945367
23.835365881 69.45373473935592
23.839788879 69.5551050278537
23.839988712 69.61002210233467
23.840074447 69.6500636872861
23.846035687 69.68101080330501
23.854152858 69.79075906943183
26.120474025 70.42077207448153
26.12257908 70.53201977086137
26.122765201 70.81517184076363
26.126853297 70.9463963853476
26.127328821 70.97145920374236
26.127416727 71.0115007886938
26.133333969 71.04244790471272
26.137706586 71.09649229834102
26.165378552 71.15219617083952
27.316136457 71.15219617083953
28.37029583 71.16633248869567
28.370366278 71.56277122110643
28.371012163 71.78220917588924
28.372459006 72.17660894217133
28.376719806 72.2779792306691
28.376911457 72.33289630515006
28.376996395 72.3729378901015
28.382778425 72.40388500612042
28.383431142 72.40388500612043
28.402854928 72.4579293997487
28.444686923 72.45792939974872
30.576526827 72.47206571760488
30.576586614 72.86850445001564
30.577722614 73.05292955046845
30.578396054 73.05292955046848
30.578590667 73.4823421710805
30.579272875 73.48234217108052
30.582801208 73.58371245957828
30.582981683 73.63862953405925
30.583064525 73.67867111901069
30.588773552 73.7096182350296
30.589433517 73.70961823502961
30.952551057 73.70961823502962
32.736719625 73.72375455288577
32.736790201 74.12019328529652
32.73795456 74.30461838574936
32.738794937 74.73403100636139
32.742894415 74.83540129485917
32.743084301 74.89031836934015
32.743166709 74.93035995429159
32.748960325 74.95031484348203
32.749289192 74.9613070703105
33.796178652 74.96130707031051
34.763768333 74.97544338816667
34.763819727 75.37188212057742
34.764943463 75.55630722103024
34.765925867 75.6851370352341
34.766020985 75.8669598715135
34.76953384 75.95946381008818
34.769812014 76.08709013014007
34.769997805 76.14200720462105
34.770080942 76.18204878957249
36.721844699 76.19618510742865
36.721902321 76.5926238398394
36.722986364 76.77704894029225
36.723958368 76.90587875449611
36.724042801 77.08770159077551
36.743268084 77.10487946784559
36.745217629 77.21211324758153
36.750705089 77.33397904490533
38.609586716 77.34811536276149
38.609646602 77.74455409517222
38.610758812 77.92897919562506
38.611726702 78.05780900982893
38.611816704 78.23963184610832
38.621659184 78.36404350291434
38.696380505 78.36404350291437
40.451896522 78.37817982077051
40.451952714 78.77461855318127
40.452993165 78.95904365363411
40.454720014 79.08787346783798
40.454829582 79.26969630411737
41.552950789 79.26969630411739
42.231436346 79.28383262197356
42.231489848 79.68027135438432
42.232516079 79.86469645483713
42.234740395 80.07592172923931
42.235626162 80.09767816939926
42.243879759 80.10773060947149
42.251361273 80.17282605566528
43.94514206 80.18696237352144
43.945199421 80.5834011059322
43.946513287 80.67205688780366
43.946805389 80.76782620638504
43.947167934 80.8966560205889
43.948263617 80.97905148078719
43.949136661 81.00080792094717
43.957412874 81.01086036101937
43.964745451 81.07595580721316
44.857083289 81.07595580721318
45.62716057 81.09009212506932
45.627368295 81.29747264205376
45.629291801 81.4141501837883
45.630280577 81.57518663935151
45.630542466 81.67095595793292
45.631932036 81.8821812323351
45.632798479 81.90393767249505
45.640731206 81.91399011256728
45.652714328 81.94764624159679
47.262513981 81.96178255945296
47.262729353 82.16916307643737
47.26290569 82.2858406181719
47.263567602 82.54264639231653
47.265495088 82.75387166671871
47.284121472 82.75505307305889
47.285098375 82.7550530730589
47.636804585 82.75505307305892
48.840517185 82.76918939091506
48.840698144 82.97656990789947
48.840847559 83.093247449634
48.841813249 83.25428390519725
48.842094041 83.35005322377866
48.842591271 83.39004810694597
48.843485305 83.56127849818081
48.927906539 83.56127849818084
50.354526252 83.57541481603697
50.354721481 83.78279533302141
50.354883199 83.89947287475594
50.355826963 84.06050933031919
50.356092505 84.15627864890057
50.356573247 84.19627353206788
50.357993291 84.21707711341021
50.358112612 84.25740842431834
50.363684881 84.31919358460142
50.365681146 84.34997002941283
50.374158974 84.35889927426334
50.521993942 84.35889927426335
51.232467784 84.35889927426336
51.841867835 84.37303559211952
51.842064058 84.58041610910394
51.84220601 84.69709365083847
51.843156488 84.85813010640172
51.843445935 84.95389942498309
51.845200493 85.01469788949277
51.845343758 85.0550292004009
51.850968473 85.11681436068395
51.852978372 85.14759080549538
53.261944254 85.16172712335154
53.262110574 85.36910764033595
53.262239175 85.48578518207049
53.262917499 85.74259095621511
53.265270123 85.80338942072478
53.265384069 85.84372073163289
53.270820459 85.90550589191596
53.591993928 85.90550589191598
54.655624167 85.91964220977214
54.655817298 86.12702272675655
54.655948311 86.24370026849108
54.656567537 86.5005060426357
54.6587954 86.56130450714535
54.664390541 86.58086528846299
54.667559391 86.61760409510792
54.66938002 86.64245866378225
55.258536069 86.64245866378226
55.992206313 86.65659498163842
55.99236367 86.86397549862284
55.992496363 86.98065304035737
55.993392149 87.14168949592064
55.994685981 87.18567574169961
55.994804035 87.21789342247047
55.995082711 87.22049689491439
55.995485398 87.29825727901166
56.000963202 87.31781806032927
56.004052827 87.3545568669742
56.391177767 87.35455686697422
57.28748538 87.36869318483036
57.287660952 87.5760737018148
57.289545849 87.69275124354934
57.290394543 87.85378769911259
57.291909334 87.85860202148359
57.292113166 87.86263704717354
57.292303387 88.01035548220361
57.311534414 88.02991626352124
58.550848434 88.0440525813774
58.550992852 88.25143309836182
58.551109552 88.36811064009635
58.551944838 88.5291470956596
58.553171499 88.57313334143859
58.553288362 88.60535102220948
58.553555157 88.60795449465337
58.553936529 88.68571487875062
58.578681763 88.68571487875064
58.988318743 88.68571487875066
59.758738826 88.69985119660679
59.758926544 88.9072317135912
59.759047893 89.02390925532576
59.759877088 89.18494571088901
59.761555319 89.19379505894996
59.761817367 89.19431952870262
59.761886258 89.33336612073965
59.762195476 89.34151349398003
59.99287596 89.34151349398005
60.928230631 89.35564981183617
60.928383873 89.56303032882062
60.928502487 89.67970787055515
60.929309834 89.8407443261184
60.934902531 89.92960919460711
60.935346464 89.92960919460712
60.965481958 89.92960919460714
61.512599305 89.92960919460715
62.052885878 89.9437455124633
62.053048812 90.15112602944774
62.053172525 90.26780357118227
62.053973357 90.42884002674552
62.059747978 90.51770489523425
63.138741992 90.5318412130904
63.138924422 90.73922173007482
63.139044106 90.85589927180935
63.139810882 91.0169357273726
63.15234228 91.0604771002085
63.15310423 91.09574312636634
63.195407333 91.09574312636637
64.178682399 91.10987944422253
64.178842783 91.31725996120694
64.178968707 91.43393750294148
64.179741242 91.59497395850472
64.24140053 91.59497395850475
65.187416582 91.60911027636088
65.187580414 91.8164907933453
65.187694922 91.93316833507986
65.192856506 91.96348407452608
65.193283499 92.00557549053984
65.197591911 92.04706077212235
65.197976854 92.04706077212236
65.201110113 92.04706077212238
65.469392154 92.04706077212239
66.180822429 92.06119708997853
66.180973965 92.26857760696298
66.181090679 92.38525514869751
66.185869932 92.4155708881437
66.186269412 92.4576623041575
66.19818591 92.48580192558585
66.198473555 92.4894552890769
66.200280644 92.49914758573999
66.210127321 92.49914758574002
67.114598367 92.51328390359618
67.114770048 92.72066442058059
67.114890282 92.83734196231512
67.11952417 92.86765770176135
67.119898464 92.9097491177751
67.131284654 92.93788873920349
67.131541254 92.94154210269454
68.009709127 92.9556784205507
68.009877276 93.16305893753511
68.009982416 93.27973647926964
68.014554268 93.31005221871587
68.014951416 93.35214363472963
68.026163925 93.38028325615801
68.043166313 93.38028325615804
68.866588184 93.3944195740142
68.86675006 93.60180009099861
68.866874936 93.71847763273314
68.870317884 93.87161586737727
68.937576727 93.8716158673773
69.696411242 93.88575218523343
69.696568132 94.09313270221784
69.696656803 94.2098102439524
69.701567346 94.28221739941236
69.717783269 94.28221739941239
70.479248145 94.29635371726854
70.479477791 94.62041177598749
70.487147063 94.66649620609013
70.48973911 94.68308550239107
70.582157738 94.6830855023911
71.222201848 95.0212798789662
71.22949185 95.06736430906884
71.235993435 95.07467863393455
71.536447951 95.07467863393458
71.935386795 95.08881495179071
71.936091941 95.31687977467391
71.936331396 95.32079827197776
71.940758481 95.33772294614744
71.945231726 95.42634994435252
71.959288502 95.42634994435255
72.249710256 95.42634994435258
72.622463487 95.66855108509188
72.622704817 95.67246958239573
72.633218049 95.68210818603129
72.646926113 95.68210818603131
73.28337515 95.7632182128377
73.284600908 95.77646905945312
73.284637471 95.8959009922174
73.294629268 95.90392139923142
73.29579682 95.9282278240745
73.409340811 95.92822782407453
73.917918301 96.08101984631585
73.919385515 96.14202063026059
73.929982767 96.1500410372746
73.942217172 96.15004103727463
74.529848115 96.23115106408102
74.530800042 96.36383384346072
74.611615546 96.36383384346075
75.10669698 96.51662586570208
75.107760013 96.52020915721573
75.3690569 96.52020915721576
75.648556866 96.60131918402215
75.651384625 96.65734509500206
75.652105555 96.67300117945712
76.167665189 96.7541112062635
76.17026713 96.81013711724341
76.210068714 96.81013711724344
76.665864632 96.89124714404983
76.671066214 96.93567914804848
76.673100181 96.93781388495017
77.145052522 96.96108229050702
77.146056105 97.02993861586043
77.146358751 97.03515033152138
77.146487609 97.04637525739
77.14650796 97.06335591575524
77.592170911 97.40534814661581
77.652001101 97.40534814661584
78.010702275 97.48645817342222
78.015272746 97.61039484876179
78.411357793 97.83241653036026
78.79569669 97.85568493591711
78.798276886 97.92454126127055
79.138010119 97.9478096668274
79.1408685 97.94780966682742
79.462727193 97.95518741120122
79.463670252 97.95952882868357
79.463981066 98.12226503606288
79.477225866 98.1222650360629
79.762682038 98.13398419791903
79.912213303 98.13398419791905
80.80753348 98.14911604391398
80.830604535 98.14911604391399
81.030480932 98.31755171383128
81.047132702 98.31755171383129
82.323472849 98.39660636391875
82.359458704 98.39660636391878
82.796027942 98.46387112121784
82.927995751 98.64177712060757
82.941952543 98.64177712060759
83.034672525 98.71202139756056
83.046428584 98.71202139756058
