0.000353678 50.075470564315616
0.001025297 50.26287476027526
0.002664186 50.27588772927684
0.004012263 50.43074819836266
0.004041774 50.444293652969144
0.078681273 51.692666483500005
0.07915008 51.88007067945966
0.080452622 51.89308364846124
0.081528825 52.04794411754705
0.081555597 52.06148957215353
0.082396334 52.06148957215354
0.202866206 52.0696430435896
0.263317091 52.07344220540738
0.264126876 52.073442205407396
0.384635834 52.0734422054074
0.506945914 52.080957146846465
0.567901792 52.11255697168311
0.567937064 52.1261024262896
0.687690261 52.136902409080214
0.688516402 52.13690240908023
0.931688751 52.19728052237959
0.992657109 52.19728052237961
1.169987183 52.19828042112605
1.3142152089999999 52.20109092573197
1.339181836 52.20109092573198
1.525308387 52.20218958430531
1.644393407 52.21129339012763
1.7617686030000002 52.21579156117004
1.761804983 52.22933701577653
1.880270968 52.23656185855369
1.8803017770000001 52.25010731316018
2.120073647 52.2510156001892
2.242728757 52.278581664907456
2.242764968 52.29212711951394
2.485823053 52.344425202708344
2.485861969 52.35797065731483
2.629646229 52.36615385921342
2.654634636 52.36615385921343
2.842122361 52.379699313819906
2.902345589 52.37969931381992
3.078164978 53.85870969171119
3.078668456 54.046113887670835
3.079970633 54.059126856672414
3.081007599 54.21398732575823
3.081034617 54.22753278036472
5.956317905 55.780569897955495
5.95684142 55.96797409391515
5.958167539 55.98098706291673
5.961065886 56.01980098594928
5.968672187 56.061820792303045
7.317221358 56.0753662469095
7.450534224 56.07536624690952
8.757326957 57.62840336450029
8.757856902 57.81580756045994
8.759153147 57.82882052946152
8.761352759 57.86763445249408
8.78286557 57.868542739523086
8.83791532 57.8685427395231
10.092193477 57.88208819412957
10.421848872 57.88208819412959
11.491220535 59.448670766326835
11.492908386 59.49928411331397
11.493087644 59.56389696745004
11.500567101 59.63998412546575
12.299587182 59.639984125465766
14.16107177 61.20656669766303
14.162752121 61.25718004465016
14.163450705 61.32179289878622
14.185937399 61.332592881576865
16.737592761 62.89917545377411
16.739215146 62.94978880076126
16.739409346 63.01440165489732
19.25552405 64.58098422709459
19.257227637 64.63159757408172
21.018996033 64.63159757408174
21.712337789 65.08669545502391
21.712400464 66.0469814693476
21.712922582 66.06641004312279
21.716415471 66.17113007006465
21.729072831 66.20973258978124
21.742207543 66.20973258978125
24.101236912 66.97551735009031
24.101308439 67.62511648504712
24.101799522 67.64454505882232
24.105199292 67.74926508576418
24.126967248 67.76697100782287
24.342702771 67.76697100782289
26.422115408 68.22206888876507
26.422184895 69.18235490308874
26.422714904 69.20178347686394
26.426121014 69.3065035038058
27.147791836 69.30650350380581
28.662158823 69.76160138474798
28.662225643 70.72188739907166
28.662752038 70.74131597284686
28.678418912 70.81788048953334
28.765869926 70.81788048953335
30.84496905 71.27297837047551
30.845039726 72.23326438479921
30.845559705 72.2526929585744
30.878462789 72.270037973814
31.855132417 72.27003797381401
32.971555058 72.72513585475619
32.971618337 73.68542186907989
32.972130499 73.70485044285509
35.052675511 74.15994832379727
35.052737859 75.12023433812097
35.053326498 75.13364194754645
35.528818011 75.13364194754647
35.609295008 75.13364194754648
37.022268184 75.35673522602485
37.022330902 75.7548909804351
37.022442865 75.93553267351582
37.023508537 76.01187984706894
37.027021178 76.02041042595867
37.027182264 76.3264774322812
37.033845678 76.41547864052856
37.034156812 76.45235852602251
37.05097992 76.55013541213671
37.397889523 76.55013541213673
38.960964042 76.77322869061511
38.961017039 77.17138444502535
38.96355157 77.22661884904602
38.963835493 77.37308045277226
38.965598585 77.43690389054893
38.965754695 77.74297089687144
38.966336141 77.74297089687146
38.972663251 77.86885199061277
39.868374191 77.86885199061278
40.835653513 77.99475140697632
40.83602417 78.18041011712863
40.836634298999996 78.18041011712864
40.837088802 78.37398394246765
40.838622592 78.54533542752206
40.838913826 78.6917970312483
40.84062157 78.75562046902498
40.840794588 79.0616874753475
40.856518631 79.16585155614825
41.324329971 79.16585155614827
42.477616707 79.16585155614828
42.63709068 79.38894483462666
42.637136962 79.78710058903691
42.639591268 79.84233499305755
42.639873551 79.9887965967838
42.641524337 80.05262003456046
42.641682379 80.358687040883
42.65698097 80.46285112168374
42.869245718 80.46285112168377
44.407250166 80.68594440016216
44.407307058 81.0841001545724
44.40974994 81.13933455859305
44.411639811 81.34961960009596
44.411782986 81.65568660641848
44.499210479 81.6556866064185
44.634945929 81.65568660641853
46.11853871 81.96724473293438
46.119122021 81.96724473293439
46.119733669 82.13163822456968
46.121493605 82.23709033757781
46.12162687 82.3321700433278
46.12481992 82.49565613995217
46.134712989 82.54245508483072
46.13521423 82.61940757667519
46.148110315 82.62818910798113
46.150085828 82.84852209115324
46.206812621 82.84852209115326
46.802286057 82.84852209115327
47.766434658 83.07161536963167
47.766483821 83.46977112404191
47.772291739 83.68849162468693
47.782333201 83.81224306140996
49.3543203 84.03533633988836
49.354383589 84.4334920942986
49.360127542 84.65221259494362
49.375211082 84.75293291249803
50.513456252 84.75293291249804
50.896947759 85.0644910390139
50.898933611 85.19735842150293
50.899722867 85.33433664365732
50.902612143 85.59290244603169
50.917895092 85.5929024460317
50.918091903 85.69362276358609
51.06711311 85.6936227635861
52.3993326 85.91671604206451
52.399553878 86.16920870551195
52.402034195 86.27502649474539
52.412219924 86.43162060300394
52.417494988 86.46140135658523
52.425469742 86.48778981753063
53.087326759 86.48778981753064
53.84750872 86.71088309600904
53.847730141 86.96337575945648
53.850195369 87.06919354868992
53.862721437 87.08356802498474
53.865130219 87.12656803923767
53.868100087 87.12656803923768
55.278047162 87.25246745560122
55.278407328 87.43812616575354
55.279788333 87.57099354824258
55.280561363 87.70797177039698
55.293124119 87.72234624669179
55.412495258 87.7223462466918
55.467398648 87.72234624669181
56.633871044 87.84824566305534
56.634201174 88.03390437320766
56.636043127 88.1667717556967
56.636777912 88.3037499778511
56.654738738 88.31359448098551
56.681900175 88.31359448098553
57.658563944 88.31359448098554
57.954454599 88.43949389734907
57.954784588 88.62515260750139
57.956609433 88.75801998999043
57.957553256 88.7768653119862
57.960005346 88.82820180839381
57.964042587 88.86632760229222
58.015342602 88.86632760229223
58.37175612 88.86632760229224
59.22593046 89.08942088077063
59.226139963 89.34191354421807
59.23103545 89.38093492970052
59.239217985 89.4113674784271
59.386294077 89.41136747842711
60.172256914 89.41136747842712
60.444694248 89.63446075690553
60.444898613 89.88695342035297
60.449635212 89.92597480583541
61.61897183 90.05187422219898
61.619314213 90.23753293235127
61.621094621 90.37040031484031
61.625339968 90.39004422854369
61.626206155 90.43306304732948
61.718617263 90.4330630473295
62.76544443 90.6561563258079
62.767341726 90.70740007131641
62.767765031 90.73547823537592
62.769775549 90.76463993062838
62.770059214 90.81749561690256
62.770106617 90.84135913934492
62.771374718 90.89713247003776
62.777189203 90.93237778447939
62.821866881 90.9323777844794
63.865398044 91.00087312579569
63.86567547 91.1554710629578
63.867484951 91.20671480846632
63.867878003 91.23479297252584
63.869826064 91.26395466777828
63.871355329 91.39644720718766
63.878494558 91.40462806965458
63.90005132 91.40462806965459
64.915974161 91.53052748601814
64.916281928 91.71618619617047
64.920358435 91.73620495295347
64.920628681 91.78906063922764
64.920674625 91.81292416167
64.921119406 91.81292416167003
64.923476392 91.85859117448851
65.018439976 91.85859117448852
65.328275053 91.85859117448854
65.929231424 91.98449059085206
65.931185258 92.07887646925984
65.931384092 92.13292819847544
65.93176724 92.16100636253498
65.933632853 92.19016805778742
65.937980102 92.1907828710668
65.938597228 92.24302374406159
65.939865782 92.29297183164434
66.917330004 92.51606511012275
66.91779151 92.52061956228145
66.919083333 92.56730885563127
66.921289078 92.62454871494324
66.921540334 92.67740440121742
66.921585816 92.70126792365977
67.866648156 92.82716734002332
67.868496143 92.92155321843107
67.868666335 92.97560494764667
67.870811699 93.03284480695865
67.879379142 93.07329860667552
68.101728107 93.07329860667555
68.780922735 93.14179394799186
68.781194233 93.29639188515397
68.782799858 93.34763563066248
68.784889226 93.40487548997444
68.794294498 93.41563109120223
68.797998725 93.43183614409551
68.815430683 93.43183614409553
69.649986819 93.50033148541183
69.650269996 93.65492942257394
69.651861014 93.70617316808246
69.655061482 93.75462066564506
69.683762919 93.75462066564508
70.490104416 93.82311600696138
70.490372493 93.9777139441235
70.491888255 94.02895768963201
70.498110957 94.07740518719463
71.281844178 94.13073418872956
71.282087218 94.14311974585307
71.282177755 94.20330460355817
71.28237369 94.30505291783173
71.283565523 94.35174221118153
71.541714213 94.35174221118156
72.044383107 94.40507121271649
72.044622026 94.41745676983997
72.044705629 94.4776416275451
72.044929667 94.4818592129706
72.045710073 94.5311041121774
72.046536259 94.53711025694027
72.047023405 94.57017283519453
72.047401724 94.59390826305865
72.048941915 94.6253463424983
72.26685519 94.62534634249832
72.425633492 94.62534634249833
72.770452927 94.75124575886187
72.772197983 94.80470824349419
72.772611402 94.81071438825703
72.772995588 94.84377696651129
72.776583273 94.88001973838391
72.776986944 94.89644575090495
72.888807498 94.89644575090496
73.45147385 94.89644575090497
73.465977297 95.02234516726851
73.467660442 95.07580765190083
73.468036667 95.08181379666367
73.46843546 95.11487637491793
73.468820412 95.13861180278208
73.472330739 95.15111914679055
73.473815883 95.16404746884636
73.477053317 95.16754515931159
73.507188853 95.1675451593116
74.135925406 95.29344457567517
74.137494338 95.34690706030749
74.137867083 95.3529132050703
74.138602456 95.40971121118874
74.142626758 95.41155206590248
74.143206766 95.43514687725299
74.157381365 95.435146877253
74.281909517 95.43514687725302
74.767325639 95.56104629361657
74.769209669 95.62051492301173
74.770742067 95.62516976748869
74.773522193 95.67915378384392
74.776169319 95.68097045159847
74.77883086 95.68097045159848
75.06984279 95.6809704515985
75.375841364 95.73429945313345
75.376133483 95.80686986796202
75.376313389 95.81108745338756
75.377616659 95.86633849735719
75.379165525 95.87099334183418
75.381905204 95.92497735818938
75.928299618 95.9249773581894
75.971612182 96.05087677455293
75.973417406 96.11034540394812
75.974871292 96.11500024842508
75.977490475 96.16898426478028
76.36161103 96.16898426478029
76.533523761 96.29488368114386
76.535237566 96.35435231053901
76.536664809 96.35900715501597
76.543231531 96.40100273803581
76.89935951 96.40100273803583
77.058672411 96.45433173957078
77.058917166 96.52690215439938
77.059075731 96.53111973982489
77.06020515 96.58637078379455
77.061596496 96.59102562827151
77.399478581 96.59102562827152
77.556347069 96.64435462980647
77.556578139 96.71692504463508
77.556735082 96.72114263006058
77.557888568 96.77639367403025
77.883193223 96.77639367403026
78.034315539 96.9022930903938
78.035771673 96.90318134074657
78.036365224 96.92317894054388
78.046299931 96.92317894054389
78.05495301 96.9231789405439
78.487828627 96.97650794207885
78.488063804 97.04907835690746
78.490196132 97.05329594233297
78.566234394 97.05329594233298
78.920564415 97.1791953586965
78.922109437 97.18008360904928
78.924809775 97.25016681612924
78.976579512 97.25016681612925
79.325673649 97.30349581766421
79.325926014 97.37606623249279
79.327267236 97.37695448284555
79.332906748 97.37914469712072
79.333486787 97.37968136619743
79.410587316 97.37968136619745
79.683563163 97.37968136619746
79.707685894 97.505580782561
79.714630929 97.50865924718892
79.728437155 97.50865924718893
80.051183847 97.63455866355248
80.188549795 97.6345586635525
80.317923956 97.63455866355251
80.377897313 97.74453072158963
80.390136702 97.74453072158964
80.59824119 97.74453072158965
80.683696128 97.75370702637451
80.684042838 97.75370702637453
80.684565637 97.84175654444405
80.685717956 97.84852252444558
80.810639299 97.8485225244456
80.975301341 97.85769882923046
80.975563791 97.85769882923047
80.97668858 97.94574834729997
80.98007068 98.00737599448212
81.033103127 98.00737599448213
81.251749642 98.02990496452941
81.252190364 98.10460181733653
81.505928783 98.1137781221214
81.506937278 98.1271307873838
81.508086204 98.1882486772306
81.513277172 98.18824867723062
81.747145793 98.21077764727791
81.748603897 98.25752502805926
81.753552972 98.25752502805928
81.812214053 98.25752502805929
81.972575445 98.28005399810657
81.974984908 98.42967068660192
82.020188671 98.42967068660194
82.183935889 98.45219965664921
82.185538304 98.4636886058121
82.381290408 98.47286491059697
82.381540592 98.48621757585937
82.455391541 98.48621757585938
82.566380795 98.49539388064426
82.567081754 98.50692798106702
82.72862095 98.50692798106704
82.739568335 98.5161042858519
82.744322689 98.51610428585191
82.900364048 98.52318840044605
82.940250002 98.52318840044606
83.304937643 98.53467828610003
83.40104843 98.53467828610005
83.702523444 98.60926554439375
83.750843732 98.60926554439376
84.143529143 98.67373563135888
84.173565964 98.76868662367328
