0.0003588 50.05426472759532
0.000427359 50.47618258802121
0.001120837 50.53351423935717
0.002028623 50.96553567008528
0.078508225 51.56737322937005
0.078538568 51.98929108979594
0.079073741 52.0466227411319
0.079803123 52.478644171860026
0.140713826 52.48058649913872
0.201092617 52.48979242020578
0.441966832 52.52504540986501
0.50168132 52.5277243266129
0.621996601 52.527724326612905
0.742260641 52.5278835395482
0.978143112 52.53422620880896
1.097853404 52.53507131459818
1.214255141 52.535071314598184
1.330435212 52.550120338215116
1.4503129289999999 52.57766090855081
1.5106927749999999 52.57766090855082
1.572482106 52.605146611765555
1.752263681 52.60514661176556
1.808584381 52.61906320478797
1.987388342 52.63971580629195
2.106735132 52.63971580629196
2.225925 52.653582247491144
2.344205268 52.65358224749115
2.465376555 52.67160951968503
2.585603279 52.77929642512634
2.826420898 52.80834396962096
3.057199923 54.02506473715659
3.059824333 54.17228817509656
3.06050168 54.514417819220675
3.631460094 54.59305718016738
3.86325625 54.62210472466198
3.922694632 54.622104724661995
5.934842771 55.60257328084924
5.935352404 55.64355317604759
5.935407985 55.86766449835636
5.935458917 56.00384404897491
5.942276305 56.010883755595046
5.942471401 56.24658471487005
5.984738769 56.435865479703025
8.734143449 57.44538158038489
8.734620572 57.48636147558325
8.734672573 57.71047279789201
8.734724231 57.84665234851056
8.742474624 57.85369205513069
8.742688962999999 58.0893930144057
11.445243415 59.098909115087565
11.445701416 59.13988901028593
11.445755235 59.364000332594685
11.44928427 59.434722069956734
11.452484419 59.50721958983337
11.454399541 59.65892865891858
11.456221325 59.65892865891859
11.470734296 59.701518252871224
11.801536074 59.70151825287123
14.119349316 60.71103435355309
14.119836901 60.752014248751436
14.119877093 60.97612557106021
14.127385496 61.11934482829889
14.129183777 61.27105389738411
14.130942609 61.271053897384114
14.283850096 61.27105389738412
16.698122274 62.28056999806598
16.698586484 62.321549893264326
16.700404782 62.5456612155731
16.710491049 62.7953106475046
16.711194483 62.840589541897
18.659341394 62.84058954189701
19.212532697 63.85010564257886
19.213044241 63.89108553777721
19.21308757 64.11519686008599
19.220475218 64.25841611732467
19.234782806 64.31010012053896
19.234872311 64.3127090778136
19.246772241 64.33534027385772
19.24737201 64.33803190195293
19.29589632 64.33803190195295
21.67053804 65.3475480026348
21.670993438 65.38852789783316
21.671097485 65.42481804089265
21.675243383 65.46971626576284
21.676454332 65.53035750563983
21.679336436 65.56042992625059
21.687180729 65.59068922158889
21.687283136 65.66241760897
21.691054198 65.69380696506443
21.692674765 65.69877816743548
21.692724152 65.70831977978573
21.692785568 65.80754248059489
22.659672152 65.8075424805949
24.055863385 66.81705858127675
24.056351864 66.8580384764751
24.056455606 66.89432861953462
24.060590222 66.93922684440481
24.061763963 66.9998680842818
24.063416934 67.06019980023085
24.063605487 67.22536905602256
24.076784574 67.27705305923685
24.179921572 67.27705305923686
26.394228158 68.28656915991871
26.394688183 68.32754905511706
26.394797942 68.36383919817656
26.398789018 68.40873742304677
26.399938306 68.46937866292376
26.401502992 68.5297103788728
26.401696181 68.69487963466452
26.429933947 68.74524536499172
26.754763987 68.74524536499173
28.68449581 69.75476146567358
28.684942249 69.79574136087193
28.688959527 69.87692972880163
28.690097008 69.93757096867863
28.700109424 69.99790268462768
28.700211767 70.0696310720088
28.703747834 70.10102042810321
28.704410879 70.10102042810323
28.711202251 70.16307194041939
28.726141422 70.1630719404194
29.452838741 70.16307194041941
30.905205395 71.17258804110126
30.905699178 71.21356793629961
30.909709724 71.29475630422931
30.910841289 71.35539754410631
30.920969116 71.48745764743649
30.924418135 71.5188470035309
30.967318216 71.51884700353091
33.021805841 72.52836310421277
33.022261855 72.56934299941113
33.026214293 72.65053136734083
33.027300669 72.71117260721782
33.036832215 72.843232710548
33.078215482 72.84323271054801
35.093966871 73.85274881122987
35.094394922 73.89372870642822
35.097319785 73.97491707435792
35.098365411 74.0355583142349
35.110691035 74.05457967920488
35.74649072 74.05457967920489
37.088698661 75.06409577988676
37.089151999 75.1050756750851
37.092932037 75.18626404301482
37.093951121 75.2469052828918
37.519742672 75.24690528289182
38.995148187 76.25642138357367
38.99558671 76.29740127877201
38.999267314 76.37858964670171
39.006703678 76.40997966082472
39.022996398 76.42189472815296
39.248334743 76.42189472815298
40.895474798 77.43141082883484
40.899472392 77.5535790919629
40.916455557 77.57357349158515
41.821603403 77.57357349158517
42.720315534 78.58308959226702
42.721061824 78.58308959226703
42.724372267 78.70525785539508
43.927330414 78.70525785539509
44.486756102 79.71477395607694
44.490730802 79.73440915757762
44.49704108 79.77094470502786
44.497858815 79.79893405747106
44.516995462 79.81748661872989
45.602066023 79.8174866187299
46.189646687 80.82700271941175
46.193560111 80.84663792091243
46.194139925 80.91116282080586
46.227670012 80.91116282080587
47.324487178 80.91116282080588
47.838096685 81.92067892148773
47.841892727 81.94031412298841
47.848264262 81.97684967043865
49.17147659 81.97684967043867
49.432677366 82.98636577112052
49.436328778 83.0060009726212
49.977096519 83.00600097262121
50.977108387 83.27212975719166
50.977213043 83.84133094988707
50.983415206 83.92095077874716
50.986591782 83.98376642671644
50.994780372 83.99548637896979
50.995248192 83.9954863789698
51.245763865 83.99548637896982
52.45419111 83.99548637896983
52.485316603 84.26161516354028
52.485495528 84.36005559292138
52.485520916 84.39049518635846
52.485602161 84.55931502581117
52.485636147 84.60539412621692
52.485725822 84.62352657116209
52.485770341 84.82135721905313
52.486049639 84.83081635623567
52.491477888 84.87395684226844
52.49202632 84.91043618509578
52.506458971 84.98497178531841
52.560999677 84.98497178531842
53.139022192 84.98497178531844
53.964013842 85.6130119775107
53.964431585 85.81084262540173
53.964725229 85.82030176258428
53.970126844 85.86344224861705
53.970655157 85.89992159144437
53.987473025 85.96273723941367
54.286798862 85.96273723941368
55.387847473 86.22886602398415
55.388015482 86.32730645336525
55.388041124 86.35774604680233
55.388121165 86.52656588625504
55.388155718 86.57264498666079
55.388222361 86.59077743160596
55.388267577 86.78860807949701
55.388555214 86.79806721667956
55.393876479 86.84120770271231
55.397656104 86.84120770271232
55.618615955 86.84120770271234
56.75012962 87.46924789490461
56.750521905 87.66707854279566
56.750796331 87.67653767997821
56.755942642 87.71967816601098
58.060184714 87.98580695058143
58.060368435 88.08424737996253
58.062459783 88.11468697339961
58.062534746 88.28350681285232
58.062567823 88.32958591325807
58.062653636 88.34771835820324
58.062699382 88.54554900609428
58.062941828 88.55500814327682
58.086554965 88.55500814327684
58.114534666 88.55500814327685
58.672144689 88.55500814327686
59.334358445 89.18304833546914
59.334745437 89.38087898336018
59.378755006 89.38087898336019
60.56029063 89.46616461333616
60.560523229 89.52432280376246
60.561180698 89.52432280376247
60.563250641 89.71029419983779
60.563942567 89.84536083242203
60.56484315 89.87177977465697
60.567539738 89.92373549991547
60.567840232 89.95821134718105
60.571571532 89.97170962690403
60.5774225 89.99080942361572
61.739338597 90.0760950535917
61.739510162 90.134253244018
61.741954496 90.32022464009331
61.742633745 90.45529127267757
61.746137731 90.533665940171
61.746423451 90.56814178743659
61.750152686 90.58164006715957
61.757011836 90.58164006715958
62.89386743 90.7830307888208
62.894291051 90.78590798405791
62.896143006 90.91105528363717
62.896793651 91.04612191622142
62.900256001 91.12449658371486
62.900555821 91.15897243098044
62.91426578 91.15897243098046
63.230824413 91.15897243098047
63.988921771 91.24425806095643
63.989098242 91.30241625138275
63.991499714 91.34078502271238
63.992083392 91.62345428004231
63.995432822 91.70182894753576
65.043818362 91.90609686443408
65.046664767 92.16631079659759
65.050495078 92.1850699081713
65.050645468 92.19489798636494
65.071735133 92.19489798636495
65.328290493 92.19489798636496
66.059223084 92.28018361634092
66.059399188 92.33834180676722
66.061714939 92.37671057809686
66.063931515 92.52907654380851
66.065943918 92.65382121955945
66.066056187 92.6781389470005
66.07268989 92.68347971373106
66.1906614 92.68347971373107
67.072014462 92.88774763062939
67.074734531 93.1479615627929
67.085667254 93.16672067436663
67.441725499 93.16672067436664
68.031905301 93.36811139602786
68.034535202 93.63120252342848
68.717626915 93.6312025234285
68.933469777 93.71648815340446
68.933643373 93.77464634383075
68.935820871 93.81301511516038
68.937773114 93.82035517390618
68.938894844 93.89834412941532
68.939038178 93.92618805202012
68.93936654 93.92618805202014
68.943146075 93.94201247967767
68.948530977 93.96538108087204
68.973103001 93.96538108087205
68.990461337 93.96538108087206
69.644660237 93.96538108087208
69.795820144 94.16677180253326
69.796180081 94.16677180253328
69.800680688 94.23252268685887
69.800827144 94.2603666094637
69.801153869 94.26036660946372
69.804530074 94.27619103712125
70.086362349 94.27619103712127
70.628834229 94.36147666709724
70.628999672 94.41963485752353
70.631077161 94.45800362885316
70.632777933 94.46534368759896
70.63384915 94.54333264310807
70.633984995 94.5711765657129
70.634292226 94.57117656571292
70.63967611 94.57535320063968
71.427049549 94.66063883061565
71.427208767 94.71879702104195
71.427554227 94.71879702104196
71.429189054 94.7571657923716
71.430881035 94.76450585111739
71.431881274 94.84249480662652
71.43202401 94.87033872923134
71.432328372 94.87033872923135
72.191144137 94.95562435920732
72.191312302 95.01378254963362
72.193238483 95.05215132096325
72.194830653 95.05949137970904
72.195847357 95.13748033521819
72.195968623 95.16532425782299
72.233004889 95.165324257823
72.372280484 95.16532425782302
72.925472513 95.25060988779899
72.92562402 95.30876807822528
72.927515109 95.34713684955491
72.929068897 95.35447690830071
72.929450155 95.35447690830074
72.933625993 95.40986538208793
73.622605441 95.49515101206389
73.622772457 95.55330920249018
73.624648919 95.59167797381981
73.626118665 95.59901803256564
73.788148747 95.59901803256565
74.293521367 95.68430366254162
74.29365511 95.74246185296792
74.295423978 95.78083062429755
74.306022333 95.78083062429756
74.929369369 95.86611625427354
74.92952122 95.92427444469983
74.93435536 95.94317177564947
75.110322551 95.94317177564949
75.538946422 96.02845740562545
75.53908059 96.08661559605177
75.545970373 96.092733711139
75.546327144 96.10235839871224
76.118662649 96.18764402868821
76.118823796 96.24580221911451
76.125974372 96.25192033420177
76.130444228 96.25192033420178
76.672250507 96.33720596417776
76.672387175 96.39536415460405
76.674499067 96.62176987868507
77.19321237 96.70705550866104
77.193359664 96.76521369908734
77.20098465 96.76704265279983
77.292271295 96.76704265279986
77.688918405 96.85232828277582
77.689080484 96.91048647320211
77.728176033 96.91048647320213
77.795153504 96.91048647320214
78.165536422 96.91144277338026
78.165586083 97.00431831137197
78.170604888 97.01821300004298
78.171012283 97.02185685767031
78.174281868 97.05185572458173
78.619219753 97.05281202475983
78.619287429 97.14568756275155
78.62371791 97.34711757279196
78.641256294 97.34711757279199
79.048189374 97.34807387297009
79.048244865 97.4409494109618
79.052895551 97.45484409963281
79.056170491 97.46178678640852
79.113152696 97.46178678640854
79.45275392 97.46274308658666
79.452801002 97.55561862457834
79.457333653 97.56951331324935
79.465718871 97.56951331324936
79.480499513 97.56951331324937
79.835514499 97.6633451514192
79.841064744 97.67008149388325
79.842002097 97.67360819437224
79.883824739 97.67360819437225
79.897627725 97.67360819437226
80.179206142 97.76744003254208
80.184463588 97.77417637500614
80.223974633 97.77417637500615
80.236896833 97.77417637500616
80.504839942 97.86800821317598
80.55477564 97.868008213176
80.811394874 97.87885108879587
80.811434185 97.89330416131543
80.81147027 97.92182935155557
80.811642061 97.9498865846233
80.812704551 97.95959031129539
80.841964217 97.95959031129541
80.882306345 97.95959031129543
81.099655805 98.0414686827427
81.145057629 98.04146868274272
81.16147849 98.04146868274273
81.319997844 98.04146868274275
81.373206947 98.11659955989181
81.590161673 98.11659955989182
81.630399729 98.11662700273376
81.631548175 98.11895532911942
81.631915276 98.12796850077089
81.632155083 98.14571457717742
81.747909533 98.14571457717743
81.870081521 98.29648574077723
82.093694972 98.29651318361917
82.093876519 98.30785468165632
82.09528756 98.32560075806282
82.166789169 98.32560075806283
82.301130019 98.4763719216626
82.496586486 98.47639936450456
82.496871427 98.48774086254168
82.498799434 98.49854149796603
82.527923649 98.49854149796604
82.677602132 98.82606731462731
82.704934514 98.82606731462732
82.846286956 98.869945212427
82.872147549 98.86994521242701
83.005095287 98.86997265526894
83.028499035 98.86997265526895
83.407541763 98.93276680245229
83.42535481 98.9327668024523
