0.000355716 55.67386242965876
0.000449813 56.14713368907129
0.000648003 56.20681416209228
0.000751285 56.3010793612789
0.000930488 56.463509402634465
0.001302944 56.548916393968334
0.005987109 56.77104980716121
0.006141008 56.84698978815624
0.011968941 56.88857836452994
0.012114479 56.94539453413494
0.012275267 57.13649967220032
0.078608181 57.544659449194604
0.078764577 57.604339922215594
0.078850419 57.6986051214022
0.078993345 57.861035162757766
0.082479373 57.86530491258319
0.082565559 57.944682295846114
0.083003234 58.16857556728453
0.083106917 58.244515548279544
0.08766839 58.28610412465324
0.087775418 58.34292029425824
0.087903064 58.534025432323624
0.209105516 58.54040914687523
0.33001679 58.54150664085295
0.451738993 58.55902611048118
0.6896456 58.59918701677177
0.80963809 58.60237036708979
0.928305651 58.605305691347404
1.047462844 58.639277454144995
1.166119926 58.66975412136656
1.285624061 58.67770334017869
1.40558051 58.68351730271589
1.524164141 58.68750327657445
1.641073348 58.69161465893412
1.702545261 58.69638959660703
1.824284639 58.71244281370496
1.9439830869999999 58.713884358361206
2.4149390410000002 58.77232957760206
2.532113213 58.7758100890429
2.5906712 58.7810330784258
2.939891576 58.87445652418837
3.049611939 59.101980001049256
3.0496562 59.57525126046178
3.049828636 59.63493173348277
3.049919926 59.729196932669396
3.050070113 59.89162697402496
3.050387878 59.97703396535883
3.054073494 60.19916737855171
3.054191257 60.27510735954674
3.088077624 60.37723430613305
3.203753048 60.377234306133055
3.320346985 60.40771097335462
3.5491490519999997 60.41566019216673
4.011251185 60.42147415470394
4.472625041 60.429571510922166
4.817720746 60.450399665693006
4.874910224 60.45039966569302
5.046062828 60.451841210349265
5.275715312 60.5102864295901
5.505124132 60.513766941030944
5.619775085 60.51898993041386
5.927376179 60.883046042172644
5.927424236 61.356317301585186
5.9275933290000005 61.415997774606176
5.927690199 61.510262973792784
5.927839855 61.67269301514835
5.931259421 61.67696276497377
5.931341014 61.756340148236696
5.931755999 61.98023341967511
5.965120782 62.158300347256436
8.732343391 62.61752238271985
8.732528333 63.01656492192452
8.734686538 63.150474115153365
8.734775299 63.24473931433999
8.73491945 63.40716935569555
8.73521273 63.49257634702942
8.739614143 63.501154452891875
8.747990338 63.50953408752246
8.748083889 63.68807428498183
8.772252837 63.70993482254938
8.990385949 63.70993482254939
10.521416463 63.71341533399022
11.476300308999999 64.17263736945362
11.476351186 64.64590862886617
11.476516472 64.70558910188716
11.476608317 64.79985430107376
11.476756176 64.96228434242933
11.477041446 65.0476913337632
11.481606604 65.05626943962567
11.489792843 65.06464907425624
11.489999215 65.08643364713879
11.490049724 65.17874084169647
14.123899236 65.6385080643431
14.124181135 65.78849995407
14.124224757 66.26572499596323
14.124378003 66.42815503731879
14.129163241 66.52214013451513
14.147084696 66.59833195571969
14.279746102 66.5983319557197
15.079470377 66.60126727997731
16.722009365 67.06396982688156
16.72205945 67.53724108629409
16.722219554 67.59692155931508
16.722310195 67.6911867585017
16.722453137 67.85361679985726
16.725642927 67.85788654968268
16.725720223 67.93726393294561
16.727133335 67.94760189705359
16.744715367 68.00517675465221
16.74522854 68.02379371825818
19.244969924 68.48649626516242
19.245178848 69.01944799759593
19.24697521 69.11371319678256
19.247110043 69.27614323813812
19.251526661 69.37012833533444
19.300977508 69.37012833533446
21.411219153 69.37012833533447
21.703416699 69.83283088223871
21.703467785 70.30610214165124
21.703630725 70.36578261467223
21.703725552999998 70.46004781385885
21.703877644 70.62247785521441
21.70706501 70.62674760503982
21.707144895 70.70612498830276
21.735030463 70.70864141740716
24.086136512 71.1713439643114
24.086334352 71.70429569674492
24.086423258 71.79856089593154
24.0865568 71.96099093728712
24.102154002 71.96526068711252
24.106287146 72.04463807037546
26.402632403 72.50734061727971
26.402856957 73.04029234971323
26.403049025 73.09815727646432
26.403125314 73.29698759025543
26.419238996 73.29895883635605
26.433404166 73.34828702603909
26.439269753 73.3621554437436
28.674277849 73.82485799064784
28.674483143 74.35780972308136
28.674576234 74.45207492226798
28.674714566 74.61450496362357
30.895064245 75.07720751052781
30.895257409 75.61015924296133
30.895346917 75.70442444214795
30.895494193 75.86685448350352
31.702344811 75.86685448350353
33.0187435 75.97021349629642
33.018794164 75.98365796082555
33.018958256 76.43398579755514
33.019110336 76.47032506485554
33.020343744 76.52866180146434
33.020572586 76.58673725739128
33.020637438 76.72130748686673
33.020708261 76.85453570285097
33.020934504 76.88879019557055
33.032624348 76.97366621448872
33.03319653 76.97673596353661
33.033727047 77.0766982543354
35.099362517 77.18005726712829
35.09940182 77.19350173165742
35.099549262 77.643829568387
35.099692786 77.68016883568741
35.100713756 78.09863396640242
35.112769452 78.18657973436848
35.117766026 78.1865797343685
37.186293619 78.2899387471614
37.186337364 78.30338321169053
37.186490313 78.7537110484201
37.188355115 78.79005031572052
37.189496063 78.84838705232933
37.189712341 78.90646250825625
37.189766544 79.04103273773171
37.189823191 79.17426095371594
37.201080718 79.2933914653537
37.286758388 79.29339146535371
39.133325952 79.3967504781466
39.133377475 79.41019494267573
39.133526637 79.8605227794053
39.133673042 79.8968620467057
39.134808258 79.95519878331453
39.135037374 80.01327423924147
39.135090614 80.14784446871691
39.135164762 80.28107268470114
39.147976532 80.31828577017971
39.148880306 80.34561516684747
41.011555023 80.44897417964037
41.011599013 80.4624186441695
41.011750829 80.91274648089906
41.011892086 80.94908574819947
41.013231831 81.06549794073521
41.01328455 81.20006817021066
41.013360169 81.33329638619489
41.02569454 81.37050947167346
41.027132327 81.39783886834121
41.931449304 81.39783886834122
42.83795489 81.50119788113412
42.8379949 81.51464234566325
42.838138688 81.96497018239282
42.838276583 82.00130944969322
42.839558152 82.11772164222897
42.83960923 82.25229187170443
42.839687361 82.38552008768865
42.858500213 82.43859667497924
43.728607118 82.43859667497925
44.591662395 82.54195568777213
44.591709284 82.55540015230126
44.591859114 83.00572798903083
44.592707165 83.03893571978291
44.593311023 83.15847944886698
44.593362934 83.29304967834243
44.593434827 83.42627789432666
44.621731811 83.43092925274955
44.836269172 83.43092925274956
46.292714825 83.53428826554246
46.292754285 83.54773273007159
46.292895425 83.99806056680116
46.293503117 83.99806056680117
46.293684992 84.03126829755324
46.29426636 84.15081202663731
46.294369158 84.41861047209699
46.327831699 84.418610472097
47.932250674 84.5219694848899
47.932292935 84.53541394941902
47.932429074 84.98574178614861
47.935429165 85.01864649088047
47.941448128 85.16505283356139
47.941909517 85.22367297168931
47.950071635 85.29693008124273
47.952998888 85.33903311025371
48.379682941 85.33903311025372
49.541341021 85.44239212304662
49.54137781 85.45583658757575
49.541513812 85.90616442430532
49.542075953 85.90616442430533
49.542694402 85.93034777841243
49.548570752 86.08547547171811
49.549021025 86.14409560984603
49.557546463 86.21735271939946
49.591854613 86.21735271939947
51.076839299 86.32071173219238
51.076889762 86.33415619672151
51.077033404 86.78448403345108
51.077632064 86.7844840334511
51.078269902 86.8086673875582
51.083942874 86.96379508086386
51.084440323 87.0224152189918
52.562718963 87.12577423178467
52.562758543 87.1392186963138
52.562895403 87.58954653304339
52.564078107 87.61372988715048
52.575018413 87.63493535874429
52.575137085 87.63773305219395
52.575302271 87.65723348469712
52.57954938 87.71093613462254
52.582479386 87.73355417924948
52.587391013 87.80665498518297
52.762915121 87.80665498518299
53.193086728 87.806654985183
54.009683284 87.91001399797588
54.009720077 87.92345846250501
54.009860061 88.3737862992346
54.010419808 88.37378629923461
54.020413524 88.42197281838517
54.021890201 88.44147325088834
54.024600146 88.5177939454407
54.451914694 88.51779394544072
55.437172044 88.62115295823361
55.437208947 88.63459742276274
55.437341831 89.08492525949231
55.437877969 89.08492525949232
55.4476047 89.13311177864288
55.449045514 89.15261221114605
55.453068129 89.20631486107148
55.891806794 89.20631486107149
56.800487529 89.30967387386438
56.800536588 89.32311833839351
56.800682354 89.77344617512308
56.801258799 89.7734461751231
56.810931387 89.82163269427366
56.812361238 89.84113312677682
56.875711666 89.84113312677684
58.122330195 89.94449213956973
58.122369879 89.95793660409886
58.122503781 90.40826444082843
58.13247028 90.45645095997901
58.133911462 90.46228497165048
58.236619311 90.46228497165049
59.420935384 90.56564398444337
59.420976619 90.57908844897251
59.421746174 90.82298035605582
59.423009574 90.87874901205393
59.426160992 90.98321302226095
59.429723547 91.00038808634214
59.979009534 91.00038808634216
60.646100005 91.10374709913503
60.646136247 91.11719156366418
60.646880889 91.36108347074749
60.647007961 91.39415686451474
60.647502931 91.41685212674558
60.650104805 91.52131613695262
60.653939441 91.57157290159287
60.689093345 91.57157290159289
61.089184529 91.5715729015929
61.821061163 91.67493191438578
61.821097217 91.68837637891491
61.821850483 91.93226828599823
61.821980412 91.96534167976547
61.822461119 91.98803694199633
61.826144332 91.99117956536824
61.833722813 91.99621096360251
61.836886671 92.0278177062171
61.836933475 92.05089863083522
61.838237733 92.08665761238036
61.975656416 92.08665761238038
62.973628446 92.19001662517326
62.97368248 92.20346108970239
62.974436016 92.44735299678571
62.97456177 92.48042639055295
62.975064769 92.5031216527838
62.978660488 92.50626427615572
62.985616902 92.51129567438998
62.988683409 92.54290241700458
62.988728932 92.5659833416227
63.032991114 92.56598334162271
64.074981255 92.66934235441559
64.075021153 92.68278681894473
64.075740147 92.92667872602804
64.075824863 92.98244738202615
64.079874207 92.98559000539805
64.10138668 92.98559000539807
64.524475912 92.98559000539808
65.129654666 93.08894901819097
65.129688999 93.1023934827201
65.130399792 93.34628538980343
65.130487362 93.40205404580152
65.375682059 93.40205404580153
66.138175281 93.50541305859441
66.138212787 93.51885752312354
66.138692614 93.51885752312356
66.139398476 93.55456148408989
66.139441945 93.67666573158388
66.139874379 93.67968971493644
66.14211196 93.74157834693861
66.142830757 93.80098135264672
66.143936594 93.81560011728841
66.378428773 93.81560011728843
67.115011977 93.9189591300813
67.11505026 93.93240359461043
67.115542408 93.93240359461045
67.116126007 93.96810755557678
67.116163913 94.09021180307077
67.116502824 94.09323578642334
67.118692696 94.1551244184255
67.125511113 94.16078134155669
67.239911695 94.1607813415567
68.06430399 94.26414035434959
68.064341896 94.27758481887872
68.065387706 94.31328877984505
68.065433195 94.3266131268503
68.0656671 94.42525410215718
68.065770709 94.43841701069161
68.067895325 94.50030564269377
68.444853728 94.50030564269379
68.964059513 94.6564613446745
68.96513680300001 94.66613742798741
68.965442318 94.77794131182871
69.328969112 94.77794131182873
69.82619916 94.93409701380943
69.827219821 94.94377309712235
69.827580126 95.08459615332359
70.650805246 95.24075185530431
70.651834041 95.25042793861722
70.657109852 95.35841233190203
70.6584219 95.36223182245851
70.75417661 95.36223182245853
71.443570617 95.51838752443923
71.444624987 95.52806360775213
71.449514702 95.63604800103695
71.465119737 95.63604800103697
72.199043182 95.79220370301766
72.200039029 95.80187978633057
72.210530291 95.82414312941293
72.211546927 95.84583968229863
72.255209167 95.84583968229865
72.356864567 95.84583968229866
72.927734306 96.00199538427937
72.928666857 96.01167146759228
72.938343378 96.03393481067462
72.940984193 96.04165364662178
73.124367855 96.0416536466218
73.37463829 96.04165364662181
73.627467784 96.19780934860249
73.628410627 96.2074854319154
73.63747055 96.23999795615809
73.691409616 96.2399979561581
74.0543778 96.23999795615812
74.299259027 96.3961536581388
74.300222372 96.4058297414517
74.309797798 96.42809308453407
74.311743368 96.42809308453408
74.491179364 96.4280930845341
74.876543922 96.42809308453411
74.942217392 96.58424878651479
74.943073929 96.5939248698277
74.95226526 96.62637762618283
75.136679859 96.62637762618284
75.559796237 96.78253332816354
75.560632229 96.79220941147645
76.012513804 96.79220941147646
76.139788362 96.94836511345714
76.164950909 96.94836511345716
76.648815739 96.94836511345717
76.693708101 97.0651685907792
77.186825988 97.06516859077921
77.219766849 97.16748979482928
77.221824698 97.1756868839609
77.715855001 97.18090112991865
77.717637797 97.29946562493522
77.774373178 97.29946562493524
77.841259259 97.29946562493525
78.190318922 97.33849691179567
78.190399962 97.37109477867784
78.193831785 97.39083521264628
78.194716781 97.3908352126463
78.195651576 97.40653484549806
78.250623236 97.40653484549807
78.578338639 97.40653484549809
78.646775321 97.4455661323585
78.646843702 97.47816399924066
78.650036777 97.49790443320911
78.65098136 97.49790443320913
78.774654851 97.49790443320914
79.041521908 97.49790443320916
79.076802997 97.50355792935483
79.078853511 97.53693572006958
79.080011887 97.54418418938828
79.080208173 97.54418418938829
79.080453461 97.56953358695175
79.081867907 97.58927402092019
79.123051558 97.5892740209202
79.142720127 97.58927402092021
79.480157606 97.5949275170659
79.480432204 97.62830530778062
79.480489916 97.66090317466279
79.483434633 97.66946480891265
79.484725046 97.67078216039168
79.486328404 97.6707821603917
79.553653795 97.67078216039171
79.555197846 97.67078216039172
79.858915804 97.6764356565374
79.860584756 97.70981344725215
79.860650014 97.7424113141343
79.862086581 97.75097294838415
79.869025965 97.75097294838416
80.138518311 97.75097294838417
80.205658948 97.75662644452984
80.207086784 97.79000423524461
80.207157738 97.82260210212677
80.210395845 97.82935667688618
80.211797843 97.83013572936939
80.218530798 97.8301357293694
80.283796449 97.83013572936942
80.533737957 97.8357892255151
80.535172111 97.86916701622984
80.535237655 97.90176488311202
80.53821832 97.90851945787144
80.606337584 97.90851945787145
80.841929308 97.91417295401715
80.84346307 97.94755074473188
80.84353119 97.98014861161406
80.955925007 97.98014861161407
81.133742915 97.98580210775975
81.136534496 98.00230834491148
81.136878768 98.02642836779322
81.137895568 98.04955714220826
81.154699773 98.04955714220827
81.407885225 98.05521063835396
81.410274497 98.07171687550569
81.410775068 98.09583689838742
81.579203715 98.09583689838743
81.662349615 98.1014903945331
81.664701938 98.11799663168483
81.665098902 98.21713199549896
81.741780508 98.21713199549897
81.90199577 98.22278549164469
81.904153225 98.23929172879642
82.016800688 98.23929172879643
82.126898002 98.24494522494211
82.129682259 98.29428439585861
82.336809773 98.29993789200431
82.338991401 98.42327821891547
82.414420954 98.42327821891548
82.535595503 98.42893171506118
82.537063138 98.45267581236723
82.622303599 98.45267581236725
82.721690115 98.45832930851296
82.722860373 98.54331044727579
82.808138345 98.5433104472758
82.891535943 98.54896394342148
82.892701318 98.63202788040387
82.899952995 98.63202788040388
82.975722806 98.6320278804039
83.049436754 98.63768137654958
83.093755986 98.6376813765496
84.127097959 98.80631633586881
84.149686192 98.80631633586883
84.409455923 98.97531404870034
