0.000353116 51.518819146001896
0.000644818 51.718811992074066
0.000782259 51.923864938308256
0.000809165 52.169125967244334
0.000924507 52.23436114494487
0.002679867 52.38245670281684
0.017396513 52.581093392514305
0.036039015 52.623477762175526
0.06853783 52.62347776217553
0.079545155 53.027444619645024
0.079832005 53.43249041195139
0.079857295 53.67775144088747
0.079950936 53.742986618588006
0.081330211 53.891082176459975
0.092821375 54.08971886615744
0.107488741 54.13210323581867
0.132353953 54.132103235818676
0.16812236 54.154117055108394
0.193733884 54.1541170551084
0.254295049 54.15411705510841
0.411636797 54.16757857786649
0.437100052 54.1675785778665
0.651935707 54.175752209474226
0.894850254 54.179547545651204
0.919459304 54.17954754565121
1.01492831 54.193825302487745
1.038965136 54.19382530248775
1.134219398 54.19524685447535
1.158974941 54.19524685447536
1.194978318 54.19622471063459
1.21977206 54.196224710634596
1.280170783 54.2280695668885
1.375447522 54.234420036472166
1.461319266 54.23442003647217
1.520441952 54.24222462976539
1.700387863 54.242224629765396
1.7351636959999999 54.24264552588027
1.760745922 54.24264552588028
1.857476137 54.26793199965624
1.8831955169999999 54.26793199965625
2.067423768 54.267931999656255
2.102807866 54.287116680508
2.128010632 54.28711668050801
2.164731721 54.28748461723203
2.189616137 54.28748461723204
2.251600515 54.287484617232046
2.287509839 54.29649310722746
2.312576253 54.29649310722747
2.397903138 54.30369528400536
2.437282013 54.34607965366658
2.7768923020000003 54.39246199218522
2.981102376 54.392461992185225
3.106669932 55.01040526750263
3.106874985 55.2103981135748
3.10699272 55.415451059809
3.107106708 55.725947266445615
3.108505029 55.87404282431757
3.12233086 55.92244215159522
3.126741027 55.967702139061856
3.139033335 55.976710629057294
3.141056764 56.07267951401505
3.15801425 56.11506388367627
4.85976418 56.161446222194904
4.975695211 56.16144622219491
5.988301637 56.82177386717354
5.988521834 57.02176671324571
5.988642435 57.226819659479915
5.988758227 57.53731586611653
5.990123972 57.685411423988484
6.008040166 57.77907073873277
6.019987088 57.78807922872821
6.021992963 57.88404811368596
6.078091594 57.884048113685964
8.794323551 58.590758097183226
8.794549444 58.7907509432554
8.794673514 58.9958038894896
8.794790789 59.306300096126215
8.796143619 59.45439565399817
8.813553782 59.548054968742456
8.825385119 59.55706345873789
8.83043303 59.5570634587379
11.515086997000001 60.26377344223516
11.515298474 60.46376628830733
11.515413699 60.66881923454153
11.515525509 60.97931544117814
11.529519635 61.04727278732482
11.532406951 61.06568893238103
11.534200698 61.16800573303452
11.539577722 61.17623122244263
11.558131663 61.22070237707037
14.167909469 61.92741236056764
14.168147079 62.12740520663981
14.169978337 62.332458152874004
14.170097648 62.64295435951062
14.18366259 62.710911705657296
14.188279261 62.83164465136699
14.193478083 62.839870140775105
14.245130333 62.83987014077511
16.757094499 63.546580124272374
16.757315334 63.746572970344545
16.757436145 63.95162591657874
16.757584171 64.19065778076813
16.758324273 64.26212212321536
16.771204671 64.33007946936205
16.790278528 64.33506724951897
16.799257311 64.41261708923417
19.274399622 65.11932707273144
19.274644706 65.31931991880361
19.276468037 65.5243728650378
19.276580838 65.83486907167442
19.289761458 65.9028264178211
19.307758103 65.90781419797804
21.730677054 66.61452418147529
21.730896863 66.81451702754747
21.731113767 67.33006618041827
21.744483669 67.39802352656496
22.485023222 67.39802352656497
24.097196857 68.10473351006225
24.097415919 68.30472635613441
24.097529593 68.5097793023686
24.09764332 68.82027550900521
24.55395212 68.82027550900523
26.421774298 69.52698549250249
26.422013463 69.72697833857465
26.422133036 69.93203128480886
26.422294071 70.17106314899823
26.439978549 70.19195080539238
26.666241747 70.1919508053924
28.650401496 70.54035165010016
28.650753595 70.60440276213347
28.650859021 70.75483919008833
28.651624001 70.76671016189145
28.651683256 70.84961803309153
28.651826045 71.12158955194869
28.651898305 71.1249586671532
28.651938819 71.20254741502089
28.652162674 71.2273219589804
28.652437764 71.24789758932307
28.662248144 71.27289225391803
28.66233463 71.30137148612089
28.663650475 71.3109228723887
28.667743886 71.41808060794264
28.668311102 71.52767086099207
28.678434199 71.54273844538541
28.78273733 71.54273844538542
30.817372444 71.89113929009318
30.817746302 71.95519040212649
30.818570547 71.99946124276966
30.818612424 72.11749780188448
30.818667767 72.20040567308455
30.818809753 72.47237719194169
30.818881434 72.4757463071462
30.818922932 72.55333505501389
30.819170804 72.57810959897341
30.819426483 72.59868522931609
30.828997859 72.62367989391105
30.829084338 72.6521591261139
30.830366612 72.66171051238172
30.834416943 72.76886824793566
30.83493543 72.87845850098509
31.340093474 72.8784585009851
32.916021254 73.01724160494973
32.916086414 73.25032206206401
32.916124398 73.30957549721472
32.916184811 73.54880069568499
32.91725258 73.80809724754138
32.917324875 73.81146636274589
32.917364436 73.88905511061358
32.917593601 73.9138296545731
32.917845779 73.93440528491577
32.927086931 73.95939994951073
32.92845553 73.9974305679814
32.932379712 74.10458830353534
32.936743497 74.16370052349028
32.978117369 74.16370052349029
34.972433526 74.51210136819806
34.973430465 74.57615248023137
34.973541147 74.62042332087452
34.973580971 74.73845987998935
34.973632902 74.82136775118943
34.973768314 75.09333927004657
34.973835166 75.09670838525108
34.973871884 75.17429713311877
34.974094395 75.1990716770783
34.974343451 75.21964730742096
34.983603707 75.24464197201591
34.984931433 75.28267259048658
34.988864732 75.38983032604052
35.006315993 75.38983032604054
36.0434496 75.38983032604055
36.977347325 75.73823117074832
36.977708451 75.80228228278163
36.978498805 75.8465531234248
36.97854377 75.96458968253962
36.978597679 76.0474975537397
36.978737579 76.31946907259685
36.978806427 76.32283818780135
36.978846495 76.40042693566905
36.979086986 76.42520147962856
36.979334906 76.44577710997123
36.989049468 76.47077177456617
36.994631686 76.4988402051079
37.012167804 76.50880239303686
38.935212968 76.85720323774464
38.935541016 76.92125434977795
38.936261611 76.9655251904211
38.936301781 77.08356174953593
38.936353206 77.16646962073601
38.936485675 77.43844113959315
38.936548596 77.44181025479766
38.936585403 77.51939900266535
38.936806284 77.54417354662486
38.937039222 77.56474917696754
38.949921516 77.57580919133173
38.9505165 77.57580919133174
38.95092779 77.57990589292666
38.9520996 77.6178122721042
38.953366075 77.61781227210422
40.812605663 77.75659537606884
40.812671556 77.98967583318311
40.812707368 78.04892926833382
40.812766146 78.2881544668041
40.813774972 78.5474510186605
40.813871606 78.62840888173268
40.814095931 78.6531834256922
40.81434382 78.67375905603487
40.827598886 78.68481907039909
40.828011137 78.688915771994
40.830581087 78.72682215117156
42.637200534 78.8656052551362
42.637268275 79.09868571225047
42.637303971 79.15793914740118
42.637543701 79.340010188379
42.638042192 79.39716434587145
42.638391244 79.65646089772785
42.638465449 79.73741876080004
42.638690897000004 79.76219330475956
42.638925338 79.78276893510223
42.66294734 79.81644530994816
42.768978211 79.81644530994818
43.851646306 79.8164453099482
44.433699542 79.95522841391282
44.433765962 80.18830887102709
44.433802777 80.2475623061778
44.434489629 80.48678750464806
44.434838475 80.74608405650447
44.434915975 80.82704191957666
44.435338353 80.87239209387884
44.470039789 80.87239209387886
44.776670172 80.87239209387887
46.147344806 81.01117519784351
46.147416599 81.24425565495778
46.147453392 81.30350909010849
46.148136596 81.54273428857876
46.149309899 81.70575043784048
46.158098244 81.73752860674935
46.159626111 81.80110355942445
46.171118447 81.83514873167405
46.863859916 81.83514873167407
47.798231697 81.97393183563868
47.798295556 82.20701229275296
47.798331608 82.26626572790367
47.798389129 82.50549092637395
47.799348697 82.66850707563565
47.808358795 82.70028524454452
47.812128114 82.72358547560653
47.812282148 82.72639544279967
49.399253407 82.8651785467643
49.399323489 83.09825900387855
49.3993616 83.15751243902926
49.400197313 83.19490221590709
49.400377655 83.24979744679948
49.400959696 83.2497974467995
49.402048937 83.34387775427257
49.403207334 83.48930688994645
49.409349557 83.59153195567013
49.535462877 83.59153195567015
50.960543568 83.85031345507763
50.961104233 83.85031345507764
50.961203966 84.06003872877757
50.961378022 84.11493395966998
50.963055606 84.20901426714305
50.964187521 84.35444340281693
50.97113992 84.42664431906964
50.972431748 84.45210678260163
50.972960816 84.45210678260166
51.709353311 84.45210678260167
52.467428239 84.71088828200915
52.468005599 84.71088828200917
52.468104029 84.92061355570912
52.468622767 84.9239499453236
52.468893896 84.97550878660151
52.469973607 85.06958909407457
52.471062074 85.21501822974845
52.477814117 85.28721914600116
52.489870442 85.28759181899143
52.496803986 85.31268160953319
53.916259526 85.45146471349781
53.916322341 85.68454517061207
53.916356997 85.74379860576278
53.91708813 85.78118838264061
53.917574277 85.78452477225511
53.918851949 85.93016392100608
53.919925291 86.07559305667996
53.926567642 86.14779397293267
53.938329003 86.14816664592291
54.051113834 86.14816664592293
54.192155155 86.14816664592296
54.332742558 86.14816664592297
55.329054389 86.28694974988758
55.329127788 86.52003020700184
55.329165287 86.57928364215255
55.32992412 86.61667341903038
55.3305358 86.61667341903039
55.331686301 86.76564895739585
55.332755084 86.91107809306973
55.339259557 86.98327900932244
55.532130617 86.98327900932246
55.802550274 86.98327900932247
56.682281561 87.12206211328709
56.68236942 87.41439600555208
56.683079131 87.45178578242991
56.684793129 87.60076132079536
56.685834948 87.74619045646924
56.692372202 87.78322500754786
56.692674491 87.81839137272195
57.414159394 87.81839137272196
58.008364577 87.95717447668659
58.008465505 87.97290847623259
58.008550741 88.13846039529506
58.009036664999996 88.19025493380084
58.009209515 88.28689814582938
58.009822743 88.2868981458294
58.010971468 88.29169306233692
58.011233485 88.36411635952544
58.012036581 88.58130281986874
58.029636625 88.58471564483708
58.184341539 88.58471564483709
58.572470942 88.5847156448371
59.141436915 88.58471564483712
59.300667626 88.72349874880175
59.300721803 88.956579205916
59.301430908 89.05322241794454
59.302002013 89.05322241794455
59.303106791 89.05801733445207
59.303371615 89.1304406316406
59.305307202 89.13412955084883
59.305967566 89.25111665900536
59.314628497 89.27599609518779
59.535704369 89.2759960951878
60.00468996 89.27599609518782
60.532338932 89.41477919915245
60.532433866 89.43051319869845
60.532937417 89.6478596562667
60.533099846 89.74450286829524
60.533653208 89.74450286829526
60.534714766 89.74929778480278
60.53496426 89.8217210819913
60.537315343 89.82541000119956
60.537945518 89.94239710935607
60.556134859 89.94239710935608
60.586321516 89.9423971093561
61.720356141 90.20117860876357
61.720818457 90.20117860876358
61.722672789 90.41090388246354
61.723193265 90.41090388246356
61.724213121 90.41569879897108
61.724459905 90.48812209615957
61.732542958 90.5244566311097
61.778987523 90.52445663110973
62.864484727 90.7832381305172
62.865025849 90.99296340421715
62.86555029 90.99296340421716
62.866611452 90.99775832072469
62.866870228 91.0701816179132
62.904824755 91.07018161791322
63.968629206 91.3289631173207
63.969060928 91.32896311732071
63.969657381 91.53868839102066
63.97437236 91.59223710012618
63.989674572 91.5922371001262
64.019346056 91.59223710012621
64.399145465 91.59223710012623
65.026789867 91.85101859953372
65.02719829 91.85101859953373
65.027288591 92.06074387323366
65.028759563 92.08670413221995
65.042082193 92.0980010526529
65.045708925 92.09800105265292
66.038658069 92.3567825520604
66.039071267 92.35678255206041
66.039659634 92.56650782576038
66.047582953 92.57130274226789
66.056200595 92.58546511771507
66.058162496 92.59246808474666
66.461728574 92.59246808474667
67.059330487 92.85124958415415
67.059769301 92.85124958415416
67.0648318 92.94712404773037
67.065649093 92.9964007601225
67.070483566 93.07993214980883
67.94657626 93.07993214980884
68.005502035 93.33871364921632
68.00948842 93.43458811279257
68.010003589 93.48386482518467
68.208509136 93.48386482518468
68.780727515 93.4838648251847
68.902517926 93.74264632459216
68.902898291 93.74264632459217
68.906011815 93.83852078816838
68.914184711 93.8721493798482
68.919194997 93.87214937984821
68.936606053 93.87214937984822
69.001623996 93.87214937984824
69.608030355 93.87214937984825
69.762927817 93.87214937984827
69.765188862 93.89119911694641
69.765346385 93.96557930341811
69.765531255 94.13093087925576
69.768593318 94.226805342832
69.777731904 94.25329128978703
69.814116024 94.25329128978704
70.609883042 94.2723410268852
70.610262844 94.51207278919455
70.613517041 94.60794725277076
70.731125874 94.60794725277077
70.741917881 94.60794725277078
71.41628806 94.86672875217829
71.423808628 94.91276771021549
71.423848122 94.9310514539172
71.47046238 94.93105145391723
72.182962255 95.18983295332471
72.190238575 95.23587191136194
72.190275747 95.25415565506366
72.916877274 95.51293715447113
72.931815051 95.51293715447115
72.974636032 95.51293715447116
73.615734384 95.60118326002387
73.616518562 95.69225083057253
73.616544663 95.70983415653569
73.619221853 95.71524353077479
73.619386435 95.72181002111185
73.626622266 95.73075447742792
73.732335082 95.73075447742794
74.290588335 95.81900058298068
74.290786513 95.91006815352931
74.290809988 95.92765147949247
74.294391004 95.9282620311554
74.299361347 95.93306085373155
74.300617598 95.93665996653459
74.302461761 95.93962734406861
74.30704946 95.93962734406863
74.40889988 95.93962734406864
74.813754666 95.93962734406865
74.926148933 96.02787344962138
74.926331014 96.11894102017001
74.92635594 96.13652434613317
74.929787601 96.1371348977961
74.935527589 96.1455328331753
74.948374799 96.14553283317531
75.098341565 96.14553283317532
75.54882642 96.23377893872802
75.549401532 96.32484650927668
75.549427893 96.34242983523981
75.549870893 96.34242983523983
75.552829121 96.34304038690277
75.559385469 96.3499387123193
75.697997104 96.34993871231931
75.981733005 96.34993871231933
76.107736583 96.34993871231934
76.146420236 96.43818481787206
76.146964997 96.52925238842072
76.146989284 96.54683571438385
76.147383216 96.54683571438386
76.150132602 96.5474462660468
76.708845276 96.63569237159955
76.709343435 96.74434326811134
76.921865528 96.74434326811135
77.232709713 96.83258937366406
77.233874735 96.88056712522683
77.234700321 96.90237067898366
77.235493274 96.90237067898367
77.23717892 96.92170092188363
77.241287098 96.93973131160206
77.251256763 96.93973131160209
77.617031398 96.9397313116021
77.728641817 97.0279774171548
77.72961522599999 97.07595516871757
77.730432031 97.09775872247442
77.732920617 97.11708896537436
77.75241902 97.11708896537438
78.147815765 97.11708896537439
78.219213361 97.20533507092712
78.220504675 97.25331282248987
78.220931569 97.27511637624671
78.23133674 97.27511637624673
78.374445865 97.27511637624674
78.673255733 97.36336248179946
78.674515767 97.41134023336224
78.681119163 97.41389948021137
78.681259944 97.41757938474255
78.682134676 97.43314378711905
78.684514204 97.43314378711906
79.072362495 97.43314378711908
79.098890796 97.52138989267179
79.100121584 97.56936764423457
79.106541388 97.5719268910837
79.10666568 97.57560679561489
79.146271677 97.57560679561492
79.218847638 97.57560679561493
79.50072783 97.66385290116763
79.501915378 97.71183065273038
79.508105992 97.71438989957954
79.584733293 97.71438989957956
79.853584328 97.71438989957959
79.881158474 97.80263600513229
79.883473695 97.8441313636169
79.890726549 97.84413136361691
79.897699027 97.84413136361694
80.035069459 97.84413136361695
80.225778714 97.93237746916964
80.228289422 97.9391720872178
80.229242531 97.95396383581522
80.262868544 97.95396383581523
80.399231901 97.95396383581524
80.484007585 97.95396383581526
80.553040332 98.04220994136797
80.555606262 98.0490045594161
80.766111287 98.04900455941612
80.815950945 98.04900455941613
80.86061679 98.13725066496885
80.913468404 98.13725066496887
81.154396473 98.1617206596434
81.154615941 98.16172065964341
81.155511201 98.17356705432714
81.156681316 98.18621158341573
81.157312761 98.20036169340396
81.158115265 98.22209978749108
81.161560192 98.2220997874911
81.326089766 98.22209978749112
81.42845189 98.24656978216565
81.429372645 98.27106070593796
81.431609117 98.28521081592622
81.473552187 98.28521081592623
81.499849485 98.28521081592625
81.689725831 98.30968081060078
81.68992241 98.3096808106008
81.690231213 98.3188794640123
81.690418414 98.31887946401231
81.690808238 98.32152720528453
81.691976209 98.33417173437309
81.701042683 98.3341717343731
81.868789288 98.33417173437311
81.897593851 98.33417173437313
81.92952619 98.43075252720539
81.938954493 98.4307525272054
82.096635939 98.43075252720541
82.158193897 98.45522252187995
82.158358722 98.45522252187996
82.159115954 98.46706891656369
82.172064237 98.4670689165637
82.371503639 98.49153891123827
82.371912873 98.50073756464975
82.402670709 98.50073756464977
82.568388986 98.52520755932433
83.7061508 98.73747671412269
83.714436142 98.7374767141227
83.725023544 98.73747671412272
83.785303601 98.73747671412274
83.888929778 98.82729184198406
83.897292384 98.82729184198408
83.903702567 98.82729184198409
