0.000354383 46.604786975205734
0.00043213 47.74226910575475
0.00047599 47.780178489469144
0.000547955 48.52982290199929
0.000819245 48.647629174515295
0.003654958 48.71871091612274
0.003960056 49.10840702167649
0.005019738 49.1084070216765
0.006971107 49.36833676852266
0.007261282 49.54254413874025
0.048535526 49.567169654909996
0.079707905 49.81099909741964
0.079829382 50.23105345160813
0.082085479 50.30213519321558
0.082330726 50.69183129876933
0.084690631 50.9517610456155
0.084932825 51.125968415833086
0.116998745 51.150593932002835
0.237806263 51.15059393200284
0.358989486 51.150983794407374
0.419494986 51.150983794407395
0.479661 51.15182154043067
0.539744886 51.151821540430674
0.600486562 51.15581385185738
0.783767329 51.16877629582573
1.111575389 51.17159001650396
1.112398471 51.17159001650397
1.143204895 51.19621553267371
1.262073559 51.21443335817953
1.380265034 51.21934919317365
1.500593173 51.22170679310319
1.561373033 51.2217067931032
1.742032721 51.224203428635356
1.982803451 51.235245537648986
2.221794846 51.24959541347142
2.2833441 51.249595413471425
2.3426012529999998 51.25132823881542
2.40498779 51.251328238815425
2.583062812 51.27143233817727
2.64344692 51.284586332068706
2.695483353 51.2968377293301
2.702344228 51.32146324549985
2.7610667700000002 51.321463245499864
2.822354742 51.34298366604332
2.8816632330000003 51.342983666043324
3.079100346 52.00989959639989
3.079342417 52.127705868915896
3.081613695 52.19878761052334
3.081851396 52.58848371607709
3.084158365 52.84841346292325
3.084396717 53.022620833140834
3.115715687 53.0472463493106
3.921549673 53.06040034320203
4.154486786 53.06040034320204
4.616509477 53.097277256633184
5.085426041 53.118797677176644
5.971697938 53.82349311759441
5.971961062 53.941299390110416
5.974426657 54.40207723727161
5.981089661 54.56806590018941
5.981184416 54.64382462029488
5.98131978 54.72847622594102
5.988685334 54.74455892710746
6.000898789 54.83621435433537
8.776441219 55.57778670818428
8.776686608 55.69559298070027
8.779076639 56.156370827861466
8.779889242 56.15637082786147
8.785703199 56.32235949077928
8.785798752 56.39811821088473
8.785929161 56.48276981653089
8.793104769 56.49885251769733
8.81313281 56.51895661705916
9.448295024 56.54047703760263
11.518790473 57.28346571263316
11.519068598 57.401271985149165
11.521468999 57.86204983231036
11.522251035 57.86204983231037
11.528058912 58.028038495228174
11.528153561 58.10379721533363
11.528285124 58.18844882097979
11.536005992 58.20453152214621
11.55467911 58.22463562150806
14.191011368 58.98772839590043
14.191255527 59.10553466841644
14.195128899 59.566312515577636
14.195836833 59.56631251557764
14.201384016 59.73230117849545
14.201475166 59.8080598986009
14.20158923 59.89271150424706
14.209213383 59.908794205413486
16.790102622 60.671886979805855
16.790360966 60.78969325232186
16.792694353 61.25047109948306
16.793438027 61.250471099483065
16.799069589 61.492218482506324
16.79920772 61.57687008815248
16.810090153 61.5912199639749
16.834395816 61.59121996397491
17.114447405 61.591219963974915
19.306149269 62.354312738367284
19.306392516 62.47211901088329
19.31021368 62.93289685804449
19.310909282 62.932896858044494
19.316318049 63.17464424106775
19.316447077 63.25929584671391
20.490512304 63.25929584671392
21.751591151 64.02238862110627
21.75183429 64.14019489362228
21.754093573 64.60097274078348
21.760182628 64.84272012380674
21.761004634 64.92737172945291
24.151084773 65.0915860184584
24.151144453 65.3882164221728
24.151272403 65.8082707763613
24.153485867 66.26904862352248
24.164162274 66.36961455670101
24.164513336 66.48585644200054
24.168181527 66.58190886764612
26.468147962 66.74612315665163
26.468199947 67.04275356036601
26.468323532 67.4628079145545
26.470467681 67.92358576171571
26.48087895 68.02415169489421
26.481225737 68.14039358019375
26.490835926 68.21095474540985
28.728914076 68.37516903441534
28.728971634 68.67179943812974
28.729097781 69.09185379231823
28.731209355 69.55263163947944
28.741435892 69.65319757265794
28.744654478 69.70499142924524
28.749471899 69.75289186022036
30.93034679 69.91710614922584
30.930405721 70.21373655294025
30.930515371 70.63379090712874
30.93257735 71.09456875428992
30.942699704 71.11537037661631
30.943325391 71.19513468746842
30.948811775 71.24692854405575
30.950440737 71.29482897503084
31.215484171 71.29482897503087
33.076696448 71.45904326403635
33.076750774 71.75567366775073
33.076870096 72.17572802193922
33.07889563 72.63650586910043
33.088694767 72.65730749142682
33.091779418 72.78886565886623
33.106678032 72.79507431121908
35.157491224 72.95928860022457
35.157555421 73.25591900393894
35.157668972 73.67597335812744
35.159693632 74.13675120528865
35.169431195 74.157552827615
35.175241118 74.28911099505444
35.215727664 74.28911099505447
37.178832317 74.45332528405993
37.178883865 74.74995568777433
37.179005103 74.9944536715241
37.179653637 75.17001004196283
37.180975603 75.63078788912404
37.190400795 75.65158951145042
39.097748493 75.81580380045591
39.097812657 76.11243420417031
39.097942702 76.35693218792008
39.098603435 76.5324885583588
39.099942127 76.69912693862489
39.10019053 76.80051594581698
39.100538472 76.99326640551999
39.109274855 77.01406802784638
40.978682007 77.17828231685186
40.978755722 77.47491272056624
40.978882641 77.71941070431603
40.979562067 77.89496707475476
40.980917807 78.06160545502084
40.981168311 78.16299446221294
40.981501633 78.35574492191594
42.799947418 78.51995921092146
42.800007108 78.81658961463583
42.800128835 79.0610875983856
42.800769005 79.23664396882432
42.802127534 79.4032823490904
42.802352971 79.5046713562825
42.815940981 79.53359631252215
42.82018597 79.62886803611013
42.825952635 79.65382214896349
44.552188484 79.81803643796897
44.552248253 80.11466684168334
44.552367753 80.35916482543314
44.556275552 80.70135957613795
44.55649608 80.80274858333004
44.960224168 80.80274858333007
46.264296496 80.96696287233553
46.264351061 81.26359327604993
46.264469369 81.5080912597997
46.265080729 81.50809125979973
46.269046691 81.81963098140434
46.278117495 81.89172420962134
46.283144053 81.91764286075329
46.283646585 81.9176428607533
46.317035075 81.91764286075332
46.317548671 81.91764286075333
47.92038647 82.0818571497588
47.920451572 82.37848755347318
47.920571612 82.62298553722297
47.925170734 82.93452525882762
47.934514621 83.00661848704459
47.952707262 83.00661848704462
47.953102089 83.03253713817658
49.526534573 83.19675142718206
49.526585998 83.49338183089644
49.526701109 83.7378798146462
49.527291282 83.73787981464622
49.531071454 84.04941953625085
49.748928494 84.04941953625088
51.065240591 84.21363382525637
51.065301085 84.51026422897074
51.065418232 84.75476221272054
51.078066935 84.81897018190624
51.079263075 84.99150268152697
51.539790207 84.991502681527
52.547033636 85.15571697053248
52.547079432 85.45234737424686
52.54719336 85.69684535799662
52.547740002 85.69684535799664
52.559682406 85.76105332718235
52.560871182 85.93358582680308
53.988855413 86.09780011580854
53.988911594 86.39443051952291
53.989027967 86.63892850327268
53.989573347 86.6389285032727
54.004246259 86.71292932982617
54.00531864 86.77166984604683
54.061106511 86.77166984604686
54.777785144 86.77166984604688
54.882727298 86.77166984604689
55.407016872 86.93588413505235
55.407071141 87.23251453876675
55.407279878 87.28407477393746
55.407708617 87.47701252251652
55.422169496 87.55101334907
55.426919496 87.57043442253241
55.509059898 87.57043442253244
56.755202765 87.7346487115379
56.755254643 88.03127911525229
56.75537144 88.27577709900207
56.770294002 88.34977792555556
57.035419003 88.34977792555559
58.070450081 88.51399221456106
58.070501817 88.81062261827545
58.070606109 89.05512060202523
58.085628305 89.09694018695889
58.188666844 89.0969401869589
59.343872949 89.26115447596439
59.343936785 89.55778487967876
59.353311377 89.60345134588952
59.353366226 89.63029028603643
59.362981124 89.67979983075622
59.36426621 89.77888054207634
59.389729984 89.77888054207635
60.56941574 89.94309483108184
60.56946674 90.23972523479623
60.578554232 90.31223064115387
60.584323572 90.31223064115389
60.587777916 90.36174018587369
61.745336838 90.52595447487917
61.745384035 90.82258487859356
61.754225639 90.86825134480432
61.754280208 90.89509028495121
61.783410846 90.89509028495122
62.1930581 90.89509028495124
62.886627118 91.05930457395672
62.886672405 91.3559349776711
62.895366594 91.40160144388186
62.895418158 91.42844038402875
62.930925224 91.42844038402876
63.986809749 91.88928507674864
63.996482706 91.88928507674865
63.998947276 91.89236433483784
64.041230682 91.89236433483785
65.042860822 92.3532090275577
65.043377786 92.35320902755771
65.105956576 92.35320902755772
65.10641585 92.35320902755774
66.0593503 92.43284323642341
66.059820823 92.4894399142389
66.05989232 92.62606271492213
66.060557853 92.70397889284558
66.065506102 92.79398390970688
66.068550001 92.81405372027761
66.246431258 92.81405372027763
67.035072489 92.8936879291433
67.0354375 92.95028460695879
67.036963603 93.08690740764202
67.040562811 93.10877050560742
67.04079426 93.16482358556546
67.042365369 93.25482860242676
67.324953614 93.25482860242677
67.985214525 93.33446281129243
67.985563949 93.39105948910792
67.985626335 93.52768228979114
67.988011383 93.53665020030319
67.989190767 93.54954538775655
67.989420101 93.60559846771459
67.990934229 93.6349695753946
67.998243916 93.64297449316088
68.716711253 93.64297449316089
68.881095594 93.72260870202655
68.881440089 93.77920537984205
68.881603446 93.7888746740664
68.881982287 93.91582818052528
68.885016742 93.93769127849069
68.885221566 93.99374435844871
68.895758841 93.99595066726346
68.896175 94.02311546612871
68.922198754 94.02311546612873
69.754666343 94.15934635280989
69.754851491 94.16901564703426
69.755925024 94.23286044676554
69.758160169 94.31783225145853
69.758365521 94.37388533141657
69.768470745 94.3760916402313
69.802718106 94.37609164023131
70.587339334 94.51232252691247
70.587528063 94.52199182113684
70.588588027 94.58583662086812
70.590732324 94.6708084255611
70.590945197 94.72686150551915
70.702754359 94.72686150551917
71.084777195 94.72686150551918
71.383798147 94.86309239220031
71.38400419 94.87276168642467
71.38502826 94.93660648615597
71.3884339 95.00868310339558
71.392186181 95.02157829084895
71.392298331 95.07516322618409
72.034763091 95.0751632261841
72.143287959 95.07516322618412
72.144615962 95.21139411286525
72.144793081 95.2210634070896
72.145773661 95.2849082068209
72.148896139 95.35698482406052
72.156597511 95.35698482406053
72.159012447 95.36988001151389
72.211275988 95.3698800115139
72.777264533 95.36988001151391
72.888266194 95.50611089819503
72.888441618 95.51578019241941
72.889361385 95.5796249921507
72.891342714 95.68117346684404
72.891874999 95.68117346684406
72.944430105 95.68117346684407
72.976666591 95.68117346684409
73.274966004 95.6811734668441
73.591635679 95.81740435352522
73.591672497 95.88491262164176
73.59274175 95.89091844748087
73.595860975 95.9629950647205
73.630069651 95.96299506472053
74.256697974 96.09922595140168
74.256745867 96.16673421951819
74.257799588 96.17274004535733
74.263481511 96.17390114144311
74.26363382 96.19413197279752
74.521045042 96.19413197279754
74.791615208 96.19413197279755
74.900275656 96.33036285947868
74.900317999 96.3978711275952
74.9013668 96.40387695343433
75.063195307 96.40387695343435
75.387656206 96.40387695343436
75.522802624 96.60761610823205
75.524160472 96.63540935726465
75.536268762 96.63540935726466
75.922664918 96.63540935726468
76.10763428 96.77164024394581
76.107670839 96.83914851206235
76.110448111 96.84515433790146
76.144395255 96.84515433790148
76.287365965 96.84515433790149
76.654617361 97.04889349269916
76.66558513 97.04889349269918
76.671240461 97.0488934926992
77.177290047 97.19479367360469
77.18521197 97.21277615829925
77.629932212 97.21277615829926
77.671096759 97.35867633920475
77.700562944 97.35867633920476
77.775605668 97.35867633920478
78.126902164 97.35867633920479
78.160398142 97.36407744490542
78.161743089 97.48388353645935
78.163096596 97.50374415402003
78.240376301 97.50374415402004
78.63020263 97.5801047630014
78.632220665 97.65768745086527
78.810690874 97.65768745086528
79.055245725 97.66308855656588
79.056384036 97.78289464811981
79.072944366 97.78289464811982
79.114296836 97.78289464811984
79.278094755 97.78289464811985
79.465710597 97.78829575382046
79.46707824 97.79475042492392
79.468121658 97.88061515941696
79.484350891 97.88061515941698
79.554399601 97.88061515941699
79.79894004 97.880615159417
79.851325301 97.88601626511762
79.852549261 97.89247093622107
79.854110915 97.93944230148263
79.85508074 97.95497292435734
79.855870067 97.95697576839835
79.863975602 97.95697576839837
79.866263852 97.95697576839838
79.990763942 97.9569757683984
80.197588552 97.96237687409901
80.198787435 97.96883154520246
80.200224556 98.01580291046402
80.201162024 98.03133353333872
80.214898174 98.03133353333874
80.369078912 98.03133353333875
80.530280527 98.04318931014284
80.5314214 98.09016067540439
80.674475902 98.0901606754044
80.842009215 98.10201645220849
80.8434463 98.15641634192845
81.06740925 98.15641634192846
81.128598995 98.16181744762908
81.129703299 98.16827211873253
81.132792244 98.19757822555582
81.143682815 98.19757822555583
81.18199737 98.19757822555584
81.253303637 98.19757822555586
81.404634475 98.2094340023599
81.407225535 98.25073378681009
81.40741675 98.2507337868101
81.417841949 98.25073378681012
81.63233754 98.25073378681013
81.658252621 98.25073378681014
81.661527026 98.26258956361421
81.664126749 98.43896639160316
81.765635766 98.43896639160317
81.885999482 98.43896639160319
81.902645944 98.44436749730379
81.90362032 98.45082216840724
81.92212142 98.45082216840726
81.993764933 98.45082216840727
82.091577089 98.45082216840729
82.128357424 98.4562232741079
82.14994816 98.45622327410791
82.18326414 98.45622327410793
82.328408931 98.45622327410794
82.338684529 98.47068170214253
82.346941334 98.47068170214254
82.385864383 98.47068170214256
82.719335316 98.55993546005855
82.732549366 98.55993546005857
82.785245934 98.55993546005858
82.873044406 98.5599354600586
82.890586409 98.71491256521193
82.909885071 98.71491256521195
83.198729018 98.75002464452764
83.19895915 98.87187497072385
83.201902548 98.87187497072387
83.249453084 98.87187497072388
83.275101352 98.8718749707239
83.312622439 98.87187497072391
83.461276713 98.90602505674289
83.463860149 98.9060250567429
83.500705956 98.90602505674293
83.67772566 98.97130070070979
83.697622202 98.97130070070982
