0.000354925 48.303425926884316
0.000428377 48.51376478582813
0.000472155 48.59978091237043
0.000528899 49.12434771197866
0.000554654 49.165834844614956
0.000610203 49.198584637783576
0.000773458 49.693020180515795
0.001023906 49.724016785765585
0.002100579 49.80538208205728
0.002285459 49.903418361793946
0.002945754 49.925545655815355
0.008478154 49.98169915851937
0.016258642 49.98836583048953
0.01736983 50.29458923328422
0.020668059 50.30163980518226
0.079551503 50.723938014084524
0.079585043 50.76542514672082
0.079631229 50.79817493988944
0.079764269 51.292610482621654
0.079974249 51.323607087871444
0.081004328 51.37684191207548
0.081047519 51.503008663899806
0.081576902 51.525135957921215
0.092198493 51.58795613259539
0.093077136 51.89417953539008
0.095606942 51.90123010728813
0.46014876 51.90789677925829
0.590790553 51.908161462626474
0.699265199 51.912821656007864
0.701753139 51.91987222790591
0.819830117 51.920152809519145
0.822388393 51.927203381417186
0.943588578 51.92803597987361
1.004367306 51.92803597987362
1.124061881 51.929941312733305
1.18427401 51.92994131273331
1.241834734 51.93739397033696
1.244407841 51.94444454223501
1.362218404 51.94873824972636
1.48433248 51.95543161741221
1.603874826 51.95942899456523
1.782886027 51.962516858694286
1.78537087 51.969567430592335
1.9045293330000002 51.975777880524184
1.939609073 51.98282845242223
2.089385737 51.98282845242224
2.149484104 51.98434197441367
2.209712738 51.984341974413674
2.271970458 51.994543037036124
2.395146854 52.14368664296833
2.514477685 52.204555228763645
2.517162934 52.21160580066169
2.579902217 52.21160580066171
2.759458074 52.21412018205295
2.822261438 52.214120182052966
2.881222571 52.21412018205297
3.101250533 52.336211158178266
3.101297869 52.42222728472056
3.101348595 52.94679408432879
3.101373561 52.98828121696509
3.101424829 53.02103101013371
3.101567512 53.515466552865924
3.101767229 53.546463158115714
3.102661306 53.62782845440741
3.103303937 53.74799202816549
3.10750242 53.80414553086951
3.113292389 53.810812202839664
3.114493755 53.89745846061751
3.114627069 54.04660206654972
3.116611149 54.1240861775324
3.917429108 54.12660055892366
5.970473591 54.25574210694701
5.970534957 54.34175823348931
5.970589986 54.86632503309753
5.970616433 54.90781216573383
5.970670051 54.94056195890245
5.9708218330000005 55.43499750163466
5.971051513 55.46599410688445
5.97195593 55.547359403176145
5.972122768 55.64539568291281
5.9739098859999995 55.64690152085691
5.976801363 55.723676479638236
5.98258886 55.730343151608395
5.983774489 55.81698940938623
5.983905988 55.96613301531844
6.040922843 55.96613301531845
6.188922601 55.96613301531846
8.761526803 56.03466146534315
8.761599599 56.55922826495138
8.761625253 56.60071539758768
8.761808422 57.12790073348851
8.762031529 57.15889733873829
8.762896916 57.240262635029985
8.763048743 57.33829891476666
8.764811138 57.339804752710755
8.768184569 57.404332853819874
8.768444761 57.41657971149208
8.773436217 57.423246383462235
8.778521885 57.44255298562115
8.778775107 57.49817805662619
8.997734134 57.498178056626195
10.07817974 57.56572331742429
10.083807307 57.57238998939445
10.086529547 57.647321662558404
11.498467186 57.76571657014312
11.498518308 57.85173269668542
11.49856756 58.37629949629365
11.498591434 58.417786628929946
11.498767018 58.944971964830785
11.499793321 59.05733386637226
11.499945867 59.155370146108936
11.5045081 59.23365094283435
11.510146797 59.24031761480451
11.51289056 59.31524928796846
11.567106958 59.31524928796847
12.61923452 59.31524928796848
14.169361385 59.446905217383076
14.169416697 59.53292134392538
14.169468652 60.05748814353362
14.171603979 60.09897527616992
14.171770883 60.62616061207075
14.172779875 60.73852251361223
14.17725937 60.80807718105798
14.177621466 60.85728701847617
14.177698696 60.90259273240211
14.182626103 60.92150626204448
14.20208437 60.9435507955195
14.206291372 60.97303847735143
14.465793449 60.97303847735144
16.768825709 61.10469440676604
16.768878476 61.19071053330835
16.768929667 61.71527733291657
16.768954052 61.75676446555288
16.76911899 62.283949801453716
16.770137128000002 62.39631170299519
16.774684846 62.46586637044095
16.775060351 62.51507620785914
16.775136636 62.51657684751462
16.775278893 62.51883591104287
16.794399812 62.529437779812085
16.799635415 62.60133998490246
17.050983512 62.60133998490247
18.11297376 62.601339984902474
19.292455856 62.73299591431709
19.292515586 62.81901204085939
19.292567957 63.343578840467615
19.294324748 63.38506597310392
19.294506916 63.91225130900476
19.295494607 64.02461321054624
19.299880597 64.09416787799199
19.300266923 64.14337771541018
19.300317105 64.14487835506567
19.300459325 64.14713741859391
19.320160819 64.15773928736314
21.748955579 64.28939521677775
21.749014329 64.37541134332004
21.749063209 64.89997814292828
21.749087083 64.94146527556457
21.749260394 65.4686506114654
21.750006614 65.46865061146542
21.750246102 65.58101251300688
21.754693326 65.65056718045264
21.755061957 65.69977701787084
21.755124295999998 65.70127765752633
21.755263882 65.70353672105458
21.773892335 65.71413858982379
23.173860779 65.7141385898238
24.138277543 65.8457945192384
24.13834559 65.93181064578069
24.138399524 66.45637744538892
24.138426481 66.49786457802523
24.13860206 67.02504991392605
24.139399154 67.02504991392607
24.139620987 67.13741181546754
24.14404727 67.20696648291329
24.144404279 67.25617632033149
24.14448062 67.25767695998698
24.144633143 67.25993602351522
24.562311578 67.25993602351524
26.468003997 67.39159195292984
26.468058707 67.47760807947213
26.468113499 68.00217487908037
26.468137802 68.04366201171668
26.468311942 68.57084734761752
26.46970071 68.65005716562864
26.478550728 68.68997042255259
26.478865149 68.73714675265678
26.487556374 68.80363710924026
28.724677204 68.93529303865486
28.724735734 69.02130916519717
28.724783904 69.54587596480539
28.724806716 69.5873630974417
28.725017899 69.68581873125304
28.725084822 69.78299849022781
28.725687015 70.11454843334252
28.726354328 70.19375825135366
28.734794333 70.23367150827761
28.735109753 70.2808478383818
28.746821179 70.34733819496526
29.370407917 70.34733819496527
30.953908376 70.47899412437988
30.953968141 70.56501025092217
30.954019534 71.08957705053041
30.954043418 71.1310641831667
30.954284664 71.32669957595283
30.955027157 71.32669957595284
30.955589523 71.73745933707868
30.963940054 71.77737259400263
30.964282014 71.82454892410682
30.991116846 71.82454892410684
33.067670076 71.95620485352143
33.067725721 72.04222098006373
33.067774242 72.56678777967197
33.067797199 72.60827491230826
33.068054377 72.80391030509439
33.069265154 73.21467006622022
33.077411359 73.25458332314417
33.078049403 73.25458332314419
33.09549074 73.27995888151771
33.137698593 73.27995888151773
35.156846402 73.41161481093233
35.156898021 73.49763093747464
35.156945797 74.02219773708286
35.156969851 74.06368486971917
35.157224337 74.25932026250528
35.158431639 74.67008002363112
35.180540158 74.70999328055508
35.2073228 74.7099932805551
37.141882786 74.8416492099697
37.141947439 74.927665336512
37.141997685 75.45223213612023
37.142022227 75.49371926875654
37.142283624 75.68935466154265
37.143508923 76.1001144226685
39.063126697 76.23177035208312
39.063180065 76.31778647862541
39.06322723 76.84235327823365
39.063251277 76.88384041086994
39.063501566 77.07947580365607
39.065585504 77.16968982950574
39.06633411 77.26477550506466
39.066639397 77.3368890255007
39.079733946 77.38350983063062
39.828486486 77.38350983063063
40.942414551 77.51516576004522
40.942468873 77.60118188658751
40.942517621 78.12574868619573
40.942541131 78.16723581883204
40.942802494 78.36287121161816
40.945609499 78.6202844334628
40.982322029 78.62028443346283
42.767691249 78.75194036287743
42.767747994 78.83795648941974
42.767795208 79.36252328902795
42.767820398 79.40401042166424
42.768085306 79.59964581445037
42.770869668 79.85705903629501
42.871625787 79.85705903629503
44.516773767 79.98871496570962
44.516826247 80.07473109225192
44.516873535 80.59929789186016
44.516896784 80.64078502449645
44.519213817 80.83312021086802
44.523292302 80.90276678634295
44.524107509 80.98442536433829
44.543570678 81.01315923634101
44.680418387 81.01315923634102
44.883577554 81.01315923634104
46.219347055 81.14481516575562
46.219396035 81.23083129229792
46.219442326 81.75539809190616
46.219465671 81.79688522454245
46.224255675 81.820725535351
46.226405154 81.88774766635343
46.232341729 82.0100029890687
46.239679058 82.07733352372036
46.474035113 82.07733352372037
46.672210424 82.07733352372038
47.870432364 82.20898945313498
47.870483992 82.29500557967727
47.870531416 82.8195723792855
47.872302563 82.8610595119218
47.873630136 82.91231041767485
47.878877673 82.93380564887084
47.884407215 83.07417727644804
48.470367474 83.07417727644805
49.490370506 83.07417727644807
49.498093853 83.20583320586266
49.49813712 83.29184933240495
49.498182855 83.81641613201319
49.49820587 83.8579032646495
49.51046099 84.01767324229269
50.495634227 84.0176732422927
51.059189065 84.1493291717073
51.059239176 84.2353452982496
51.059285509 84.75991209785784
51.059309192 84.80139923049414
51.060649545 84.85265013624719
52.411252635 84.8526501362472
52.562154683 84.9843060656618
52.562198081 85.0703221922041
52.562242645 85.59488899181233
52.562265336 85.63637612444863
53.63345137 85.63637612444865
54.008284764 85.86286038850092
54.008729238 85.93096532636106
54.009410561 85.98026634937784
54.009985478 85.98026634937786
54.010240305 85.98237865650727
54.010317471 86.17277195054297
54.010400931 86.1935522046533
54.010525947 86.23037264498451
54.014505428 86.37861498001378
54.015221692 86.42010211265007
54.037172409 86.42010211265008
55.406849327 86.64658637670236
55.407200347 86.7146913145625
55.407743574 86.76399233757928
55.408296268 86.7639923375793
55.408549834 86.7661046447087
55.408616344 86.9564979387444
55.408701941 86.97727819285474
55.408839499 87.01409863318595
55.43635231 87.01409863318597
56.296597439 87.01409863318598
56.770078296 87.24058289723826
56.770419135 87.3086878350984
56.7736837 87.33931831998167
56.774125267 87.33931831998169
56.774192054 87.52064737228167
56.774698595 87.52064737228169
56.777035739 87.54334947034698
56.779270327 87.55049445928032
56.78045859 87.60208771475412
56.791414603 87.60514989955603
56.825428693 87.60514989955604
58.094132948 87.83163416360831
58.094486214 87.89973910146844
58.097697201 87.93036958635172
58.098173095 88.11169863865172
58.101217221 88.13440073671703
58.104409363 88.19313898112415
58.181404335 88.19313898112416
58.517680417 88.19313898112418
59.378871901 88.41962324517645
59.379228627 88.4877281830366
59.38365811 88.51835866791987
59.384110562 88.69968772021987
59.386189081 88.72238981828518
59.390748384 88.7223898182852
59.393815231 88.77342454331358
60.606797485 88.99990880736587
60.607155357 89.06801374522601
60.61003152 89.09864423010927
60.610482969 89.27997328240927
60.610951899 89.27997328240929
60.613140057 89.3026753804746
60.637348001 89.30267538047461
61.792234194 89.52915964452689
61.792567082 89.59726458238704
61.795357634 89.6278950672703
61.79579249 89.80922411957029
61.796294135 89.8092241195703
61.801205127 89.81549849394436
61.801243839 89.82928011869578
61.801642361 89.82928011869579
62.444667384 89.8292801186958
62.936401247 90.05576438274808
62.936714008 90.12386932060821
62.939480691 90.15449980549148
62.939925362 90.33582885779148
63.051132145 90.3358288577915
63.491001597 90.33582885779151
64.03206979 90.5623131218438
64.032355075 90.63041805970394
64.035083354 90.6610485445872
64.036308359 90.77380962799404
64.052813439 90.77550348777261
64.374818065 90.77550348777262
65.085922463 90.88474580227059
65.08598321 91.07009268968503
65.088563848 91.10072317456829
65.090004155 91.21348425797513
65.110949676 91.21348425797514
65.1313653 91.21348425797515
66.001556395 91.21348425797517
66.098740979 91.32272657247314
66.098794365 91.50807345988758
66.101334884 91.53870394477084
66.104345194 91.61298959187155
66.106040575 91.62590259209627
66.177288203 91.62590259209628
66.648935487 91.6259025920963
67.081233932 91.73514490659426
67.081291261 91.9204917940087
67.083806933 91.95112227889197
67.087211794 92.02540792599268
67.090327169 92.02895131832243
67.096319854 92.02895131832244
67.640850314 92.02895131832246
67.908987362 92.02895131832247
68.035721112 92.2398678928786
68.038031148 92.2721706583131
68.038293073 92.31122407301613
68.038434936 92.35417100511815
68.044930627 92.36714739965873
68.047614122 92.4068130408816
68.051184733 92.41701020623894
68.648003489 92.41701020623896
68.952739687 92.52625252073692
68.952794653 92.6279267807951
68.954827543 92.66022954622959
68.955054647 92.69928296093262
68.955179444 92.74222989303463
68.960723392 92.75520628757522
68.963218426 92.79487192879809
69.019761523 92.7948719287981
69.824992957 93.00578850335425
69.827162304 93.03809126878875
69.827378424 93.07714468349178
69.827495062 93.1200916155938
69.832720009 93.13306801013438
70.183412287 93.1330680101344
70.661388281 93.24231032463238
70.661443636 93.34398458469055
70.663035111 93.37628735012505
70.663611926 93.41534076482809
70.664033506 93.4582876969301
70.669192456 93.47126409147069
71.461436029 93.58050640596865
71.461497997 93.68218066602682
71.463123644 93.71448343146132
71.46415856 93.76403734431398
71.467198181 93.76865450891985
71.572125223 93.76865450891987
72.219436608 93.97957108347602
72.221219812 94.01187384891051
72.222319708 94.06142776176317
72.296834405 94.06142776176318
72.948971251 94.27234433631935
72.950931455 94.30464710175383
72.952737732 94.35328359867728
73.644653206 94.56420017323343
73.646324124 94.59650293866792
73.649213009 94.602667762326
73.650707145 94.60348773723616
73.654915309 94.61437361764266
74.313027024 94.82529019219882
74.314192339 94.86008825303223
74.317311937 94.86375778129138
74.318796403 94.86457775620156
74.950105919 95.0754943307577
74.951222296 95.11029239159112
75.137239715 95.11029239159113
75.422003966 95.11029239159114
75.577243823 95.32120896614728
75.583626726 95.33856248478568
75.585169401 95.35095106968585
75.586136703 95.35095106968586
75.718398014 95.35095106968588
76.154822896 95.35095106968589
76.167650829 95.56186764424203
76.175836814 95.5916097477806
76.201755431 95.59160974778061
76.721154775 95.80252632233676
76.726951764 95.81987984097516
76.741231457 95.81987984097518
76.919746162 95.81987984097519
77.249322785 95.87477965627453
77.25060024 95.89782967951493
77.250636739 95.92608663852629
77.25127464 95.9268879311866
77.251336462 96.00870791006847
77.258160994 96.02911731777778
77.673355865 96.02911731777779
77.746658889 96.08401713307711
77.747907004 96.10706715631751
77.747941979 96.13532411532887
77.74861055 96.21794538687105
77.752117477 96.23794718306029
77.809705058 96.2379471830603
78.18706033 96.23794718306031
78.232741765 96.29284699835964
78.234056258 96.31589702160004
78.234210326 96.34415398061141
78.234832797 96.42677525215358
78.317539134 96.42677525215359
78.644369743 96.4267752521536
78.688668417 96.48167506745293
78.689801161 96.50472509069334
78.689834258 96.5329820497047
78.691047694 96.55700327689905
78.693613963 96.61059460131646
78.72053809 96.61059460131648
79.08490216 96.61059460131649
79.122983115 96.66549441661581
79.124085155 96.68854443985623
79.124119269 96.71680139886759
79.125136665 96.74082262606194
79.127899916 96.77095423640331
79.161108912 96.77095423640333
79.526326567 96.82585405170268
79.527407288 96.84890407494308
79.527551721 96.87716103395442
79.528443747 96.90118226114879
79.712452662 96.9011822611488
79.911051058 96.95608207644814
79.912079481 97.00738905869991
79.914287186 97.01408559616154
79.984333232 97.01408559616155
80.256695193 97.06413498994064
80.256863862 97.09203543470129
80.256897378 97.12029239371265
80.258487183 97.13713576040087
80.291826236 97.13713576040088
80.395805058 97.1371357604009
80.582208257 97.18718515417999
80.582379991 97.24334255795199
80.619672802 97.243342557952
80.814323458 97.24334255795202
80.889655214 97.31308742804778
80.889989068 97.31976497617865
80.960054134 97.31976497617866
81.134813181 97.31976497617867
81.181697048 97.38950984627444
81.182815891 97.38950984627445
81.186554707 97.3945663569663
81.196212481 97.39456635696631
81.285258275 97.39456635696632
81.456668999 97.46431122706208
81.4576524 97.4643112270621
81.504780325 97.46431122706211
81.714702226 97.51224046929312
81.715357004 97.60423549794399
81.843692531 97.604235497944
81.954927645 97.65543171388082
81.996554985 97.65543171388083
82.179695464 97.68457136559218
82.179799258 97.69506009239451
82.182388694 97.70336095611182
82.195254338 97.70336095611184
82.269333699 97.70336095611185
82.392673258 97.74610881230086
82.396056807 98.02548320070012
82.472489588 98.02548320070014
82.549940196 98.02548320070015
82.589437051 98.26678163469465
82.637951921 98.26678163469467
82.776735291 98.29921055599853
82.777129402 98.29939138201598
82.778433342 98.30075844706337
82.805999744 98.30075844706339
82.907441302 98.3007584470634
82.948574323 98.33318736836725
82.949958537 98.3333681943847
82.950238916 98.3571262254547
82.955309622 98.35712622545472
83.068267799 98.35712622545473
83.105990542 98.3895551467586
83.161947928 98.38955514675861
83.253866247 98.41962741518829
83.264919685 98.4196274151883
83.339815683 98.41962741518832
83.389427557 98.47801158294385
83.399708416 98.47801158294386
83.480187581 98.47801158294388
83.627709336 98.52481550751078
83.650626555 98.5248155075108
