0.000359575 50.71182608417846
0.000439031 51.40736392596469
0.000669026 51.6563767207249
0.001173128 51.65837329427375
0.00397466 52.08778282678655
0.004342418 52.15295634898407
0.029549591 52.19020373885939
0.078946547 52.844515708380406
0.079125134 53.09352850314062
0.079520968 53.09552507668947
0.081753943 53.52493460920227
0.102670128 53.58814121040019
0.121297476 53.62276385073549
0.162156082 53.640368931933054
0.283816956 53.64619111681281
0.405701782 53.651352949516095
0.764673233 53.659875299250274
0.883998921 53.68755615763468
1.061475199 53.68755615763469
1.1217915999999999 53.68940497095395
1.1823381259999999 53.68940497095396
1.241781367 53.69644517384867
1.301395416 53.69968515602531
1.540271414 53.7015992102324
1.599311575 53.70159921023241
1.6575338419999999 53.73440207467239
1.779253573 53.748968555323586
1.916624873 53.761961349100346
2.021095296 53.76415302773352
2.039323534 53.79877566806882
2.081255431 53.82063846010247
2.140825137 53.83307097848034
2.200206603 53.83307097848035
2.377182239 53.84386021194545
2.6199682170000003 53.84962113732567
2.661165889 53.859030189802944
2.681192587 53.89627757967826
2.915935834 53.93090022001356
3.078972894 54.10617903841871
3.079006394 54.80171688020493
3.079193869 55.05072967496514
3.079617779 55.052726248514
3.082000582 55.08210443092364
3.08209312 55.54730930322432
3.101031159 55.584556693099636
4.384207486 55.599726670957125
4.500574226 55.59972667095713
4.8269455279999995 55.63697406083245
5.959428624 55.85146719011251
5.95946742 56.547005031898735
5.959668409 56.79601782665895
5.960091246 56.7980144002078
5.962469388 56.82739258261745
5.962643394 56.84059139559897
5.963087066 57.22742393272059
5.982317111 57.29063053391852
8.765036433 57.55754103093138
8.765093822 58.2530788727176
8.765294253 58.50209166747781
8.765723664 58.50408824102667
8.767870315 58.933497773539465
8.789880261 58.94428700700457
8.847217659 58.944287007004576
9.064670527 58.94428700700458
11.493781037 59.21119750401744
11.493821734 59.906735345803675
11.494009463 60.15574814056389
11.494420459 60.15774471411274
11.496687831 60.18712289652239
11.496863674 60.20032170950391
11.497627517 60.20189829350356
11.498773282 60.441639425779876
11.512336966 60.50305182346877
11.886451278 60.50305182346878
14.169910818 60.769962320481646
14.169954275 61.46550016226788
14.170146424 61.71451295702809
14.170579237 61.71650953057694
14.172840276 61.745887712986594
14.173015929 61.759086525968115
14.173747226 61.760663109967766
14.174878145 62.00040424224408
14.191331342 62.0125332406347
16.762436727 62.279443737647576
16.762477871 62.974981579433795
16.762664452 63.223994374194
16.763055905 63.22599094774285
16.765273055 63.25536913015251
16.765436235 63.26856794313403
16.766880776 63.27014452713368
16.767615489 63.35742936713933
16.779181496 63.386028958307776
16.782105655 63.44537249150601
16.811876725 63.445372491506035
19.278264754 63.7122829885189
19.278305203 64.40782083030511
19.278491996 64.65683362506533
19.278888403 64.65883019861417
19.281090982 64.68820838102383
19.281256153 64.70140719400536
19.282659146 64.702983778005
19.283413463 64.79026861801066
19.294938991 64.8188682091791
19.310891775 64.82801108610354
19.360259008 64.82801108610356
21.755932394 65.09492158311642
21.755980178 65.79045942490262
21.75617067 66.03947221966284
21.756581632 66.04146879321169
21.758747263 66.07084697562134
21.758895594 66.08404578860286
21.76028988 66.08562237260251
21.761021617 66.17290721260818
21.772221998 66.20150680377662
21.820043603 66.20150680377664
24.176859743 66.46841730078951
24.1769091 67.16395514257573
24.177527547 67.4149645108848
24.179672587 67.44434269329444
24.180503643 67.45911809027562
24.183529645 67.46265286446007
24.187352302 67.51618522349447
24.202280255 67.55409208818641
24.202918788 67.55409208818642
26.591683972 67.8210025851993
26.591733161 68.51654042698551
26.591929144 68.76555322174573
26.59237568 68.76754979529458
26.594471588 68.79692797770423
26.595269608 68.81170337468541
26.598242381 68.81523814886985
26.601979737 68.86877050790426
26.622470739 68.90667737259619
26.662001014 68.9066773725962
28.91431887 69.17358786960907
28.914367306 69.8691257113953
28.914919111 70.12013507970434
28.916950111 70.149513262114
28.918377541 70.16428865909518
28.920642601 70.16782343327961
28.924282235 70.22135579231403
28.943852993 70.23828718440149
28.943952421 70.25151298446622
31.138271433 70.51842348147908
31.138319431 71.21396132326531
31.138499406 71.46297411802551
31.13889947 71.46497069157436
31.141664808 71.5091242709652
31.144491932 71.51265904514965
31.148070869 71.56619140418405
32.902814346 71.56619140418407
33.251609573 71.83310190119691
33.251650745 72.52863974298315
33.25184231 72.77765253774335
33.252255598 72.7796491112922
33.255009266 72.82380269068302
33.258358304 72.82733746486748
33.266675682 72.86662068933788
33.273204314 72.88086982390189
33.398080655 72.8808698239019
35.305723009 73.14778032091475
35.30576525 73.84331816270098
35.305940902 74.09233095746119
35.306326936 74.09432753101004
35.309006315 74.13848111040086
35.311674405 74.14201588458532
35.320211335 74.18129910905571
37.298622165 74.44820960606859
37.298667886 75.1437474478548
37.299212053 75.39475681616386
37.301833899 75.43891039555469
37.30452467 75.44244516973914
37.324857766 75.4466110943139
37.401922354 75.44661109431391
39.212474763 75.71352159132678
39.212519512 76.409059433113
39.213743999 76.5229729442274
39.214747169 76.57926198530012
39.215630753 76.70422238081288
39.218280865 76.70775715499734
39.293392588 76.70775715499735
41.077234118 76.97466765201023
41.077278045 77.67020549379644
41.078483886 77.78411900491085
41.07950199 77.84040804598357
41.080340598 77.96536844149632
41.093709993 77.96536844149634
41.800879818 77.96536844149635
42.888066283 78.23227893850921
42.888106377 78.92781678029543
42.889308736 79.04173029140983
42.890299599 79.09801933248255
42.892628288 79.10121407828326
42.907786439 79.14492058200999
42.951143986 79.14492058201
44.637603885 79.41183107902287
44.637657583 80.1073689208091
44.638870653 80.2212824319235
44.63986997 80.27757147299621
44.641936782 80.28076621879691
44.848353322 80.28076621879693
46.347980917 80.54767671580979
46.348032296 81.243214557596
46.349249841 81.35712806871041
46.351371564 81.41341710978313
46.450595067 81.41341710978314
47.995600365 81.680327606796
47.995647999 82.37586544858223
47.996852278 82.48977895969664
49.574030594 82.75668945670951
49.574087002 83.40403371990358
49.574710307 83.45222729849574
49.575572729 83.51810798923611
49.576907071 83.52581901256393
49.639021958 83.52581901256394
51.118997606 83.7927295095768
51.119047159 84.48826735136302
51.120561741 84.5541480421034
52.599794566 85.51659638090248
52.602037301 85.56409507000937
53.434102484 85.56409507000939
54.040248199 86.09494166865835
54.040328256 86.39807208346527
54.045131075 86.53754351368582
54.073857436 86.53754351368583
55.424630801 87.37152052714173
55.432852059 87.39465844939828
55.449423633 87.49830439438192
55.665875027 87.49830439438193
56.782056854 88.0291509930309
56.782136011 88.3322814078378
56.782745079 88.33228140783781
56.790180898 88.35541933009435
56.79069315 88.35541933009436
56.844622412 88.35541933009438
57.054413428 88.35541933009439
58.109312129 89.18939634355029
58.109862235 89.1893963435503
58.123643241 89.21253426580684
58.142907647 89.21253426580685
59.393145995 90.04651127926275
60.252560518 90.04651127926276
60.622901353 90.88048829271864
60.668919665 90.88048829271865
61.792865635 91.10934175370062
61.794159637 91.11606720518245
61.794410021 91.23491460614908
61.794571847 91.34364088614093
61.797713451999996 91.3489599864739
61.800724457 91.36928732572223
61.803511326 91.41018515867499
61.807319362 91.43560461370954
61.809758575000004 91.48053029600494
61.856081463 91.48053029600496
62.936098225 91.70938375698692
62.938940532 91.74937300304387
62.940836536 91.79103492223591
62.94088828 91.94900198976022
62.943818485 91.96932932900853
62.946514753 92.01022716196131
62.949801206 92.03564661699586
62.995361416 92.03564661699588
64.047570009 92.26450007797784
64.052260883 92.34615124322683
64.052306465 92.50411831075112
64.055493856 92.52444564999944
64.057672658 92.56534348295222
64.276581433 92.56534348295223
64.823246422 92.56534348295224
65.108441809 92.7941969439342
65.112949471 92.87584810918318
65.112988767 93.03381517670749
65.116197659 93.05414251595579
65.118337453 93.09504034890858
65.490843029 93.0950403489086
66.123938673 93.32389380989055
66.127881785 93.40554497513953
66.128297519 93.55023717309878
66.130989873 93.58383938191216
66.288600041 93.58383938191217
67.012521949 93.58383938191218
67.133251664 93.81269284289415
67.13764802 93.89434400814314
67.138046109 94.03903620610238
67.15018586 94.04699197533445
67.964357303 94.04699197533446
68.079529005 94.27584543631643
68.084184053 94.3574966015654
68.084568379 94.50218879952466
68.284074852 94.50218879952467
68.986974615 94.73104226050664
68.991632668 94.81269342575563
68.993184728 94.84834051631756
68.993926381 94.8618577966458
68.994773283 94.87097138788923
69.547644884 94.87097138788924
69.854232349 95.0998248488712
69.858227098 95.1471287019182
69.859688887 95.2171231046821
69.860118003 95.23064038501035
69.894478685 95.23064038501036
70.638767224 95.23064038501037
70.682127981 95.45949384599233
70.686472865 95.54114501124133
70.686845291 95.59823396655217
70.719418319 95.59823396655219
71.477123845 95.82708742753415
71.482040727 95.87439128058118
71.48274534 95.94438568334508
71.4893683 95.94438568334509
72.240069234 95.99790646864697
72.243337734 96.00995942037733
72.243494625 96.0135774014309
72.244262215 96.0474212888367
72.244746468 96.07951655677967
72.245079592 96.22054299737408
72.251200734 96.25489030957604
72.252899739 96.26331783373861
72.253997422 96.26570097501926
72.292098064 96.26570097501927
72.439782486 96.26570097501929
72.973538366 96.31922176032116
72.976758704 96.33127471205151
72.976919295 96.33489269310508
72.977704314 96.36873658051088
72.978166254 96.40083184845385
72.978486079 96.54185828904826
72.984366289 96.57620560125022
73.034814961 96.57620560125024
73.090697055 96.57620560125025
73.678318212 96.62972638655212
73.681411773 96.64177933828249
73.68157285 96.64539731933606
73.682454056 96.87696604357798
73.765307923 96.876966043578
74.350716878 96.93048682887986
74.353631601 96.94253978061022
74.35378987 96.9461577616638
74.354604987 96.96135382823485
74.355512884 97.08410451177593
74.358588951 97.08556596928135
74.363854342 97.15312335760696
74.394065539 97.15312335760697
74.4586889 97.15312335760699
74.597178835 97.153123357607
74.983202336 97.20664414290886
74.985994352 97.21869709463921
74.986154954 97.22231507569279
74.98690325 97.23751114226384
74.987683809 97.36026182580493
74.990705747 97.36172328331034
75.028037539 97.36172328331035
75.236333922 97.36172328331037
75.549681676 97.36172328331038
75.591374128 97.41524406861224
75.594229666 97.43091500139616
75.594939063 97.44611106796722
75.595713123 97.48312102681263
75.595764394 97.53871503109397
75.597878705 97.57247863362315
75.621616654 97.57247863362316
75.748919646 97.57247863362318
75.817521704 97.57247863362319
76.179010756 97.62599941892505
76.181790425 97.64167035170897
76.182460995 97.65686641828003
76.183177695 97.69387637712543
76.183225091 97.74947038140678
76.187621017 97.77727858774828
76.243240424 97.7772785877483
76.262462625 97.77727858774831
76.730252928 97.83079937305018
76.732964325 97.8464703058341
76.733639152 97.86166637240515
76.734351914 97.89867633125056
76.734409887 97.9542703355319
76.737836529 97.95427033553192
76.850572028 97.95427033553193
77.255317523 98.0077911208338
77.258048548 98.02346205361772
77.258668221 98.03865812018877
77.259345741 98.07566807903417
77.261574582 98.08495607366628
77.262118551 98.09083231399877
77.272399847 98.09083231399879
77.302692616 98.0908323139988
77.754501825 98.14435309930067
77.760496958 98.15741844563716
77.761764035 98.18971459859962
77.764610424 98.19386791949039
77.841190776 98.1938679194904
77.854308562 98.19386791949042
78.250083386 98.24738870479229
78.255878886 98.26045405112878
78.338128593 98.26045405112879
78.705478253 98.31397483643067
78.713173263 98.31905766974123
78.92880734 98.31905766974124
79.136434922 98.37257845504311
79.143728528 98.40054727301906
79.143786778 98.41518688858812
79.34993998 98.41518688858814
79.550231217 98.46870767389002
79.619669824 98.46870767389004
79.935798367 98.50414520777265
79.935871524 98.51327455247242
80.019406761 98.51327455247244
80.282497631 98.53336585487999
80.282586399 98.53776175890836
80.287191051 98.55387848708821
80.346625831 98.55387848708823
80.608972539 98.55387848708824
80.61104466 98.5695522600121
80.612080437 98.57396978949578
80.61216351 98.57836569352415
80.698356767 98.57836569352416
80.920078882 98.59403946644804
80.92250657 98.59596330539354
80.923656049 98.60232253154207
80.995327336 98.60232253154209
81.211851661 98.61799630446596
81.214056484 98.61992014341148
81.215145688 98.62627936956001
81.488474026 98.64195314248387
81.488668889 98.64387698142939
81.743519111 98.65955075435328
81.74572656 98.75277775818542
81.765441854 98.75277775818543
81.861511566 98.75277775818545
81.985396987 98.76845153110933
82.212528708 98.78184388837258
82.305530679 98.78184388837259
82.4230522 98.85257225616779
82.431352153 98.8525722561678
82.620364361 98.85689514742387
82.621546695 98.86507343642502
82.757610178 98.86507343642504
82.804764855 98.8693963276811
82.825549625 98.86939632768112
83.760812143 99.03853128970388
