0.000355214 52.005869049564815
0.000435324 52.28431063621094
0.000572434 52.51994244459035
0.000649216 52.76457922922641
0.001026851 52.96081011856434
0.001056715 53.018537964839474
0.002161779 53.091949309959446
0.002311971 53.38817880859205
0.002713982 53.4112358608149
0.021581121 53.437320196478844
0.022274637 53.55884155486725
0.040854421 53.61838211945495
0.078700892 53.82346709213631
0.078806821 54.059098900515714
0.078929962 54.18002351382884
0.079168428 54.499966574489704
0.079192926 54.55769442076484
0.080075445 54.63110576588481
0.080202409 54.92733526451742
0.080527956 54.950392316740256
0.097642999 54.96150228306624
0.097697626 54.983673008471115
0.098690369 54.991394645503846
0.110735565 55.157538575380315
0.118620642 55.15753857538032
0.171041778 55.16179668381091
0.232106677 55.164019733042515
0.239960507 55.16401973304252
0.352596252 55.184357390896125
0.360571703 55.18435739089613
0.54263278 55.18435739089614
0.595441357 55.192060281772214
0.663370312 55.19206028177222
0.714742064 55.19284669821846
0.834167448 55.20890146272202
0.90137178 55.208901462722025
0.953774891 55.21422382468883
0.961523963 55.21422382468884
1.013632563 55.22242072919226
1.021360698 55.222420729192265
1.07228785 55.22242072919227
1.139223074 55.24544459459247
1.2517583110000001 55.257409978837394
1.259592279 55.2574099788374
1.371022901 55.27563172362731
1.491014773 55.277104506169124
1.557848848 55.27710450616913
1.730806955 55.28973081722819
1.7918631299999999 55.2897308172282
1.8594081660000001 55.29560196988083
2.092537772 55.311271524717945
2.100238611 55.31127152471795
2.212225263 55.32624589405591
2.27173338 55.326245894055916
2.279259732 55.32624589405592
2.44745392 55.333442250122836
2.566976523 55.333765675204624
2.686209247 55.33978518398698
2.752532994 55.33978518398699
2.918601583 55.44776725244433
3.066806658 55.587684152404904
3.066838912 55.86612573905103
3.066952033 56.101757547430424
3.067018742 56.34639433206648
3.067326044 56.542625221404414
3.068251619 56.67376441279952
3.068394646 56.71855183613443
3.068652197 56.75902138232711
3.068747526 56.98262022249119
3.08292256 57.01913529931892
3.08343336 57.140656657707325
4.347689454 57.162827383112216
4.811620416 57.163150808194004
5.270142584 57.16917031697636
5.946477754 57.41706928539428
5.946530867 57.6955108720404
5.946645835 57.931142680419796
5.948496963 58.05206729373292
5.948744194 58.37201035439378
5.949597955 58.50314954578889
5.9497318329999995 58.5479369691238
5.949970571 58.588406515316485
5.950062849 58.81200535548056
5.966922121 58.85604021345699
5.982409106 58.86205972223935
5.993667578 58.86205972223936
6.080189065 58.878210938861876
6.095723354 58.88423044764424
6.779689178 58.88423044764425
6.9957918 58.88455387272603
7.455082777 58.88455387272604
8.764315135 59.16096650041298
8.764352798 59.43940808705911
8.764468789 59.6750398954385
8.764600501 59.79596450875162
8.76485222 60.115907569412485
8.76573413 60.24704676080759
8.765859784 60.5432762594402
8.766237015 60.55590257049926
8.782049601 60.57744327798901
8.782105533 60.599614003393896
8.804738196 60.5996140033939
8.893134288 60.59961400339391
8.915428169 60.59961400339392
11.502821402 60.876026631080855
11.50286292 61.15446821772698
11.502977269 61.39010002610638
11.504912093 61.5110246394195
11.505156672 61.830967700080365
11.50599731 61.962106891475464
11.506134284 62.00689431481038
11.506487449 62.27096270116714
11.542101529 62.2925034086569
11.595667701 62.292503408656906
11.64868436 62.29250340865691
14.171995327 62.56891603634384
14.172043161 62.847357622989975
14.172157543 63.08298943136938
14.172288635 63.2039140446825
14.172539719 63.52385710534337
14.173382704 63.65499629673847
14.173529054 63.699783720073384
14.173883836 63.96385210643014
15.160166932 63.963852106430146
16.777146881 64.24026473411709
16.777190174 64.51870632076321
16.777307849 64.75433812914261
16.779139806 64.87526274245573
16.779380556 65.1952058031166
16.7801702 65.3263449945117
16.780308815 65.37113241784661
16.780553071 65.41160196403929
16.780807036 65.62110171060249
19.298002937 66.17595592493555
19.298136793 66.41158773331496
19.298279473 66.53251234662808
19.29854336 66.85245540728896
19.304694662 66.97121767377496
19.306888611 67.07440707375282
19.315235778 67.09891891203301
19.315383878 67.11795671770409
19.327253222 67.18707698204368
20.361855317 67.18707698204369
21.768050803 67.74193119637675
21.768181988 67.97756300475615
21.768310461 68.09848761806927
21.768555482 68.41843067873013
21.774539541 68.53719294521613
21.776700624 68.64038234519401
21.785012234 68.66489418347419
21.785158116 68.68393198914526
21.833987487 68.6839319891453
24.173378759 69.23878620347834
24.173519776 69.47441801185775
24.173658144 69.59534262517087
24.173902579 69.91528568583173
24.179874213 70.03404795231772
24.182828492 70.06864864487028
24.215095164 70.11485111413285
25.672836695 70.11485111413286
26.516352701 70.66970532846591
26.516474522 70.9053371368453
26.516604252 71.02626175015844
26.51683798 71.3462048108193
26.524650044 71.37789606284575
26.526919674 71.39679625151973
26.527888803 71.48084360970104
26.573431823 71.48084360970105
26.601539804 71.48084360970107
28.800577635 72.03569782403413
28.800704575 72.27132963241353
28.800833684 72.39225424572665
28.801057763 72.71219730638751
28.808640019 72.74388855841397
28.810889875 72.76278874708794
28.830534894 72.77054906234513
28.874714739 72.77054906234514
31.159145607 73.3254032766782
31.159273108 73.5610350850576
31.159400237 73.68195969837072
31.161608234 73.77801271361298
31.164998672 73.97410734450682
31.167277005 74.03359401105803
31.167935251 74.03359401105804
31.169521971 74.05249419973202
33.557743607 74.60734841406511
33.557879586 74.84298022244451
33.558010467 74.96390483575763
33.56017727 75.0599578509999
33.56346104 75.2560524818937
33.565683666 75.31553914844494
33.59749085 75.31553914844496
35.881180233 75.870393362778
35.881306024 76.1060251711574
35.88205541 76.22694978447053
35.883508232 76.32300279971278
35.886724838 76.51909743060662
35.888990953 76.55692761174222
35.889530558 76.57858409715784
38.099581129 77.1334383114909
38.099706967 77.3690701198703
38.101815834 77.58604774842568
38.105004844 77.78214237931952
40.195498493 78.33699659365261
40.195642969 78.57262840203201
40.197818987 78.7896060305874
40.204965717 78.97289874461758
42.191415144 79.52775295895063
42.191793713 79.54207308884196
42.193611502 79.98036239588541
42.207121381 80.08751017615586
44.061980511 80.64236439048892
44.062375368 80.65668452038025
44.064139507 81.0949738274237
44.078526628 81.20176818862248
44.081614563 81.20212160769414
45.830166638 81.75697582202719
45.830572941 81.77129595191849
45.83119448 81.7712959519185
45.832563279 81.98784159866423
45.833449766 82.02363069654922
45.834121266 82.05857558218543
45.838100255 82.06268671141157
45.846407513 82.17579082656842
45.847064932 82.31637962016075
45.864756751 82.31637962016076
45.915638302 82.31637962016077
47.582726413 82.87123383449382
47.583111696 82.88555396438512
47.585119725 82.88555396438514
47.586429622 83.10209961113087
47.58727133 83.13788870901585
47.588420937 83.17283359465206
47.592248421 83.17694472387821
47.598820931 83.29004883903504
47.600967894 83.32412483050292
47.601300288 83.43063763262738
47.699782955 83.4306376326274
48.455077535 83.43063763262741
49.24775755 83.98549184696046
49.248154743 83.99981197685176
49.248715333 83.99981197685177
49.250034562 84.21635762359747
49.25088821 84.25214672148246
49.262713334 84.40430685150167
49.270186847 84.4348238476629
49.302203924 84.43482384766291
49.428006657 84.43482384766293
50.841127635 84.98967806199599
50.841489942 85.00399819188729
50.842043168000004 85.0039981918873
50.844127485 85.03790258617272
50.848532701 85.06870027323757
50.850030649 85.09453566764705
50.854693498 85.15221122656305
52.384796974 85.70706544089612
52.385145709 85.72138557078745
52.392021131 85.78608765213772
52.393473568 85.81192304654721
52.398593711 85.83315407004051
52.40611001 85.83315407004054
53.873257761 86.3880082843736
53.873636123 86.4023284142649
53.87418281 86.40232841426491
53.880393085 86.46703049561518
53.881854597 86.49286589002466
54.927292916 86.49286589002469
55.324752147 87.04772010435772
55.325126161 87.06204023424905
55.325640829 87.06204023424907
55.331700951 87.12674231559933
56.6945854 87.12674231559936
56.73533698 87.68159652993239
56.735677332 87.69591665982372
56.742116811 87.76061874117397
57.087911145 87.760618741174
58.092440356 88.31547295550706
58.092792685 88.32979308539836
58.093302931 88.32979308539838
59.021888044 88.32979308539839
59.046740032 88.3297930853984
59.416559789 88.38451095933776
59.416866225 88.43151728709118
59.417650894 88.83592038411491
59.418840637 88.88464729973144
59.434905763 88.89896742962277
59.796725784 88.8989674296228
60.685325309 88.95368530356215
60.68558919 89.00069163131558
60.686467568 89.08596175218729
60.686605597 89.23591458082315
60.68675034 89.40509472833931
60.699374042 89.40688592153414
60.820050729 89.40688592153415
60.89374987 89.40688592153417
61.909544168 89.46160379547356
61.909795323 89.50861012322696
61.910649521 89.5938802440987
61.910787195 89.74383307273456
61.911234168 89.84940252667923
61.911920459 89.86403109022612
61.912553673 89.90227154502557
61.918623616 89.9022715450256
63.089422318 89.95698941896497
63.089680035 90.00399574671839
63.090567006 90.08926586759013
63.090693895 90.23921869622599
63.09115921 90.34478815017063
63.091629096 90.34478815017064
63.091888711 90.35941671371752
63.09233852 90.35941671371754
63.092989186 90.397657168517
64.215455275 90.45237504245638
64.215689749 90.4993813702098
64.218274515 90.58465149108152
64.218398703 90.73460431971738
64.21882684 90.84017377366204
64.219490332 90.85480233720894
64.219930164 90.85480233720895
65.307600608 90.90952021114833
65.307857983 90.95652653890176
65.308688418 91.0417966597735
65.308825889 91.19174948840936
65.309246377 91.297318942354
65.309682915 91.29731894235401
65.309931885 91.31194750590089
66.224272734 91.3119475059009
66.352928075 91.3666653798403
66.353144556 91.41367170759369
66.353952535 91.49894182846543
66.354084295 91.6488946571013
66.354500529 91.75446411104596
66.371814631 91.7683891073949
67.362869153 91.82310698133428
67.363085804 91.8701133090877
67.36386024 91.95538342995941
67.363984985 92.10533625859527
67.364371011 92.21090571253994
67.989416187 92.21090571253995
67.999298499 92.21090571253997
68.337117973 92.26562358647935
68.337322077 92.31262991423274
68.338093802 92.39790003510448
68.338214343 92.54785286374035
68.339663441 92.58455891378695
68.339719705 92.60526358044577
68.347400023 92.60838632622288
68.356426945 92.653422317685
69.279575747 92.70814019162441
69.279807522 92.75514651937783
69.282290618 92.84041664024954
69.282405604 92.9903694688854
69.283339375 93.04778018559085
69.291129576 93.05090293136797
70.172388854 93.10562080530732
70.172609604 93.15262713306075
70.17332542 93.23789725393246
70.173446204 93.38785008256835
70.174620219 93.42455613261495
70.174661945 93.44526079927377
70.209769994 93.4452607992738
71.031987356 93.49997867321318
71.032195849 93.5469850009666
71.03289012 93.63225512183831
71.033010935 93.78220795047417
71.040049777 93.83327664405502
71.253277932 93.83327664405505
71.854485943 93.88799451799443
71.854668858 93.93500084574785
71.855368881 94.02027096661956
71.855479543 94.17022379525542
72.343974978 94.17022379525545
72.643561523 94.2249416691948
72.643746997 94.27194799694823
72.645406532 94.29487188726713
72.645430186 94.30067766026175
72.645852809 94.30067766026178
72.647485238 94.32613938001725
72.647708678 94.5040025664467
72.724529111 94.50400256644673
73.395724275 94.55872044038611
73.395925978 94.6057267681395
73.397322985 94.62865065845844
73.397346593 94.63445643145306
73.399327963 94.65991815120856
73.400081493 94.80177690884454
73.849337937 94.80177690884457
74.120143333 94.85649478278395
74.120321819 94.90350111053735
74.121714462 94.92642500085628
74.121737296 94.9322307738509
74.123683396 94.9576924936064
74.127957951 94.9758617681124
74.12887746 95.00794244574868
74.130373217 95.08013912507668
74.810082004 95.13485699901604
74.810269505 95.18186332676946
74.8133761 95.2047872170884
74.813401954 95.21059299008301
74.815589642 95.23605470983851
74.81924017 95.2542239843445
74.820130841 95.28630466198076
74.821502675 95.29868190162186
74.823013033 95.32290324743879
74.938592656 95.32290324743882
75.209085496 95.32290324743884
75.478516589 95.37762112137817
75.478715955 95.42462744913159
75.480090656 95.44755133945053
75.480115655 95.45335711244515
75.480530068 95.45335711244518
75.482008413 95.47881883220062
75.48641834 95.49698810670664
75.486750427 95.52038916768105
75.487630234 95.5290687843429
75.48788162 95.52906878434293
75.820538507 95.52906878434294
75.829128758 95.52906878434295
76.099310694 95.52906878434297
76.112505552 95.58378665828234
76.112663725 95.63079298603576
76.113932778 95.65371687635466
76.11395547 95.65952264934928
76.119912779 95.70315364361078
76.120780068 95.72655470458518
76.125293872 95.73523432124705
76.135384933 95.73523432124706
76.171113312 95.73523432124708
76.494461904 95.73523432124709
76.73021328 95.78995219518646
76.73037893 95.83695852293985
76.731623681 95.85988241325879
76.731648005 95.86568818625341
76.736754941 95.92126972709593
76.737941625 95.9327202414893
76.773048086 95.93272024148933
77.001985713 95.93272024148935
77.304281986 95.98743811542869
77.30446716 96.03444444318211
77.305672353 96.05736833350102
77.305695635 96.06317410649564
77.306045536 96.06317410649567
77.310756668 96.10713283004998
77.359254896 96.10713283005
77.588926519 96.10713283005002
77.853649139 96.16185070398936
77.853834197 96.20885703174278
77.855044254 96.23178092206172
77.855068338 96.23758669505634
77.860283994 96.28121768931783
77.967059713 96.28121768931784
78.083497326 96.28121768931786
78.280383181 96.28121768931787
78.378536556 96.33593556325722
78.378725533 96.38294189101062
78.37984592 96.40586578132955
78.379869904 96.41167155432417
78.380195378 96.4116715543242
78.388790265 96.43713327407967
78.42876984 96.43713327407968
78.878003673 96.49185114801907
78.878187585 96.53885747577246
78.879284288 96.5617813660914
78.87930933 96.56758713908602
78.881175899 96.64365762824335
78.891965419 96.64365762824337
78.947549749 96.6436576282434
79.37103015 96.69837550218276
79.371216237 96.74538182993615
79.372275054 96.76830572025509
79.372297529 96.7741114932497
79.373848163 96.80347189510269
79.392601478 96.80347189510272
79.421014053 96.80347189510275
79.820068068 96.8581897690421
79.820241689 96.90519609679552
79.822967849 96.92811998711446
79.822990863 96.93392576010908
80.045132306 96.93392576010909
80.180943846 96.9339257601091
80.249686962 96.98864363404846
80.249859143 97.03564996180188
80.2510933 97.03859415557315
80.251191205 97.1624547521335
80.503897217 97.16245475213351
80.63428872 97.16245475213353
80.658127621 97.2171726260729
80.658292405 97.26417895382629
80.659886375 97.28911720475539
80.675518098 97.2891172047554
80.706189951 97.28911720475543
81.04331175 97.34383507869478
81.044332435 97.36042137889135
81.045100454 97.4361954700264
81.054518138 97.43619547002643
81.391964025 97.49091334396581
81.392899567 97.50749964416238
81.395258737 97.5264271343579
81.395442435 97.55961210771164
81.395684022 97.58479765328272
81.512917593 97.58479765328273
81.669953541 97.58479765328275
81.721152884 97.6395155272221
81.722005516 97.65610182741867
81.723744388 97.7082142909679
81.736435687 97.70821429096792
81.810158068 97.70821429096793
81.927001964 97.70821429096794
82.029887516 97.76293216490731
82.030726336 97.77951846510385
82.034543503 97.77951846510388
82.076264574 97.77951846510389
82.167813053 97.7795184651039
82.316532437 97.83423633904326
82.317377853 97.8357684246383
82.33214668 97.83576842463833
82.397840372 97.83576842463835
82.590102911 97.89048629857771
82.635197234 97.89048629857773
82.734327886 97.89048629857774
82.846634815 97.93356187079972
82.850105702 97.94496545318766
82.869521132 97.94496545318769
83.088823994 97.96629423705876
83.089993538 98.14074098233645
83.094803496 98.14074098233648
83.185231286 98.1407409823365
83.31376142 98.14258020630852
83.314315797 98.17047442974662
83.315219095 98.18381655455845
83.315582678 98.18429111541151
83.349711732 98.18429111541154
83.522798984 98.18613033938358
83.524092899 98.22736668763348
83.525610611 98.22736668763349
83.525787056 98.2273666876335
83.656154229 98.22736668763352
83.719437286 98.22920591160558
83.861921507 98.22920591160559
84.228521748 98.31529837661208
84.238512416 98.3152983766121
84.373502149 98.51566933260874
84.74648138 98.7740167336935
84.798576144 98.77401673369351
84.850922563 98.79666669516196
84.872378407 98.79666669516197
84.914188852 98.79666669516199
