0.000355585 52.686748305491875
0.000481833 53.10492105665199
0.002216292 53.14680843346275
0.002334864 53.169435804971556
0.00610648 53.198895971619564
0.009271061 53.27561438599223
0.047229258 53.31955622247832
0.077823463 54.17601310195043
0.077884706 54.594185853110545
0.079238975 54.63607322992131
0.079338916 54.65870060143011
0.082299393 54.68816076807812
0.08483984 54.764879182450784
0.146122911 54.7648791824508
0.267342428 54.77383450847996
0.328867791 54.773834508479965
0.390194759 54.77383450847998
0.507635266 54.78439531166181
0.538500721 54.8283371481479
0.598300926 54.83954848302384
0.658799416 54.839548483023854
0.838450427 54.83991809638302
1.080154262 54.84907741489187
1.1395813989999999 54.883107522862936
1.199337419 54.89685729662505
1.258316564 54.896857296625065
1.436731324 54.91230450550082
1.496662443 54.927179206212024
1.614742685 54.93940632793346
1.854741 54.96370954662982
2.094274517 55.005596923440585
2.332888079 55.02822429494939
2.57396154 55.05102508327297
2.634135278 55.05107411932605
2.754830697 55.0576844615974
2.873881267 55.07610496690183
2.994801169 55.134402875970075
3.076723891 55.780595649602446
3.076767323 56.003541123430125
3.076830029 56.22945823667611
3.076892688 56.50427471900883
3.077007568 56.561583532610044
3.077542074 56.591905442197
3.081195814 56.722410697582376
3.086665135 56.74083120288681
3.112630537 56.84307094844113
3.227616758 56.843070948441145
4.030713222 56.86587173676471
4.145772954 56.87253111508915
4.8353487600000005 56.89095162039359
5.953652261 58.069051521432534
5.953771824 58.08824672665393
5.9538403429999995 58.36306320898665
5.9544778130000005 58.450693932174836
5.955186326 58.5291116494034
5.955995223 58.52911164940341
5.956085345 58.5517390209122
5.958145968 58.58119918756022
5.963733572 58.59961969286464
6.784063114 58.59961969286466
7.079285455 58.6039999758838
7.08479554 58.622420481188236
7.423948965 58.629079859512665
8.761281102 59.84840105417964
8.761454121 60.14241274173376
8.762065009 60.23004346492194
8.762765313 60.3084611821505
8.763572569 60.308461182150516
8.765655342 60.36054872030733
11.48842898 61.58652929329872
11.488591135 61.88054098085285
11.489834335 62.046589421269594
14.142011651 63.272569994260984
14.142193445 63.566581681815116
14.143648318 63.73263012223186
14.261485935 63.732630122231875
16.723646962 64.52894331337102
16.723701629 64.7518887871987
16.723764065 64.9778059004447
16.723828692 65.25262238277742
16.741548357 65.26215131464546
19.250488008 66.05846450578458
19.250555612 66.28140997961226
19.250643884 66.33763969451758
19.250698542 66.78214357519097
20.628469065 66.78214357519099
21.708259526 67.57845676633013
21.708308351 67.8014022401578
21.708367722 68.02731935340378
21.708429792 68.30213583573651
24.08312761 69.07673479312295
24.083666379 69.0853313822837
24.085035448 69.09951029895892
24.085735209 69.44925393129267
24.091594968 69.53214626136945
24.091865918 69.76351960888364
24.109532814 69.78080533665353
26.417910241 70.55540429403995
26.418465423 70.56400088320069
26.419801667 70.57817979987593
26.420495464 70.92792343220968
26.426293837 71.01081576228646
26.426787917 71.03648468838708
26.427653111 71.1305748482819
26.44686231 71.17794315277946
26.492393837 71.17794315277948
28.692208331 71.95254211016591
28.692717596 71.96113869932665
28.694028126 71.97531761600187
28.694681406 72.32506124833563
28.700393894 72.4079535784124
28.700902963 72.43362250451304
28.701719292 72.52771266440784
29.179020193 72.52771266440786
30.890015154 73.30231162179429
30.890502528 73.31090821095503
30.891800229 73.32508712763025
30.892542516 73.49189726360305
30.893134073 73.67483075996401
30.89809147 73.75772309004078
30.898584414 73.78339201614142
30.902552519 73.86142463836798
30.931579705 73.86142463836799
32.997861001 74.63602359575442
32.99834528 74.64462018491517
32.999635636 74.6587991015904
33.000397167 74.82560923756319
33.000963589 75.00854273392414
33.00579227 75.09143506400093
33.006235241 75.11710399010155
33.027931441 75.17951500228439
33.037903548 75.19513661232811
33.185859588 75.19513661232813
35.067843307 75.96973556971454
35.068338491 75.97833215887529
35.069596764 75.99251107555051
35.070319726 76.1593212115233
35.070887214 76.34225470788428
35.075577938 76.42514703796104
35.076045024 76.45081596406168
35.097196014 76.5132269762445
35.335505186 76.51322697624451
36.694582425 76.51322697624452
37.064249498 77.28782593363096
37.064736995 77.2964225227917
37.066640179 77.47741157543972
37.067182298 77.66034507180068
37.071873786 77.74323740187745
37.30569778 77.74323740187747
38.494071986 77.74323740187748
39.050632338 77.9574691972733
39.050693293 78.17272477688083
39.050973491 78.22644055021576
39.05109124 78.52643294842464
39.052968964 78.70742200107267
39.053501982 78.89035549743363
39.060507875 78.9253002410329
39.070373194 78.94602008070756
40.982436554 79.16025187610337
40.982497805 79.37550745571092
40.982767776 79.42922322904583
40.982880647 79.72921562725472
40.984708661 79.91020467990273
40.985215658 80.09313817626371
40.992195321 80.12808291986298
41.467715378 80.12808291986299
42.813069249 80.55757029486632
42.813228434 80.55757029486634
42.81336893 80.61128606820127
42.81348118 80.91127846641015
42.815286571 81.09226751905817
42.815792045 81.27520101541914
42.834416468 81.28940533228062
42.904369777 81.28940533228064
44.574347976 81.718892707284
44.574761516 82.07260087882781
44.576800628 82.07865453919281
44.577077782 82.43652342783679
44.611528391 82.4365234278368
46.265931199 82.65075522323262
46.265998684 82.86601080284017
46.266388865 83.21971897438398
46.26838126 83.22577263474898
46.274585163 83.24891762529514
46.274624087 83.2504107520019
46.27876129 83.39139139310247
46.28628498 83.42869809040106
46.29025599 83.44324954928402
46.497362636 83.44324954928403
47.92948062 83.65748134467985
47.929555785 83.8727369242874
47.9300157 84.18243330835942
47.931915421 84.23249875619621
47.938130367 84.25564374674238
47.938169611 84.25713687344913
47.942930341 84.3981175145497
47.952096628 84.43542421184829
48.172895397 84.4354242118483
49.527707047 84.64965600724412
49.527786618 84.86491158685165
49.528249756 85.17460797092369
49.530131393 85.22467341876047
49.536171119 85.24781840930663
49.536210286 85.24931153601338
49.540168519 85.39029217711395
49.571339831 85.39029217711396
49.603256883 85.39029217711399
51.070818278 85.60452397250978
51.070883978 85.81977955211732
51.071288961 86.12947593618935
51.07307781 86.17954138402615
51.078958202 86.20268637457231
51.078995965 86.20417950127906
51.087459286 86.26573076319893
51.087909213 86.32636849329255
51.419251723 86.32636849329256
52.073898485 86.32636849329258
52.556138147 86.54060028868837
52.556204106 86.75585586829591
52.556618187 87.06555225236794
52.558379097 87.11561770020474
52.564103712 87.1387626907509
52.56414368 87.14025581745764
52.580020208 87.1988678124395
52.58026155 87.2128234402954
52.61017247 87.21282344029542
52.668286648 87.21282344029544
53.993457611 87.42705523569123
53.993525334 87.64231081529877
53.993924752 87.9520071993708
53.995651671 88.0020726472076
54.001250724 88.02521763775376
54.001288324 88.0267107644605
54.058003489 88.02671076446052
54.285905493 88.02671076446053
55.168498511 88.02671076446055
55.419448078 88.28257639638548
55.41952158 88.4561981394639
55.419951594 88.76589452353592
55.425296392999996 88.7811325290033
55.434004304 88.81744776765237
55.489083269 88.81744776765238
56.474003684 88.8174477676524
56.774930447 89.24693514265573
56.77534449 89.55663152672778
58.077475079 89.81249715865273
58.077540179 89.98611890173113
58.077919081 90.11374182142391
58.088081591 90.1496628752867
58.091289142 90.27013123121081
59.344729039 90.52599686313576
59.344793218 90.69961860621419
59.345188001 90.82724152590694
59.365690414 90.92842088757419
59.36693384 90.95818578527314
60.582207338 91.3876731602765
60.582627959 91.51529607996926
60.60350199 91.61647544163654
61.762739056 91.7852873896817
61.765745483 91.9518463327466
61.768653707 92.04596281663989
61.76903595 92.17358573633265
61.830488157 92.17358573633267
61.876020158 92.17358573633268
62.894749181 92.3636482812697
62.899729659 92.50895662744273
62.904290959 92.60526660850674
62.904721148 92.64990503447656
62.904836413 92.7214141347363
63.344092747 92.72141413473632
63.99849449 92.89022608278148
64.001296867 93.05678502584637
64.001724681 93.05678502584638
64.005740899 93.1977334328802
64.811655471 93.19773343288021
65.044321896 93.38779597781725
65.04894624 93.53310432399026
65.064578688 93.53310432399027
65.822698896 93.53310432399029
66.052655423 93.72316686892732
66.057182229 93.86847521510035
67.03932224 94.03728716314552
67.042899107 94.05853776003738
67.043195984 94.08375202454054
67.046181819 94.09013189031192
67.047334554 94.16647822393219
67.050222944 94.19696371585748
67.276775644 94.19696371585749
68.001560705 94.36577566390267
68.005043713 94.38702626079453
68.005333629 94.41224052529769
68.008224087 94.41862039106907
68.009307276 94.49496672468933
68.046226018 94.49496672468935
68.90084384 94.66377867273452
68.904162245 94.68502926962638
68.904458834 94.71024353412953
68.907253266 94.71662339990093
68.911519874 94.77574588253046
68.928552042 94.77574588253047
69.329057372 94.77574588253049
69.762437668 94.96580842746752
69.767665585 94.99102269197068
69.770391765 94.99740255774208
69.775039125 95.00711453158422
69.792482179 95.00711453158424
70.606931192 95.19717707652126
70.609559734 95.3158396919076
70.62175524 95.31583969190761
70.705856516 95.31583969190763
71.421731555 95.50590223684465
71.43575288 95.52220667961348
72.025768905 95.52220667961349
72.181833282 95.71226922455051
72.255479962 95.71226922455052
72.91560925900001 95.72841730504106
72.916039118 95.73950517519651
72.91766466 95.79628917535754
72.919752771 95.8647648880981
72.928174547 95.89859824528946
73.011971457 95.89859824528948
73.370065153 95.89859824528949
73.606390097 95.91474632578
73.606743617 95.92583419593545
73.608338255 95.98261819609648
73.608818239 96.03703315792654
73.610353099 96.05109390883705
73.663930634 96.05109390883706
73.992910756 96.05109390883707
74.265835908 96.0672419893276
74.266155685 96.07832985948305
74.267666327 96.13511385964406
74.272162064 96.16614058028502
74.272430192 96.17858923652722
74.274864426 96.18952882147413
74.279063444 96.18952882147414
74.358970043 96.18952882147416
74.497471652 96.18952882147417
74.905484768 96.28749709615077
74.910856953 96.44578240426968
74.913433686 96.47525901524914
74.927588713 96.47525901524915
74.956379671 96.47525901524916
75.428432337 96.47525901524918
75.513374706 96.55927896605617
75.517685161 96.59030568669709
75.519942238 96.61537286333144
75.578095211 96.61537286333146
75.857440945 96.61537286333147
76.085233865 96.69939281413848
76.089377341 96.7304195347794
76.268947219 96.73041953477941
76.561246304 96.73041953477943
76.627842103 96.81443948558645
76.634078882 96.9521849259769
76.642536737 96.95218492597691
76.777332164 96.95218492597692
77.144940901 97.03620487678393
77.152076279 97.05100787925082
77.544153556 97.05100787925083
77.634261729 97.06715595974134
77.634552383 97.07824382989679
77.635884332 97.13502783005782
77.665237181 97.13502783005784
77.901289269 97.13502783005785
78.110623184 97.18517442088928
78.113260724 97.19480497004533
78.113835991 97.20390524264697
78.113858654 97.21385802021972
78.114114947 97.21385802021973
78.133484405 97.21385802021975
78.453192949 97.21385802021976
78.562929484 97.23000610071028
78.563205543 97.24109397086573
78.564765429 97.2640046110512
78.567322054 97.27363516020728
78.56805932 97.32731034463612
78.568160246 97.37987224682604
78.991583712 97.43001883765749
78.99405257 97.43964938681353
78.995055861 97.44002098491401
79.01153392 97.44002098491403
79.391225901 97.45616906540454
79.391498301 97.46725693555999
79.395324743 97.49979812490153
79.39613532 97.55197330082967
79.411649131 97.55197330082969
79.637592501 97.5519733008297
79.775785147 97.56812138132022
79.776053289 97.57920925147567
79.77959629 97.61175044081719
79.814475278 97.6117504408172
79.912249008 97.61175044081722
80.122670678 97.62789852130776
80.122914412 97.63898639146318
80.123511166 97.71519307464835
80.126339299 97.73866363230196
80.41976716 97.73866363230198
80.45013201 97.75481171279249
80.450353652 97.76589958294794
80.455056499 97.77068941017349
80.455177348 97.78881022313344
80.455669338 97.79470650361999
80.49224459 97.79470650362
80.614056996 97.79470650362002
80.756605667 97.90533243414372
80.760010435 97.93697320837062
80.760826012 97.97203870969425
80.77280836 97.97203870969426
80.784581463 97.97203870969427
81.046080195 97.9881867901848
81.04629999 97.99927466034025
81.050635672 98.0040644875658
81.050738493 98.02218530052575
81.100230055 98.02218530052576
81.319850261 98.03833338101629
81.320066402 98.04942125117174
81.324330206 98.0542110783973
81.339678123 98.05421107839732
81.577888017 98.07035915888783
81.578027502 98.07629930527858
81.578966793 98.08144702904329
81.649607166 98.0814470290433
81.81676055 98.14372353243714
81.826397454 98.14372353243716
82.042980972 98.16581175931844
82.055856598 98.16581175931846
82.213235958 98.16581175931847
82.253320571 98.18650750854296
82.25345224 98.18650750854297
82.261364098 98.18650750854299
82.442063667 98.186507508543
82.448009186 98.27061124432637
82.451295786 98.29189181640085
82.622550225 98.29189181640086
82.632760709 98.39995449557357
83.104893694 98.4461488321301
83.362592124 98.53629214380864
83.374544091 98.53629214380865
83.480389373 98.54432434025126
83.523072292 98.54432434025128
84.345734827 98.59771007210539
