0.000365936 42.26941821456337
0.000445991 43.14187652775611
0.000505371 43.23721688803555
0.000823181 43.24614692562659
0.001031895 43.29837724041663
0.001324923 43.3424702638068
0.001405856 43.44955196859523
0.002226115 43.48536293063643
0.002257463 43.60620075228444
0.002470424 43.98153532516383
0.003030942 44.01233177144795
0.007635166 44.01892085035321
0.011697732 44.41475128917335
0.030099802 44.46962193376352
0.079498186 44.75421534057287
0.079548203 44.84955570085229
0.079790786 44.858485738443335
0.079961656 44.910716053233386
0.080209371 44.95480907662356
0.080278369 45.06189078141199
0.08092067 45.097701743453186
0.080948163 45.21853956510118
0.081121301 45.59387413798059
0.081579695 45.624670584264706
0.085147073 45.631259663169956
0.088357219 46.02709010199011
0.102733058 46.08196074658028
0.344892725 46.0934126193078
0.46655588 46.09368333113957
0.492724985 46.09368333113958
0.526762376 46.09368333113959
0.587482479 46.093842258524134
0.706880811 46.11688507406231
0.82673911 46.11941467821047
0.945052223 46.12510155617167
1.185014191 46.13278690949005
1.304711054 46.13404189010936
1.331007969 46.134041890109366
1.42589194 46.13961400225058
1.5461420000000001 46.13961400225059
1.667708525 46.1558881033244
1.874010507 46.15588810332441
1.9062690199999999 46.171383208169736
2.148695822 46.19810103987305
2.295865666 46.19810103987306
2.390012711 46.2232287506514
2.416625903 46.22322875065141
2.44988353 46.24848187976514
2.477055971 46.248481879765144
2.691572397 46.29095893113313
2.92756084 46.29885516722973
3.081973033 46.74656327582543
3.082031005 46.84190363610485
3.082300327 46.850833673695895
3.082472921 46.90306398848593
3.082788509 47.05423871666455
3.083430128 47.09004967870573
3.08345797 47.21088750035374
3.083633697 47.58622207323314
3.087547847 47.60229607108325
3.087586552 47.6236075984225
3.090657846 48.01943803724266
3.107672192 48.02733427333926
3.220474381 48.07771511323135
4.366058419 48.11229592850273
4.391498383 48.11229592850274
5.95451978 48.61828111308712
5.954585793 48.71362147336656
5.954860477 48.7225515109576
5.955034396 48.77478182574764
5.955332353 48.925956553926255
5.955966565 48.96176751596744
5.955993633 49.08260533761545
5.956172323 49.457939910494844
5.960047683 49.47401390834496
5.960089456 49.49532543568421
5.963110319 49.89115587450436
8.752833647 50.414364981342985
8.752907459 50.50970534162242
8.753172759 50.518635379213464
8.753352213 50.5708656940035
8.753654399 50.72204042218212
8.754300821 50.757851384223315
8.754329252 50.87868920587131
8.754581002 51.09932621930818
8.754975918 51.15867307509605
8.756461032 51.18225879458257
8.75831638 51.27009777660082
8.758355261 51.291409303940085
8.763396447 51.38389623280125
8.764164918 51.38389623280126
8.765496047 51.521382367798765
8.766279331 51.52138236779878
8.769662688 51.55216891495151
8.781113443 51.644762691392245
8.891829521 51.64476269139226
11.493878535 52.193224927344616
11.493954013 52.28856528762404
11.494210463 52.29749532521508
11.494391608 52.34972564000513
11.494687777 52.50090036818375
11.495303678 52.53671133022493
11.495331765 52.65754915187294
11.495585906 52.87818616530981
11.495982203 52.93753302109768
11.497458818 52.96111874058419
11.499274491 53.04895772260245
11.49931394 53.07026924994172
11.504226307 53.16275617880288
11.50499378 53.162756178802894
11.506292508 53.300242313800396
11.523041809 53.314754759879314
13.280210687 53.31475475987933
14.159336717 53.863216995831685
14.1594131 53.95855735611111
14.159696986 53.96748739370215
14.159868871 54.01971770849219
14.16018506 54.170892436670805
14.16079595 54.206703398712
14.160823571 54.32754122036
14.161136216 54.42619115366836
14.161475286 54.60752508958475
14.164709107 54.71894979108951
14.164749144 54.74026131842877
14.169613892 54.832748247289935
14.170376537 54.83274824728995
14.171639463 54.970234382287465
14.190732261 54.977919735605845
15.911140184 54.97791973560585
16.744590527 55.5263819715582
16.744654209 55.621722331837624
16.744924417 55.63065236942867
16.74509992 55.68288268421872
16.745392496 55.834057412397335
16.745965419 55.86986837443852
16.745999693 55.99070619608653
16.746266773 56.2113432095234
16.746660617 56.270690065311264
16.749836324 56.38211476681605
16.749876634 56.4034262941553
16.754552537 56.495913223016466
16.755301991 56.49591322301648
16.756537418 56.633399358013996
18.41516308 56.633399358014
19.255683081 57.181861593966374
19.255748544 57.2772019542458
19.256018232 57.28613199183684
19.256193883 57.33836230662688
19.256492387 57.489537034805494
19.25705008 57.525347996846676
19.25707725 57.646185818494686
19.257411634 57.74483575180305
19.25773878 57.92616968771942
19.260830305 58.037594389224196
19.26086998 58.05890591656346
19.2654914 58.151392845424624
19.267396513 58.28887898042214
19.320373125 58.288878980422155
21.70284887 58.83734121637451
21.70291897 58.93268157665395
21.703178139 58.94161161424499
21.703359967 58.99384192903503
21.703659061 59.14501665721363
21.704212679 59.18082761925483
21.704544382999998 59.4003153742112
21.704857374 59.58164931012756
21.707942562 59.69307401163235
21.707982264 59.7143855389716
21.712495251 59.806872467832775
21.717967972 59.820983761270384
21.718090466 59.828508511478006
21.718382745 59.91294037779821
21.740430288 59.93614212072094
24.09196821 60.48460435667331
24.092039553 60.57994471695273
24.092298877 60.588874754543774
24.092470902 60.641105069333825
24.092755081 60.79227979751243
24.09327424 60.828090759553625
24.093619002 61.047578514509986
24.093941705 61.22891245042636
24.09698235 61.34033715193113
24.09702193 61.361648679270395
24.101537511 61.45413560813156
24.10780027 61.46824690156918
24.107923747 61.4757716517768
24.108220879 61.56020351809699
25.266248191 61.560203518097005
26.409878617 62.10866575404936
26.409944242999998 62.204006114328784
26.41020404 62.21293615191983
26.410387562 62.26516646670988
26.410688809 62.41634119488848
26.411221249 62.45215215692968
26.411552465 62.67163991188604
26.411864433 62.85297384780241
26.414843113 62.964398549307184
26.4192442 63.07819700550761
26.424515105 63.092308298945234
26.424640313 63.099833049152856
26.427158634 63.11818242838638
26.427858141 63.11818242838639
27.944382211 63.1181824283864
28.666223905 63.66664466433876
28.666284873 63.761985024618184
28.666542674 63.77091506220923
28.666715653 63.82314537699928
28.667002568 63.97432010517788
28.667503233 64.01013106721908
28.66784359 64.22961882217544
28.668152424 64.41095275809181
28.671083719 64.52237745959658
28.675458437 64.63617591579701
28.681443298 64.65028720923463
28.681566932 64.65781195944226
28.684001458 64.6761613386758
30.857828997 65.22462357462815
30.85790184 65.31996393490758
30.858327512 65.38112428728867
30.858611029 65.53229901546727
30.85911633 65.56810997750847
30.859454729 65.78759773246483
30.859753857 65.9689316683812
30.862663008 66.08035636988598
30.867592078 66.19415482608642
30.874323963 66.20826611952403
30.880946884 66.21579086973166
32.993515698 66.76425310568403
32.993580417 66.85959346596347
32.993992244 66.92075381834455
32.994266792 67.07192854652315
32.994765759 67.10773950856435
32.995085343 67.32722726352073
32.995387149 67.50856119943708
32.998210123 67.61998590094187
33.003439198 67.69160437732491
33.011537067 67.71041205632073
33.135766176 67.71041205632075
35.045134005 68.2588742922731
35.045200093 68.35421465255253
35.045594472 68.41537500493361
35.045843678 68.56654973311224
35.046348845 68.60236069515344
35.046649115 68.8218484501098
35.046933316 69.00318238602615
35.050997178 69.0071829484007
35.051919619 69.04231107952417
35.053182911 69.06539092918185
35.054916585 69.18622556391398
35.071637686 69.186225563914
37.030473396 69.73468779986635
37.030536062 69.83002816014577
37.030899691 69.89118851252687
37.031171186 70.04236324070547
37.031748049 70.05680225739694
37.032234483 70.4789958936194
37.035556476 70.48299645599394
37.03645975 70.51812458711741
37.047785993 70.65255156976286
37.28022662 70.65255156976288
38.957478355 71.20101380571522
38.957549174 71.29635416599466
38.957956142 71.35751451837574
38.95822018 71.50868924655434
38.958793937 71.52312826324582
38.959285184 71.94532189946828
38.975267231 71.98125835408833
38.977906892 71.99578573770337
38.984139066 72.00176410975705
38.9855082 72.0908129294824
39.620519884 72.09081292948241
40.835928032 72.63927516543477
40.835991234 72.7346155257142
40.836384295 72.79577587809528
40.837069945 72.87784880889866
40.837109679 72.98276156831507
40.838393533 73.03778304042824
40.839912082 73.28533199161991
40.844431971 73.30845304090705
40.845242037 73.44002546947657
40.918855585 73.4400254694766
42.650386953 73.98848770542894
42.65045103 74.08382806570837
42.651462146 74.22706134889283
42.652748192 74.31060216295954
42.655379726 74.63454453161408
42.663643938 74.63454453161411
44.430690856 75.18300676756648
44.430765396 75.27834712784589
44.431784539 75.42158041103035
44.43190755 75.50512122509706
44.432568681 75.50512122509707
44.434522583 75.82906359375163
46.142112582 76.37752582970397
46.142180151 76.4728661899834
46.143185458 76.61609947316786
46.143317992 76.69964028723457
46.143973083 76.69964028723459
46.146746413 76.70223378181983
46.146863317 76.88659966969392
46.155067751 76.9811332110552
46.161139022 76.98113321105522
47.792781418 77.5295954470076
47.792851762 77.624935807287
47.79357267 77.62493580728703
47.79388847 77.76816909047149
47.794008171 77.8517099045382
47.797367473 77.85430339912342
47.798393475 77.97198634028693
47.798914859 77.97198634028695
47.800829595 77.99247754453556
47.814461745 78.04380834278375
47.816900257 78.0795610941888
49.399560467 78.62802333014115
49.39962147 78.72336369042058
49.400577748 78.86659697360504
49.400694796 78.95013778767175
49.401346369 78.95013778767176
49.404552821 78.952731282257
49.404976772 79.07041422342051
49.414597855 79.08400574087729
49.427314017 79.0840057408773
49.42851883 79.15466637881745
50.295698904 79.15466637881748
50.953403026 79.70312861476982
50.953465203 79.79846897504926
50.954437761 79.94170225823372
50.954572003 80.02524307230043
50.955192716 80.02524307230044
50.957742154 80.02783656688568
50.958709223 80.14551950804919
50.959171392 80.1455195080492
50.96858498 80.15911102550596
50.980901633 80.15911102550598
52.449693641 80.70757326145834
52.449758378 80.80291362173774
52.450389215 80.80291362173777
52.45070087 80.94614690492223
52.450813087 81.02968771898894
52.454502774 81.0322812135742
52.454927967 81.14996415473767
52.455391244 81.14996415473769
52.720078913 81.1499641547377
53.903230542 81.69842639069005
53.903291167 81.79376675096948
53.904175963 81.93700003415394
53.904285221 82.02054084822065
53.904902938 82.02054084822066
53.907312652 82.0231343428059
53.908250567 82.14081728396941
54.526892134 82.14081728396944
55.318103128 82.68927951992177
55.318172314 82.7846198802012
55.319087691 82.92785316338566
55.319211614 83.01139397745237
55.322231673 83.01398747203763
55.329007649 83.12521931679589
55.602124563 83.1252193167959
55.710689114 83.12521931679593
56.677640888 83.67368155274826
56.677700144 83.7690219130277
56.67861275 83.91225519621216
56.678735261 83.99579601027887
56.70094065 84.02072510179119
56.72755645 84.02072510179121
57.833074713 84.02072510179123
57.997621593 84.56918733774354
57.997674159 84.66452769802298
57.998505331 84.80776098120744
57.998614203 84.89130179527415
58.024987254 84.89130179527416
58.051227992 84.89130179527417
58.482892732 84.89130179527419
59.273221769 85.43976403122655
59.273283701 85.53510439150595
59.273909632 85.53510439150597
59.274167883 85.67833767469041
59.274300992 85.76187848875712
59.347047016 85.76187848875713
59.374255997 85.76187848875715
60.49356682 85.82311616235272
60.49360207 86.31034072470949
60.493646383 86.40568108498893
60.495161934 86.41407643145017
60.495733341 86.41407643145018
60.49581911 86.5797332309896
60.507718763 86.5919502391193
60.516047744 86.59925548984171
60.553905042 86.59925548984174
61.676381761 86.6604931634373
61.67642009 87.14771772579408
61.676463633 87.2430580860735
61.677030823 87.24305808607352
61.67795309 87.25145343253476
61.678529356 87.25145343253477
61.680070362 87.27510336928536
61.680270737 87.34517334907706
61.682791352 87.36192788434849
61.690772341 87.42932724020388
61.736673027 87.42932724020389
62.471139294 87.4293272402039
62.827263501 87.49056491379947
62.827301914 87.97778947615626
62.827346791 88.07312983643568
62.828815517 88.08152518289694
62.82937186 88.08152518289695
62.83088562 88.10517511964753
62.831098688 88.17524509943924
62.833632516 88.19199963471065
62.841448754 88.25939899056605
63.926949411 88.32063666416163
63.926991493 88.80786122651841
63.927035291 88.90320158679783
63.927588005 88.90320158679785
63.928457849 88.91159693325909
63.929004624 88.9115969332591
63.930440836 88.93524687000969
63.932910716 88.93983061771776
63.932948245 88.9634513553286
63.93302858 89.02207138507282
64.439728181 89.02207138507283
64.984813812 89.08330905866842
64.984850868 89.57053362102519
64.984894502 89.66587398130461
64.986284969 89.67426932776588
64.988230839 89.69791926451647
64.998425441 89.70250301222454
64.999199475 89.72612374983538
65.002299068 89.7363326486918
65.124774186 89.73633264869181
65.998280253 89.7975703222874
65.998322129 90.28479488464417
65.998365105 90.3801352449236
65.998897175 90.38013524492361
65.99972651 90.38853059138486
66.001664076 90.41218052813545
66.715867136 90.41218052813547
66.991026069 90.47341820173105
66.991060108 90.96064276408782
66.991104036 91.05598312436723
66.992423401 91.0643784708285
66.994271999 91.08802840757909
67.029434878 91.0880284075791
67.946551664 91.14926608117469
67.946590367 91.63649064353146
67.948359685 91.64001928088152
67.948430611 91.64424067742095
67.951323965 91.72080736050813
67.969377459 91.72080736050815
68.845819217 91.78204503410373
68.845873283 92.2692695964605
68.847639192 92.27279823381059
68.847700131 92.27701963035003
68.86263235 92.33423781288037
68.897164538 92.33423781288039
69.713555837 92.39547548647596
69.71359447 92.88270004883273
69.715287968 92.88622868618282
69.71534711 92.89045008272223
69.782633874 92.89045008272225
70.548361894 92.95168775631782
70.548432559 93.27384695523733
70.54888008 93.27384695523735
70.554739444 93.30904325480245
70.561074147 93.34929360103615
70.561854445 93.3724304071192
71.345595167 93.43366808071477
71.345666022 93.75582727963427
71.351629032 93.79102357919939
71.751344619 93.7910235791994
71.966087672 93.79102357919942
72.113497904 93.85226125279499
72.113555533 94.1744204517145
72.113999768 94.17442045171451
72.55284621 94.17442045171452
72.840893896 94.23565812531008
72.840954315 94.55781732422962
73.533580134 94.68855192139536
73.533910458 94.75487947760006
73.534208736 94.82279313943
73.534288122 94.89637981245458
73.540213134 94.8963798124546
74.202052345 95.02711440962035
74.202386639 95.09344196582502
74.203499929 95.22238417825308
74.207127611 95.23402559656607
74.220364783 95.2340255965661
74.832274799 95.36476019373184
74.832573194 95.43108774993654
74.833500225 95.56002996236457
74.96678305 95.56002996236458
75.435582659 95.6907645595303
75.435871912 95.75709211573499
75.436978392 95.75767323913033
75.439486739 95.82500577756497
75.44143551 95.87213707055761
76.011739992 96.00287166772337
76.011806454 96.06919922392804
76.013188596 96.06978034732337
76.021404202 96.09968300850612
76.154161479 96.09968300850613
76.564995001 96.23041760567189
76.565272512 96.29674516187659
76.566233413 96.2973262852719
76.693329274 96.29732628527191
77.092772006 96.42806088243766
77.093023181 96.49438843864233
77.101563459 96.49438843864235
77.113744838 96.49438843864236
77.596911354 96.57358786081807
77.597294989 96.58425852171308
77.598626274 96.61996287783529
77.598832664 96.62512303580809
77.601371932 96.63083603556854
77.601625252 96.65812405590225
77.603387873 96.68656342485929
78.0722914 96.81729802202501
78.076400422 96.82301102178546
78.080530736 96.87140668341526
78.089618334 96.87140668341529
78.523251161 96.95060610559098
78.523539726 96.96127676648602
78.524773504 96.9969811226082
78.524938369 97.002141280581
78.527268804 97.00785428034145
78.531251095 97.03514230067516
78.55330121 97.03514230067518
78.941076588 97.03514230067519
78.951836208 97.1658768978409
78.955698817 97.17158989760135
78.980205028 97.17158989760136
79.358634162 97.25078931977707
79.358901192 97.26145998067211
79.360048342 97.2971643367943
79.360203595 97.30232449476709
79.36823055 97.30232449476712
79.740722577 97.39219457783784
79.741832491 97.42789893396005
79.940675331 97.42789893396007
80.087958579 97.51776901703079
80.089123333 97.56338054913121
80.272001714 97.56338054913122
80.41491447 97.63352799132778
80.416064019 97.68358977370553
80.588533436 97.68358977370555
80.722542373 97.7734598567763
81.010046147 97.84360729897284
81.016227265 97.84360729897286
81.255251402 97.84360729897287
81.28392459 97.86311170421033
81.285175714 97.87356880820474
81.287234578 97.8973889896159
81.287839087 97.91003647010218
81.298384202 97.9100364701022
81.537446533 97.92954087533965
81.538673449 97.93999797933407
81.540621856 97.96381816074525
81.541035264 97.98256183691905
81.541435275 98.0772586232843
81.551289166 98.07725862328431
81.64162401 98.07725862328432
81.775939358 98.09676302852178
81.777117656 98.10722013251619
81.786552983 98.1072201325162
81.999940899 98.12672453775365
82.004488945 98.12672453775367
82.209653897 98.12673339697682
82.209867399 98.13799016352414
82.365830393 98.13799016352415
82.402360186 98.26491207550447
82.588202045 98.26591433147578
82.58877607 98.2659143314758
82.646356551 98.26591433147581
82.653674174 98.26591433147583
83.05908251 98.35960638628325
83.070092701 98.35960638628326
83.157950473 98.35960638628328
83.795024725 98.36095386221133
83.796712126 98.36095386221135
83.835934409 98.36095386221136
83.933009002 98.38653652396403
83.935578927 98.38653652396404
83.98984375 98.67173454819859
84.041351786 98.74779582925025
84.042522497 98.74779582925026
84.163250611 99.00807661587233
84.218131787 99.03266441133292
84.219214872 99.03266441133293
84.259692908 99.08868386761056
84.275313432 99.2523675005508
