0.000354654 48.871190082604194
0.000488662 48.99947629205457
0.000517536 49.003128562470955
0.000588682 49.12315141331274
0.000917159 49.35450069513326
0.001957939 49.35450069513327
0.002089072 49.415175257771445
0.002726665 49.43844575041202
0.003028806 49.48763390671082
0.005269493 49.734966440984564
0.007290864 49.888557600542555
0.026953669 49.94068201916703
0.078848289 50.38026065780977
0.078910607 50.508546867260144
0.078934487 50.51219913767654
0.078990507 50.632221988518324
0.079253542 50.863571270338845
0.080177297 50.92424583297703
0.080701378 50.9475163256176
0.080940618 50.9967044819164
0.08273583 51.24403701619015
0.084361971 51.39762817574814
0.125908372 51.399900748205475
0.207754188 51.40087018418242
0.222833856 51.452994602806896
0.28382299 51.4529946028069
0.464816187 51.468178362876095
0.524308843 51.4681783628761
0.584739094 51.47079251242702
0.646055731 51.491399296401326
0.7675801 51.508504405133614
0.827172429 51.51266520029265
0.947225746 51.51382079911042
1.006809898 51.51382079911043
1.304886621 51.54688648632327
1.545333518 51.54994089197406
1.6042793579999999 51.54994089197407
1.66464175 51.57038737424623
1.694379041 51.57038737424624
1.724628134 51.58611266391346
1.7851551620000001 51.58611266391347
1.844569831 51.60088722150669
1.906575881 51.6008872215067
2.148960608 51.608773788271485
2.272235348 51.657305500988336
2.333891855 51.65730550098834
2.396106118 51.69742547025581
2.4565918829999998 51.697425470255816
2.519566458 51.72488411341769
2.581609833 51.73395574675147
2.703639341 51.75447838106469
2.9393256450000003 51.75675095352202
3.098862127 52.4938543142151
3.098941079 52.62214052366547
3.098967399 52.62579279408186
3.099031713 52.745815644923645
3.099695687 52.76154115719901
3.100180987 52.97716492674417
3.10029037 53.03783948938235
3.100810384 53.06110998202293
3.101053222 53.110298138321724
3.102802343 53.35763067259547
3.104373675 53.51122183215346
3.220554609 53.51122183215347
3.465197243 53.568274742962345
3.694661581 53.570547315419674
5.974277579 54.36470358692163
5.97435732 54.492989796372
5.974382642 54.49664206678839
5.974443796 54.616664917630175
5.974723495 54.8480141994507
5.975636834 54.90868876208888
5.976132075 54.931959254729456
5.976366338 54.98114741102825
5.978472174 55.00826260367812
5.981721826 55.14141352290572
5.982081941 55.361548470546765
6.017648937 55.384343677317325
8.783648757 56.1807725212766
8.783739329 56.309058730726974
8.783765271 56.31271100114337
8.783831072 56.432733851985155
8.784128693 56.664083133805676
8.784974721 56.66408313380568
8.785066084 56.72475769644386
8.785571661 56.74802818908444
8.787481689 56.78479666975296
8.787510231 56.78762926664742
8.787847772 56.82433153803309
8.788623985 56.8243315380331
8.791081827 56.887960012883624
8.791148461 56.9574824572607
8.803101117 56.99054814447355
8.804238346 57.02977432206375
8.811273455 57.05243544642176
8.824652357 57.05243544642177
9.645391769 57.052435446421775
11.535964659 57.84886429038105
11.536053621 57.977150499831424
11.536080997 57.98080277024782
11.536144625 58.100825621089605
11.536438944 58.332174902910126
11.53725987 58.33217490291013
11.537352388 58.39284946554831
11.537855047 58.41611995818889
11.539755198 58.45288843885741
11.539785336 58.45572103575187
11.540114636 58.49242330713754
11.540886067 58.49242330713755
11.543309946 58.556051781988074
11.54337793 58.62557422636515
11.555316382 58.658639913578
11.556453671 58.6978660911682
14.205061611 59.49429493512749
14.205150717 59.622581144577865
14.207379958 59.62623341499425
14.207448725 59.74625626583604
14.207739961 59.977605547656566
14.208603647 60.03828011029474
14.209926913 60.05931189881474
14.210854061 60.09831908360384
14.210881647 60.101151680498305
14.2111876 60.13785395188398
14.214257968 60.271004871111586
14.232731001 60.307124963975234
16.798341124 61.10355380793451
16.798420575 61.23184001738488
16.798445844 61.23549228780128
16.798506791 61.355515138643064
16.798778385 61.586864420463584
16.79962318 61.64753898310177
16.80165083 61.66857077162176
16.80187915 61.70757795641086
16.801904491 61.71041055330533
16.802227174 61.747112824691
16.805280383 61.8802637439186
16.820511687 61.880263743918604
16.848287287 61.91332943113145
18.101756597 61.91332943113146
19.324255175 62.70975827509073
19.324334989 62.8380444845411
19.326208877 62.841696754957496
19.326271834 62.96171960579928
19.326541613 63.193068887619795
19.327262625 63.1930688876198
19.327351178 63.253743450257986
19.329340304 63.274775238777984
19.329554818 63.313782423567076
19.329579697 63.31661502046155
19.329892969 63.35331729184721
19.330579736 63.35331729184722
19.332814888 63.48646821107482
19.348103237 63.48646821107483
19.594108232 63.486468211074836
20.563606842 63.48646821107484
21.789514054 64.28289705503413
21.789600666 64.4111832644845
21.78962723 64.4148355349009
21.789689894 64.53485838574268
21.789979081 64.7662076675632
21.790734239 64.76620766756321
21.790827755 64.82688223020139
21.792170069 64.84791401872138
21.793090629 64.88692120351048
21.793119579 64.88975380040495
21.7934401 64.92645607179061
21.794131779 64.92645607179062
21.797115333 65.05960699101821
21.844308098 65.05960699101823
24.189837893 65.8560358349775
24.189919362 65.98432204442787
24.18999366 66.10799716568606
24.190270791 66.33934644750657
24.191075436 66.40002101014475
24.192362571 66.42105279866476
24.193268191 66.46005998345386
24.193594089 66.49959485173399
24.681778621 66.499594851734
24.697587055 66.49959485173402
26.512089131 67.2960236956933
26.512184314 67.42430990514364
26.512260217 67.54798502640182
26.512533356 67.77933430822236
26.513648689 67.81234728131662
26.514098457 67.84000887086054
26.514669743 67.86104065938054
26.518402351 67.90004784416962
26.538757094 67.93958271244975
26.744476476 67.93958271244978
28.764680921 68.73601155640904
28.764762459 68.86429776585942
28.76483707 68.98797288711759
28.766109834 69.00678273712415
28.766187076 69.2523351420324
28.767101474 69.25406755710969
28.767156847 69.30102852009631
28.777243249 69.31074444216847
30.430772139 69.3107444421685
30.991632338 70.10717328612776
30.991713044 70.23545949557814
30.991786631 70.35913461683631
30.993014686 70.3779444668429
30.993106209 70.62349687175112
30.993995584 70.62522928682844
31.005574119 70.63754638168348
33.109173975 71.43397522564274
33.109260305 71.56226143509312
33.109336883 71.6859365563513
33.110597705 71.70474640635786
33.110793726 71.85649935613142
33.110843738 71.89908006902257
33.111601392 71.9520312263434
33.112274388 71.95203122634342
35.164885458 72.74846007030271
35.164960158 72.87674627975306
35.165034336 73.00042140101124
35.16622097 73.01923125101783
35.166395356 73.1709842007914
35.166443032 73.21356491368255
35.167816097 73.26651607100337
37.140319403 74.06294491496263
37.140403977 74.19123112441301
37.140476612 74.31490624567118
37.141627027 74.33371609567774
37.141817781 74.48546904545134
37.141866762 74.52804975834246
37.154937984 74.5494532392429
37.169468563 74.57242094536917
39.044565507 75.36884978932846
39.044653944 75.49713599877884
39.044726474 75.62081112003702
39.045895846 75.63962097004361
39.046091642 75.79137391981718
39.046142149 75.8339546327083
39.058516829 75.8553581136087
39.071396193 75.85535811360873
40.904832881 76.65178695756799
40.904907943 76.78007316701834
40.904977661 76.90374828827652
40.906125779 76.92255813828311
40.906307091 77.07431108805667
40.929823683 77.0875305627159
41.112379663 77.08753056271593
42.729564367 77.88395940667519
42.729645317 78.01224561612554
42.72972076 78.13592073738374
42.730835339 78.1547305873903
42.738785725 78.25400359013307
44.406125254 78.2540035901331
44.504585319 79.05043243409236
44.504658428 79.17871864354274
44.504875381 79.24007036567843
44.50589268 79.32120361480747
44.748129037 79.3212036148075
46.203498519 80.11763245876676
46.203589652 80.24591866821714
46.203791645 80.30727039035284
46.204763303 80.38840363948188
47.447307813 80.38840363948191
47.844647326 81.31311869289155
47.85068205 81.43352709933
47.864780552 81.44272667930161
49.431673308 82.36744173271126
49.437661435 82.48785013914974
50.960677438 83.41256519255938
50.967693756 83.44522737332196
50.978237205 83.5286963685877
50.991087673 83.52869636858773
52.448423909 84.45341142199737
52.455151363 84.48607360275993
52.46491811 84.56954259802569
52.927664535 84.5695425980257
53.89539 85.49425765143535
53.896013487 85.49425765143536
53.899804883 85.49425765143538
53.902100387 85.52691983219793
55.325929289 86.45163488560758
55.344078585 86.47740677892341
55.37828381 86.47740677892342
55.595147755 86.47740677892344
56.682628954 87.4021218323331
57.994079943 87.64781367123385
57.994154094 87.80984136838183
57.995188711 87.85145132004138
57.996791338 87.99588113643645
57.998865194 88.11599584446182
57.998966736 88.1697111188738
57.999311119 88.23172167207304
58.000074757 88.28138678327645
58.018343244 88.32683688574274
58.020549226 88.32683688574275
58.198693354 88.32683688574276
59.257335851 88.57252872464349
59.257398113 88.73455642179147
59.258221349 88.77616637345102
59.25982119 88.9205961898461
59.261821877 89.04071089787146
59.261926162 89.09442617228348
59.262276698 89.15643672548268
59.274488113 89.15957181483402
59.495103803 89.15957181483404
60.459156032 89.15957181483405
60.491313366 89.40526365373478
60.491707532 89.44376836801408
60.491911469 89.56729135088277
60.492722357 89.60890130254232
60.493735801 89.75333111893738
60.497285165 89.88488965010455
60.501934686 89.9362307827316
60.513226976 89.98917165457398
61.638064878 89.98917165457401
61.680788631 90.23486349347472
61.681173472 90.27336820775402
61.681700667 90.30953659178694
61.683111825 90.58293095867732
61.686193616 90.71448948984447
61.69070052 90.76583062247154
61.737009996 90.76583062247157
62.824510706 91.01152246137231
62.824954808 91.0500271756516
62.82702613 91.062634813407
62.827277219 91.2957782363616
62.834205677 91.29583599272958
62.838600374 91.32843952576066
62.844239195 91.49114845774207
63.028616068 91.49114845774209
63.923284837 91.73684029664282
63.923672707 91.77534501092212
63.925637458 91.78795264867752
63.92589334 92.02109607163214
63.932858523 92.0211538280001
63.936414995 92.0537573610312
64.978695817 92.29944919993194
64.979100891 92.33795391421127
64.981079889 92.35056155196663
64.981326615 92.58370497492126
64.987429085 92.58376273128921
65.008604291 92.58376273128924
65.999001813 92.82945457018995
65.999401813 92.86795928446928
66.00133949 92.88056692222467
66.001573336 93.11371034517927
66.021835407 93.11371034517929
66.236856097 93.1137103451793
66.315974079 93.11371034517931
67.002342256 93.3468495144405
67.002567292 93.39790689835934
67.006303396 93.4795836569364
67.006526382 93.62841764203367
67.102451123 93.62841764203368
67.945230771 93.7757911234798
67.945383394 93.86155681129489
67.9456026 93.91261419521372
67.950131993 94.10057782553704
67.950522857 94.10057782553706
68.167436573 94.10057782553707
68.710496015 94.10057782553709
68.850311699 94.24795130698323
68.850463741 94.3337169947983
68.850683036 94.38477437871713
68.85710047 94.43615897091208
68.857356657 94.48257019798467
68.866011291 94.53126322287781
69.661678774 94.53126322287783
69.715788061 94.67863670432394
69.715936768 94.76440239213902
69.721719192 94.8668443682528
69.721972952 94.9132555953254
69.805908279 94.91325559532541
69.962520551 94.91325559532542
70.545194725 95.06062907677155
70.545363727 95.14639476458663
70.554186256 95.16356280284818
70.562022524 95.28069563771372
70.720641954 95.28069563771373
71.115373312 95.28069563771375
71.33955344 95.42806911915987
71.339701738 95.51383480697496
71.340049528 95.51383480697497
71.346489937 95.53100284523649
71.361671841 95.5310028452365
71.756409816 95.53100284523651
71.95261819 95.53100284523653
72.098665048 95.67837632668265
72.098806299 95.76414201449772
72.099129197 95.76414201449774
72.105253351 95.78131005275925
72.163799222 95.78131005275927
72.280986304 95.78131005275928
72.825780153 95.9286835342054
72.825932416 96.01444922202047
72.826233976 96.01444922202049
73.177390598 96.0144492220205
73.438899607 96.01444922202052
73.524070716 96.16182270346665
73.524215697 96.24758839128172
73.604149431 96.24758839128174
74.185718985 96.42152384489934
74.188177391 96.42698752917232
74.190466927 96.4372245422753
74.206917334 96.43722454227532
74.406923069 96.43722454227533
74.816638054 96.61115999589293
74.819036805 96.61662368016593
74.868473256 96.61662368016594
75.415197163 96.79055913378356
75.439423527 96.79055913378357
75.986608079 96.93252457693603
75.991115767 96.933285345461
75.994923762 96.93400498512113
75.996838166 96.93400498512115
76.53638229 97.00379833885727
76.536655112 97.07597042827362
76.541315722 97.07673119679858
77.051413663 97.21869663995103
77.181198503 97.21869663995105
77.543183573 97.28848999368716
77.544674967 97.29253040506248
77.545090386 97.29671585836283
77.548905916 97.30053623294384
77.549652603 97.32071094741981
77.549898611 97.341757828947
77.55251923 97.34175782894701
78.01981467 97.41155118268313
78.021317563 97.41559159405844
78.021721532 97.41977704735879
78.023417242 97.43219658172512
78.023760621 97.4353706649243
78.026121799 97.44377213641577
78.028691814 97.5295993143194
78.471647189 97.59939266805551
78.472216508 97.63161362178815
78.489857811 97.63161362178816
78.897748869 97.70140697552428
78.899223662 97.70544738689958
78.899593887 97.70963284019993
78.902619798 97.71345321478096
79.303070176 97.78324656851709
79.304378355 97.78728697989239
79.304742925 97.79147243319274
79.307976934 97.79186099986771
79.683966358 97.86165435360383
79.685189775 97.86569476497914
79.685519795 97.86988021827949
80.028911436 97.93967357201562
80.354851936 97.99851334464476
80.356075785 98.00271826123938
80.359810545 98.00558366549056
80.471344063 98.00558366549058
80.662793283 98.06442343811972
80.664021309 98.06862835471433
80.954830309 98.12746812734348
80.956079146 98.18511532137285
81.191950741 98.18511532137286
81.229609903 98.243955094002
81.230628845 98.28128865051693
81.256460742 98.28128865051694
81.484231279 98.34012842314608
81.72439157 98.35592263003245
81.731673552 98.35592263003248
81.950761218 98.37288814783777
82.127551449 98.37288814783778
82.158830868 98.40923173971547
82.541086453 98.41086802934316
83.388526869 98.46439474765567
83.414128336 98.46439474765569
83.477626435 98.4643947476557
84.049275389 98.48993264299149
84.059289776 98.4899326429915
84.125339033 98.64305209056236
84.14708194 98.64305209056238
84.18138845 98.72330000857849
84.277397558 98.97805515283989
