0.000351707 47.30612480550119
0.000429098 47.93400560237415
0.000551177 48.23997113947224
0.000593228 48.773605958353194
0.001192248 48.96990144964395
0.003691202 49.29631137349312
0.003878595 49.31741218408536
0.00392551 49.419834909100125
0.004254319 49.72470429748436
0.004535793 49.83803161792513
0.017758128 49.85404491612649
0.079510668 50.357879352822444
0.079994118 50.5541748441132
0.081976103 50.880584767962354
0.082127929 50.90168557855461
0.082171438 51.00410830356936
0.082471715 51.30897769195361
0.08270256 51.42230501239437
0.092952009 51.43831831059574
0.215297744 51.44580521568381
0.45772541 51.45094036825139
0.518581292 51.4509403682514
0.607648627 51.45959596164116
0.697309879 51.4688003500733
0.817087854 51.47551476216628
0.964809127 51.47551476216629
1.043617085 51.48789731502101
1.053832489 51.50391061322238
1.172426291 51.51300782583021
1.292803267 51.518551551611516
1.4130160410000001 51.52204467199813
1.4722920400000001 51.52929570972221
1.5817775570000001 51.547540913222456
1.591635484 51.56355421142383
1.826181154 51.581965761453525
1.836138607 51.5979790596549
2.079882435 51.64017762360083
2.189434226 51.65117473686859
2.200046091 51.659234942626405
2.311096137 51.66024598627242
2.351276915 51.67625928447378
2.442715764 51.68177061288132
2.502461321 51.68177061288133
2.671461341 51.69502962426929
2.681794622 51.71104292247066
2.741443365 51.7535049440416
2.888992852 51.76156514979942
3.080099518 51.97521706989999
3.080185277 52.26461395992106
3.080289144 52.412879183233805
3.080663611 52.7051473800717
3.082629516 53.03155730392087
3.082785659 53.05265811451313
3.082826846 53.15508083952786
3.083095144 53.45995022791211
3.087869263 53.48696063938123
3.104576626 53.5015432171926
3.122741278 53.58929084655424
3.238206352 53.58929084655425
4.582757511 53.61050295038576
4.8412595849999995 53.61856315614357
5.943655311 53.89069039601645
5.943765028 54.18008728603752
5.943874676 54.328352509350275
5.944263704 54.62062070618817
5.94622828 54.94703063003734
5.946381297 54.96813144062959
5.946425895 55.07055416564434
5.946689769 55.37542355402858
5.966832478 55.41701654330907
5.987010482 55.446288852898405
6.377903094 55.44628885289841
8.740150367 55.747688402360616
8.74024133 56.03708529238168
8.740342126 56.18535051569443
8.740714159 56.20726142008231
8.741410461 56.28059367605888
8.741884068 56.344984583624516
8.742647413 56.804028636381496
8.742799856 56.82512944697374
8.742843022 56.9275521719885
8.743094742 57.232421560372735
8.794388136 57.27401454965323
11.469596416 57.57541409911544
11.46968888 57.86481098913651
11.46979296 58.013076212449256
11.470169027 58.03498711683714
11.470852553 58.1083193728137
11.471328763 58.17271028037934
11.472063146 58.63175433313632
11.472218425 58.652855143728566
11.47225848 58.75527786874333
11.472508004 59.06014725712756
11.526169953 59.06014725712757
14.124983184 59.36154680658977
14.125083083 59.65094369661084
14.125190331 59.79920891992359
14.125588713 59.82111982431147
14.126269947 59.89445208028803
14.126773372 59.95884298785367
14.127494796 60.41788704061065
14.127648524 60.4389878512029
14.127689224 60.54141057621766
14.128086908 60.558436943015856
14.128931415 60.597768118233326
14.132582318 60.60765878677637
14.135503482 60.63495696770159
14.146732395 60.72465389261258
14.198633392 60.72465389261259
16.706368683 61.0260534420748
16.706465537 61.315450332095864
16.70831954 61.46371555540862
16.708669303 61.48562645979649
16.709284115 61.55895871577306
16.709734994 61.623349623338704
16.710765356 61.62845414841515
16.711557685 61.640646769750056
16.711682779 62.26227475371835
16.715196134 62.272165422261395
16.718080889 62.299463603186624
16.818635063 62.29946360318663
19.231941369 62.8902600426699
19.232441189 63.06043617037053
19.233147215 63.133768426347096
19.234451296 63.16632824600874
19.234741445 63.20326385898919
19.235552033 63.21545648032409
19.235729768 63.242083451802955
19.235829281 63.32290890389031
19.235856577 63.41485392916766
19.236110745 63.49526352782189
19.23645521 63.83708446429239
19.239250402 63.84697513283543
21.345631181 63.84697513283544
21.698449 64.14837468229764
21.698540384 64.43777157231871
21.698642149 64.58603679563146
21.699981887 64.6145700188731
21.700396746 64.68127995599589
21.700890705 64.71383977565753
21.701164738 64.75077538863799
21.701964419 64.7629680099729
21.702093902 65.38459599394119
24.061487307 65.6859955434034
24.061600851 65.97539243342446
24.062707199 66.21890081710166
24.063917504 66.2514606367633
24.064202756 66.28839624974376
24.064942516 66.30058887107866
24.065122923 66.32721584255752
24.065222435 66.40804129464487
24.065248615 66.49998631992223
24.065534648 66.58039591857644
24.067021028 66.76786557041788
24.068666235 66.87648561415435
24.097996801 66.88288567982947
24.41906423 66.88288567982949
26.38150625 67.47368211931277
26.38254614 67.71719050298996
26.383742808 67.7497503226516
26.384021362 67.78668593563205
26.384769862 67.79887855696695
26.384949857 67.82550552844582
26.385049651 67.90633098053317
26.385072447 67.99827600581052
26.385342147 68.07868560446475
26.386803126 68.26615525630619
26.388392799000002 68.37477530004264
26.842786383 68.37477530004266
28.649901922 68.67617484950486
28.649990172 68.96557173952593
28.651374572 69.14237018608031
28.652215466 69.24163994286477
28.65249267 69.27857555584521
28.653229072 69.29076817718013
28.653403306 69.31739514865899
28.653504257 69.39822060074633
28.653528343 69.4901656260237
28.655240662 69.51352772543453
28.65535385 69.58859225324437
28.659252031 69.73463847659806
28.65932518 69.75047136499464
28.661784382 69.75756003121244
28.661982826 69.7863370154923
28.672146064 69.79079605659442
28.679272484 69.80779167781385
28.679428914 69.83802292210231
28.679530931 69.85099309091987
29.257405579 69.85099309091989
30.880325352 69.91095461833082
30.880501529 70.44178953040314
30.88119774 70.44178953040316
30.881842772 70.61858797695754
30.882685338 70.71785773374198
30.882944173 70.75479334672245
30.883955621 70.86088825639229
30.88565773 70.98974551631176
30.885769565 71.0648100441216
30.891982877 71.23377782208965
30.892163475 71.26255480636952
30.901504807 71.26701384747165
30.908021419 71.28400946869108
30.908162833 71.31424071297954
31.842059398 71.31424071297955
33.012735491 71.90503715246282
33.014080933 72.08183559901721
33.014899458 72.18110535580166
33.015870639 72.23023359011701
33.016044961 72.25686056159587
33.016135517 72.33768601368322
33.016161012 72.4296310389606
33.017859301 72.45299313837143
33.017974116 72.52805766618127
33.018638007 72.52805766618128
33.024075311 72.69702544414933
35.099172072 72.75698697156028
35.099333211 73.2878218836326
35.102287941 73.464620330187
35.103034634 73.56389008697144
35.105806093 73.65657280810576
35.105842171 73.91084239735105
35.113804066 73.96582307716014
35.118530094 74.0798101753191
35.35754142 74.07981017531911
37.106470872 74.09611904965624
37.106530919 74.67060661480238
37.107832072 74.84740506135677
37.108602841 74.94667481814122
37.109675984 75.02243002393544
37.109765398 75.10325547602278
37.109790288 75.19520050130015
37.111660309 75.28203721707625
37.119160508 75.34860780832992
37.131505073 75.43967335187452
37.134170673 75.45550624027109
37.23150272 75.4555062402711
39.044282076 75.47181511460822
39.04433902 76.04630267975436
39.045560238 76.22310112630875
39.046342816 76.3223708830932
39.047374457 76.39812608888742
39.047459287 76.47895154097476
39.047483518 76.57089656625213
39.049310912 76.65773328202822
39.056612239 76.7243038732819
39.474162111 76.72430387328191
40.420634352 76.72430387328193
40.919001278 76.78426540069286
40.91917318 77.18283328526375
40.919786503 77.31510031276518
40.920409442 77.49189875931958
40.921673696 77.591168516104
40.923834528 77.68385123723833
40.924031266 77.92653091503904
41.034325547 77.92653091503905
41.954068133 77.92653091503907
42.728112988 77.9428397893762
42.728177778 78.51732735452231
42.730020971 78.69412580107671
42.730201603 78.79339555786116
42.731227708 78.86915076365538
42.731327986 78.94997621574274
42.7318895 79.04192124102008
42.733631908 79.12875795679618
42.76896126 79.12875795679619
44.475447186 79.14506683113332
44.475498874 79.71955439627945
44.47739068 79.99562259961829
44.478345094 80.07137780541251
44.478442193 80.15220325749985
44.486862047 80.22880517148282
44.555365193 80.22880517148283
46.173409123 80.24511404581997
46.173467475 80.4620416013466
46.173490902 80.57967677291018
46.174075266 80.68733458346468
46.176120504 80.84943016355577
46.176281798 81.17142502009918
46.176379191 81.25225047218652
46.185657414 81.31708378782943
47.831983779 81.37704531524037
47.832137846 81.55032021769318
47.832164452 81.77561319981126
47.834825219 82.04167941409032
47.834864642 82.09730944992882
47.84465412 82.19256657958269
47.84633752 82.33923918962519
47.849539402 82.36355599640153
47.864610212 82.36355599640154
47.946987154 82.36355599640156
49.437111739 82.37986487073869
49.437183116 82.82208540838339
49.43974327 82.98418098847446
49.43980854 83.02260532809048
49.439924052 83.30617584501788
49.440017646 83.38700129710521
49.454282163 83.41002820497367
50.021544066 83.41002820497368
50.988375636 83.4263370793108
50.988435678 83.64326463483742
50.988459275 83.760899806401
50.989001715 83.8685576169555
50.990913096 84.03065319704659
50.991139512 84.43347350567734
51.082145856 84.43347350567736
51.232397382 84.43347350567737
52.493346584 84.44978238001448
52.493408833 84.89200291765918
52.496137983 84.92439465334839
52.496916105 85.01135140210904
52.49935909 85.03789257758304
52.499903107 85.21163453481701
52.506351378 85.21369916777675
52.506850102 85.45562890747313
52.851533471 85.45562890747316
53.896672433 85.45562890747317
53.944008664 85.47193778181027
53.944061563 85.91415831945497
53.946657778 85.94655005514417
53.947272526 86.03350680390483
53.949666994 86.06004797937882
53.951486451 86.08227601185683
53.953546927 86.14745686585225
53.955070083 86.19035059416827
53.956973454 86.33405203289183
53.9592245 86.3530515633348
53.987510777 86.35305156333482
54.369205682 86.35305156333483
55.338877777 86.35305156333484
55.370944405 86.36936043767196
55.370999396 86.58628799319858
55.371233064 86.6190569212211
55.371546823 86.81158097531666
55.373578613 86.84397271100586
55.374408721 86.8955219767998
55.374696175 86.93092945976652
55.376568491 86.95747063524051
55.378356844 86.97969866771852
55.380809694 87.04487952171394
55.383620844 87.23147468875352
55.411347343 87.23147468875354
55.438069938 87.23147468875355
56.745829376 87.24778356309066
56.745891897 87.4647111186173
56.746149739 87.49748004663984
56.746439938 87.69000410073537
56.748452563 87.72239583642458
56.7492714 87.77394510221852
56.749529698 87.80935258518522
56.751385347 87.83589376065923
56.7531226 87.85812179313724
56.755560245 87.92330264713266
56.759721945 87.95607031501446
56.763764343 87.9697088139426
56.764175846 88.04331298125048
56.764959315 88.10695748050684
57.537842589 88.10695748050685
58.077164637 88.12326635484396
58.077213548 88.3401939103706
58.07723654 88.56548689248868
58.079768366 88.59787862817788
58.080342645 88.68483537693854
58.082655978 88.71137655241253
58.084581253 88.73360458489054
58.086747362 88.79878543888596
58.094506491 88.83302487819557
58.094901275 88.91879577300375
58.098373415 88.965787345229
58.143291373 88.96578734522902
58.269041794 88.96578734522903
58.421820836 88.96578734522905
59.362326868 88.98209621956615
59.362403772 89.19902377509278
59.362664378 89.23179270311532
59.362966283 89.42431675721085
59.364900139 89.45670849290006
59.365672078 89.508257758694
59.365945841 89.5436652416607
59.369353239 89.59243444961272
59.379290579 89.69185474291776
59.379666485 89.77762563772596
59.72327853 89.77762563772598
60.590714284 89.79393451206306
60.590777596 90.0108620675897
60.591038921 90.04363099561223
60.591332048 90.23615504970776
60.593918233 90.32009605119092
60.594195921 90.35550353415762
60.597498341 90.40427274210964
60.64526146 90.40427274210965
60.716704283 90.40427274210967
61.000496819 90.40427274210968
61.374760142 90.4042727421097
61.769639965 90.42058161644681
61.769687911 90.63750917197345
61.769917629 90.67027809999595
61.770208559 90.86280215409151
61.772750196 90.94674315557467
61.773033086 90.98215063854137
61.978923943 90.98215063854138
62.910249385 90.9821506385414
62.91256596 90.99845951287853
62.912605264 91.21538706840515
62.91284406 91.24815599642768
62.915406923 91.26051437265419
62.915454271 91.36152054348723
62.915660939 91.52462105200637
62.919128377 91.54465684120238
63.008084947 91.5446568412024
64.019482733 91.60461836861333
64.019635961 91.77789327106613
64.021883369 91.81066219908867
64.025265481 91.90991941712217
64.026612196 91.94828835798644
64.038392053 91.97445172168138
64.038489235 92.08712725466734
64.060413066 92.08712725466735
64.089142131 92.08712725466737
64.173208136 92.08712725466738
65.074392456 92.10343612900448
65.074442587 92.32036368453112
65.075992576 92.32204356777822
65.078078148 92.45238983058715
65.079483293 92.4907587714514
65.100405801 92.49075877145142
65.225314232 92.49075877145144
65.546719445 92.49075877145145
66.083143404 92.55072029886237
66.083286321 92.72399520131519
66.08480643 92.72567508456231
66.086856939 92.85602134737123
66.088245566 92.89439028823548
66.228206502 92.8943902882355
67.056642419 92.89439028823551
67.071855646 92.93488586415783
67.071937833 93.12762671809925
67.073413469 93.12930660134636
67.075391211 93.25965286415526
67.113644254 93.25965286415529
67.169827178 93.2596528641553
67.359528199 93.25965286415531
68.017448365 93.30014844007762
68.017540102 93.49288929401904
68.019004329 93.49456917726617
68.025301885 93.6104566817033
68.169226768 93.61045668170331
68.187375032 93.61045668170333
68.912133303 93.65095225762565
68.912282258 93.67041820911425
68.91240841 93.71944171342543
68.912580163 93.81042336789906
68.913644255 93.84537299481417
68.917844777 93.92687955485505
68.942559808 93.92687955485506
69.230535941 93.92687955485508
69.332924582 93.92687955485509
69.776325689 93.96737513077743
69.776465599 93.98684108226603
69.776581919 94.0358645865772
69.776735029 94.12684624105081
69.777817288 94.16179586796595
69.784463273 94.22971896832844
69.98385855 94.22971896832846
70.604518067 94.27021454425078
70.604661871 94.28968049573938
70.604778674 94.33870400005058
70.604939215 94.42968565452419
70.605978356 94.46463528143933
70.616539425 94.50579733204309
70.619192859 94.50957657242544
70.746352921 94.50957657242546
70.889865086 94.50957657242547
71.402634377 94.55007214834781
71.402770508 94.56953809983641
71.402884924 94.61856160414762
71.403042434 94.70954325862122
71.404051069 94.74449288553636
71.414029822 94.78565493614012
71.56606977 94.78565493614013
71.733260677 94.78565493614015
72.159197947 94.82615051206248
72.159374841 94.84561646355108
72.159508832 94.89463996786229
72.159667018 94.9856216223359
72.163032387 94.98950330829554
72.163146408 95.01327554862861
72.1634613 95.01327554862863
72.17361373 95.05923152284554
72.319496636 95.05923152284555
72.478670868 95.05923152284556
72.884543889 95.09972709876787
72.88467497 95.1191930502565
72.88479326 95.16821655456768
72.884952646 95.20021063057195
72.885763548 95.22954028368655
72.886146189 95.22954028368657
72.886379543 95.25504951395406
72.886727203 95.2550495139541
72.888247375 95.26307989500093
72.888355343 95.286852135334
72.8886865 95.28685213533402
72.893847128 95.28685213533403
72.903099678 95.28685213533404
73.224874098 95.28685213533406
73.583807986 95.346813662745
73.584096285 95.39583716705619
73.584237363 95.42783124306042
73.584998644 95.45716089617505
73.587361249 95.49070050748944
73.587479147 95.51447274782254
74.250171447 95.57443427523346
74.25045142 95.62345777954464
74.250592378 95.6554518555489
74.253695517 95.70657023357667
74.253800498 95.73826398411806
74.258690795 95.73826398411809
74.279658781 95.7382639841181
74.887648238 95.79822551152904
74.887910314 95.84724901584022
74.88971748 95.87924309184449
74.895644253 95.93408197522663
74.89901643 95.93408197522665
75.498425951 95.974577551149
75.498541156 95.9940435026376
75.49863222 96.04306700694877
75.498771023 96.07506108295304
75.507952714 96.1263166712978
76.076468153 96.18627819870872
76.076727854 96.23530170301993
76.076845678 96.2672957790242
76.081035007 96.31080401927782
76.099214252 96.31080401927784
76.143452357 96.31080401927785
76.628297007 96.37076554668879
76.6285759 96.41978905099997
76.628690527 96.45178312700423
76.661348339 96.45178312700425
76.755753066 96.45178312700426
77.153876563 96.58077705683336
77.15592193 96.59214620616102
77.161811251 96.59275178161079
77.201810364 96.5927517816108
77.646354042 96.7217457114399
77.648393607 96.73311486076756
77.749786947 96.73311486076757
78.116939943 96.8621087905967
78.120409317 96.87197572719725
78.211835222 96.87197572719727
78.571859983 97.0009696570264
78.57839572500001 97.00699864139499
78.579832598 97.01083659362695
79.00147033 97.13983052345607
79.229470557 97.13983052345608
79.409406286 97.14438156650729
79.409923575 97.19649462929219
79.414768267 97.19860264449436
79.415151799 97.21201401416067
79.41563499 97.21902284090945
79.415655201 97.2521572706583
79.430961058 97.25215727065833
79.790087825 97.25670831370952
79.790568116 97.30882137649442
79.793179953 97.36465856098425
79.828263053 97.36465856098427
80.134357211 97.36920960403549
80.134817038 97.42132266682039
80.140380705 97.42343068202253
80.141222576 97.45836644769348
80.180788082 97.45836644769349
80.355677183 97.4583664476935
80.462239363 97.46291749074472
80.462684735 97.51503055352961
80.466944805 97.51713856873175
80.46706945 97.51713856873177
80.491659197 97.51713856873178
80.768687333 97.52821802508724
80.769042692 97.53043223685957
80.769886707 97.57380267456789
80.774372984 97.5745682969703
81.058605412 97.58564775332574
81.058944846 97.58786196509807
81.059768931 97.63123240280642
81.332967897 97.64231185916186
81.333302707 97.64452607093419
81.334029762 97.69270934535145
81.430705277 97.69270934535146
81.507474375 97.69270934535147
81.588514737 97.70378880170692
81.588824176 97.70600301347928
81.59023315499999 97.74558165071726
81.681460635 97.74558165071727
81.828668148 97.75666110707273
81.828963144 97.75887531884506
81.831336793 97.76770930010973
81.831384996 97.77841285476977
81.833255618 97.77841285476978
81.836217217 97.7784128547698
81.837942443 97.77841285476981
82.05388511 97.78949231112524
82.054172767 97.7917065228976
82.056749091 97.80054050416229
82.073844567 97.8005405041623
82.264105174 97.81161996051775
82.264384576 97.8138341722901
82.266438176 97.84060338407885
82.321817284 97.84060338407886
82.460986548 97.85168284043432
82.461236882 97.85389705220665
82.46330913 97.90303063628009
82.490381399 97.9030306362801
82.646681954 97.91411009263555
82.64693483 97.91632430440788
82.649655298 97.91632430440791
82.756043183 97.91632430440792
82.818530504 97.92087534745913
82.818911491 97.92400175441153
82.819504329 97.92407261906351
82.822948553 97.92407261906354
82.979427322 97.92862366211476
82.979806724 97.93175006906716
82.980277616 97.94949296191083
82.989915762 97.94949296191086
83.126041093 97.95404400496209
83.126411858 97.95717041191449
83.263351777 97.96172145496571
83.263689663 98.02439937488612
83.276888632 98.02439937488614
83.390106294 98.02895041793737
83.504024632 98.15539305662709
83.705634318 98.24480241192386
83.774666738 98.24480241192387
83.792325783 98.31606040329925
83.855070259 98.31606040329926
83.941409457 98.34825010745249
84.116195498 98.68574518407239
84.237796898 98.80343812594862
84.363412667 98.90139725041176
