0.00035763 48.299538826043566
0.000432873 49.12640670993117
0.000553812 49.16638186711922
0.000581406 49.381863575637176
0.00063663 49.56067351579501
0.000693562 49.59453409860766
0.001092695 49.70801494536253
0.005759484 49.95209284383056
0.0188559 49.97127392145182
0.024039337 49.97289066520877
0.028935766 50.08018916744469
0.036506674 50.12058463187838
0.078686428 50.59564114040164
0.078780255 50.63561629758969
0.078803689 50.85109800610765
0.078846356 51.02990794626548
0.078894201 51.06376852907813
0.079219482 51.177249375833
0.082897011 51.421327274301035
0.093441553 51.44050835192229
0.097440189 51.44212509567923
0.101168939 51.549423597915165
0.10732445 51.58981906234885
0.350790608 51.593226028703164
0.592908791 51.60715383411702
0.712824807 51.6294714325601
0.8348901 51.64462475972409
1.015701518 51.644624759724095
1.092233814 51.66530979709787
1.193534651 51.67208084828394
1.25383736 51.67208084828395
1.372592894 51.672080848283954
1.43333575 51.679695340701116
1.492253799 51.67969534070112
1.610957381 51.67969534070113
1.6700592250000001 51.68565829317419
1.730672975 51.68565829317421
1.790482846 51.69065774046526
1.908155561 51.69308622788382
1.969383393 51.69308622788383
2.144553325 51.70512798321952
2.266342494 51.724309060840774
2.386041048 51.725925804597715
2.447213953 51.72592580459773
2.506079893 51.759406928350245
2.62964616 51.77230638478897
2.690357815 51.772306384788976
2.746467892 51.792828842399956
2.752231906 51.83322430683364
2.815326001 51.83322430683365
2.949880716 51.83322430683366
3.087660715 52.484783022039444
3.087770179 52.52475817922751
3.087797451 52.74023988774547
3.087847848 52.9190498279033
3.087898996 52.95291041071595
3.088238792 53.06639125747082
3.093838716 53.186546812900666
3.094113766 53.29842740060317
3.102017909 53.32965023356011
3.109500327 53.438565479552985
3.115583915 53.43856547955299
3.225177123 53.438565479553
3.45570274 53.444550595310545
3.461412193 53.48494605974423
3.575177326 53.48494605974424
5.966255455 54.23090382074724
5.9663772680000005 54.270878977935304
5.966405713 54.48636068645326
5.966457609 54.66517062661109
5.966508732 54.69903120942373
5.966862454 54.8125120561786
5.970439378 55.05658995464663
5.980395836 55.0757710322679
5.984192317 55.07738777602484
6.001213713 55.12376835621608
6.006029908 55.12376835621609
8.764139493 55.88262557365781
8.764261544 55.92260073084588
8.764289091 56.138082439363835
8.764339968 56.31689237952167
8.764391171 56.350752962334305
8.768260975 56.70831170755721
8.777997959 56.72749278517848
8.781777302 56.72910952893542
9.21835624 56.72910952893543
11.491062415 57.48796674637716
11.491183868 57.527941903565214
11.491211372 57.74342361208317
11.49126156 57.922233552241
11.49131492 57.956094135053654
11.495955483 58.017807761445376
11.496162946 58.02283477104324
11.496473403 58.03860665329133
11.497013682 58.18973053723837
11.497294201 58.28822023775816
11.497687211 58.2991826375223
11.504815473 58.33283395789781
12.727281353 58.33283395789782
14.170636362 59.09169117533954
14.170759342 59.13166633252761
14.17260074 59.347148041045564
14.17265208 59.5259579812034
14.173442108 59.559818564016034
14.17705255 59.621532190407756
14.177981795 59.62655920000563
14.178093424 59.79345496620076
14.178376501 59.89194466672054
14.178707313 59.90290706648468
15.057488833 59.902907066484694
16.755720205 60.66176428392642
16.755850307 60.701739441114476
16.755878258 60.91722114963243
16.755929234 61.096031089790266
16.756767394 61.1298916726029
16.761108732 61.191605298994624
16.761322767 61.1966323085925
16.761424802 61.36352807478763
16.761716772 61.46201777530742
19.254852382 61.46201777530743
19.260069133000002 62.220874992749145
19.26017326 62.26085014993721
19.260198854 62.47633185845517
19.260246492 62.655141798613
19.261052134 62.68900238142564
19.264824801 62.75574301741524
19.2665995 62.758441215186394
19.266868872 62.9346591721322
19.267230089999998 62.970904575989124
19.281402368 63.01351399171298
19.721611805 63.01351399171299
21.713053556 63.77237120915472
21.713167607 63.81234636634279
21.713194804 64.02782807486074
21.713243515 64.20663801501856
21.714059424 64.24049859783119
21.718286839 64.30221222422293
21.719553346 64.30993743159195
21.71982085 64.48615538853775
21.720163722 64.52240079239468
21.734063029 64.53755411955868
24.108136387 65.29641133700041
24.108256734 65.33638649418846
24.108282528 65.55186820270642
24.10833023 65.73067814286425
24.109137613 65.76453872567689
24.112589035 65.82625235206862
24.114520685 65.83397755943764
24.114780516 66.01019551638345
24.115136626 66.04644092024037
24.532471718 66.04644092024039
26.436537207 66.80529813768212
26.436652154 66.84527329487018
26.436679077 67.06075500338814
26.436728013 67.23956494354596
26.437509975 67.27342552635861
26.441576505 67.33513915275033
26.442834056 67.34286436011935
26.443092809 67.51908231706516
26.523514195 67.51908231706517
28.698186431 68.27793953450688
28.698312345 68.31791469169495
28.698339314000002 68.53339640021291
28.698390794 68.71220634037074
28.699190263 68.74606692318339
28.703207009 68.8077805495751
28.711418643000002 68.93874796305842
28.740661612 68.94397091129446
29.141028268 68.94397091129447
30.892458888 69.7028281287362
30.892569209 69.74280328592425
30.892596085 69.95828499444221
30.892642664 70.13709493460004
30.893394552 70.17095551741268
30.905383559 70.3636365572877
30.948201393 70.36363655728772
33.013460063 71.12249377472945
33.013571091 71.16246893191752
33.013597218 71.37795064043547
33.014347304 71.5567605805933
33.016878412 71.58135244343329
33.031334818 71.69684441075351
35.182301782 72.45570162819526
35.182420988 72.49567678538331
35.182448845 72.71115849390125
35.183196885 72.71115849390127
35.183239613 72.88996843405909
35.185787019 72.91456029689907
35.201758856 72.92270259881204
35.201814342 73.00122016807379
35.207318308 73.0012201680738
37.223962191 73.76007738551553
37.224069548 73.8000525427036
37.224095385 74.01553425122155
37.224799097 74.19434419137939
37.227313176 74.21893605421937
37.242733149 74.22707835613234
37.243332049 74.30559592539409
39.176485697 75.06445314283582
39.176594247 75.10442830002388
39.176620218 75.31991000854183
39.177338736 75.49871994869966
39.179768131 75.52331181153963
39.203332559 75.53641129423022
40.441013293 75.53641129423023
41.043386811 75.53641129423025
41.055622105 76.29526851167196
41.055723959 76.33524366886002
41.055750525 76.55072537737797
41.056490237 76.7295353175358
41.527026161 76.72953531753582
42.879466155 76.79691091066599
42.879549713 76.90501633594445
42.879577872 77.12316358009767
42.880714383 77.21757393359442
42.880742634 77.71635962556269
42.880767424 77.76409495484077
42.881116901 77.90411954308615
42.901013724 77.91692835471454
43.712796890999996 77.91692835471456
44.639230866 77.98430394784471
44.639303661 78.09240937312317
44.639327542 78.31055661727639
44.640235043 78.40496697077315
44.640264365 78.90375266274141
44.640290942 78.9514879920195
44.640656733 79.09151258026488
44.641228401 79.0915125802649
45.35846231 79.09151258026492
46.357994157 79.15888817339508
46.358067318 79.26699359867352
46.358091663 79.48514084282677
46.358980511 79.5795511963235
46.359007812 80.07833688829179
46.359033039 80.12607221756987
46.359377698 80.26609680581525
46.611381104 80.26609680581528
48.005344452 80.33347239894546
48.005420896 80.4415778242239
48.005446718 80.65972506837714
48.007196846 80.87837834098444
48.00779022 81.024954023257
48.008092727 81.25558383929881
48.008357552 81.36446187039904
48.009428979 81.43516752881332
48.836408028 81.43516752881334
49.607994059 81.5025431219435
49.608071656 81.61064854722197
49.608095863 81.82879579137519
49.608710645 81.82879579137521
49.609801529 82.04744906398251
49.610402252 82.19402474625507
49.610719971 82.41177789564095
49.611310428 82.42465456229688
49.611499516 82.5335325933971
49.860455286 82.53353259339711
50.724051724 82.53353259339713
51.152062088 82.8041161670935
51.15209621 83.29238981083881
51.152191416 83.3323649680269
51.152215353 83.54784667654485
51.158226538 83.59556352097385
51.206749362 83.59556352097388
52.186080434 83.5955635209739
52.638352346 83.77104453938253
52.638402105 83.98919178353574
52.640205093 84.03855830260787
52.640765386 84.3544207384156
52.64235435 84.58505055445741
52.644919731 84.63289477735262
52.645455894 84.63289477735265
54.026228507 84.63289477735266
54.08673395 84.70027037048283
54.086797734 84.8083757957613
54.086821138 85.02652303991451
54.088435988 85.24517631252183
54.089022224 85.39175199479436
54.08927792 85.62238181083617
54.093123806 85.67022603373138
54.128837566 85.67022603373141
55.323350972 85.67022603373142
55.485484811 85.84570705214003
55.485553671 85.90682052425544
55.486877985 85.94080960742781
55.487241986 86.1132208153654
55.487727425 86.42908325117313
55.489273309 86.65971306721494
55.493412217 86.68454011687916
56.741745488 86.68454011687918
56.846088227 86.92113460740319
56.847728507 87.12753489851315
56.848235719 87.29682165204835
56.849746562 87.67402715036269
56.876861116 87.67402715036272
57.952617645 87.67402715036273
58.161732654 87.84950816877134
58.161800241 87.91062164088675
58.163415869 88.1170219319967
58.167482686 88.27427142671584
58.16792924 88.27427142671586
58.172303504 88.47884911750704
58.183755245 88.58159768519458
58.235141149 88.58159768519461
59.441330003 88.75707870360323
59.441410747 88.81819217571864
59.443016025 89.0245924668286
59.446059374 89.18184196154773
59.446493895 89.18184196154775
59.471422023 89.18184196154776
59.618801108 89.18184196154778
60.670923031 89.41843645207179
60.672473905 89.62483674318175
60.677602072 89.77959605037752
60.678055505 89.77959605037753
60.686028217 89.77959605037755
60.695156914 89.77959605037756
61.855567662 90.0161905409016
61.857068826 90.22259083201156
61.861176525 90.37735013920734
62.505536456 90.37735013920735
63.000110725 90.61394462973138
63.001571828 90.82034492084134
63.005986985 90.96799276398039
64.106533188 91.20458725450443
64.107985105 91.41098754561439
64.112865411 91.43067358818818
64.11320473 91.52606945945878
64.125573247 91.55587843735911
65.160622684 91.59927829031979
65.160672018 91.76256585326006
65.161138937 91.79247292788314
65.163732829 91.7958281271744
65.16400479 91.9988732189931
65.16860435 92.01855926156692
65.170069758 92.03570258935507
65.170620253 92.05637751021986
65.170804777 92.11395513283752
65.629956041 92.11395513283753
66.184462929 92.15735498579822
66.184501181 92.32064254873849
66.186123796 92.35390482265284
66.186756603 92.41957913996491
66.186855835 92.43811680768316
66.190469007 92.57663595704533
66.192002223 92.5937792848335
66.192567831 92.6144542056983
66.20062189 92.66614867418723
67.182243934 92.7095485271479
67.182281829 92.87283609008817
67.183841477 92.90609836400252
67.184435986 92.97177268131459
67.18988476 93.04028224636822
67.190465654 93.16664774704797
67.256306415 93.166647747048
68.144377755 93.37333516294895
68.14588906 93.4065974368633
68.146767823 93.47227175417537
68.147763693 93.4777978915085
68.1478699 93.60114666339241
68.161734839 93.62932857125578
68.168443093 93.62932857125581
69.049488603 93.83601598715676
69.051030962 93.8692782610711
69.05158728 93.93495257838318
69.056838368 94.0034621434368
69.419142192 94.00346214343682
69.911994541 94.21014955933778
69.913759431 94.24341183325213
69.91399869 94.3090861505642
69.919971366 94.35220326043974
69.929026239 94.37759571561783
70.749652605 94.58428313151877
70.751633864 94.6832197227452
70.757087466 94.68874586007834
70.75774951 94.72633683262072
70.758043768 94.72633683262073
70.995919548 94.72633683262075
71.543243775 94.93302424852172
71.545106342 95.03196083974814
71.555412082 95.07507794962365
72.302480083 95.2817653655246
72.30434675 95.38070195675104
72.309398199 95.38622809408417
73.032305784 95.59291550998513
73.034184653 95.69185210121158
73.729108328 95.89853951711254
73.738772778 95.91628734122227
73.740734546 95.91628734122229
74.397169209 96.12297475712326
74.449141281 96.12297475712327
75.041546853 96.23797293986556
75.042887659 96.27003592073866
75.044610441 96.28768624776178
75.047796663 96.32232381431882
75.386106681 96.32232381431884
75.648950697 96.43732199706112
75.650156272 96.46938497793423
75.651863226 96.48703530495735
76.253850704 96.6020334876996
76.255016747 96.63409646857275
76.267284611 96.63409646857276
76.801801339 96.74909465131502
76.80645386 96.77563503024727
76.817527779 96.77563503024729
77.320466343 96.89063321298954
77.32568511 96.91154054567569
77.365607059 96.9115405456757
77.816091258 97.02653872841799
77.822233767 97.03735205192284
78.302323188 97.15235023466511
78.311568517 97.15694906134641
78.374697942 97.15694906134642
78.75569086 97.2719472440887
78.936992509 97.27194724408871
79.184803923 97.43214328063928
79.201561981 97.4321432806393
79.217894796 97.43214328063931
79.590806445 97.50661744912243
79.593368232 97.50789489166361
79.593391814 97.54128299116616
79.608755514 97.54128299116617
79.859094113 97.54128299116618
79.972083976 97.61575715964932
79.974323975 97.61703460219049
79.975428795 97.6218664370881
79.976265966 97.62235515604723
79.976694731 97.74621740601414
79.981670033 97.74621740601415
80.262292684 97.74621740601417
80.317167745 97.8138826320963
80.317247868 97.82069157449729
80.320817275 97.82196901703847
80.321321472 97.8272895708952
80.322051212 97.84824935692968
80.361245682 97.8482493569297
80.599704568 97.84824935692971
80.641183208 97.91591458301185
80.641249693 97.92272352541283
80.644685214 97.92400096795402
80.646347803 97.92932152181076
80.700428077 97.92932152181078
80.94471487 97.99698674789292
80.944801349 98.00379569029391
80.948599774 98.03669491454687
80.948638374 98.03953187727964
80.965873187 98.03953187727966
81.04773902 98.03953187727967
81.235869956 98.10719710336181
81.235954262 98.1140060457628
81.431028582 98.11400604576282
81.50837664 98.11668179231802
81.508437392 98.13034332661307
81.508597131 98.16838187084737
81.565468773 98.16838187084738
81.601300075 98.1683818708474
81.766013877 98.21572711074174
81.76639722 98.21738471420682
81.851838374 98.21738471420683
82.00223236 98.26472995410116
82.006920328 98.26472995410117
82.047403791 98.26472995410118
82.223619421 98.340298028874
82.432235231 98.36988288409249
82.432520969 98.37760691262253
82.440441743 98.37760691262254
82.491195502 98.37760691262255
82.628231789 98.40719176784103
82.628359597 98.46354846444785
82.639259513 98.46354846444787
82.761163714 98.46354846444788
82.808101779 98.49313331966637
82.835224809 98.49313331966638
82.978954932 98.50816193453731
82.979103241 98.51658937229224
82.985329718 98.51658937229226
83.116302677 98.51658937229227
83.134373805 98.6653540700801
83.253794835 98.66535407008011
83.280242979 98.68038268495106
83.394407839 98.68038268495107
83.411321343 98.74070863743145
83.413374274 98.74070863743147
83.52102572 98.74070863743148
83.649060491 98.78344479560467
83.649301712 98.78564128079996
83.688364566 98.78564128079998
83.847412021 99.0654401442717
83.871344792 99.06544014427172
84.085116176 99.12189628767466
84.126012564 99.12189628767467
84.148414727 99.2781273130826
