0.000357111 51.88738248592656
0.000439436 53.04930846345314
0.000547238 53.30351332682093
0.002553035 53.3703390431615
0.002714269 53.40563600075583
0.002944056 53.550623757095885
0.004343324 53.55438440913952
0.004563042 53.70731305729155
0.005443715 53.99174735565192
0.005926685 54.00234164503964
0.006033374 54.47566164030261
0.027158984 54.65062320813664
0.081515426 54.70455748052634
0.081649189 54.739854438120666
0.081841827 54.884842194460724
0.08298453 54.88860284650436
0.08316862 55.04153149465639
0.083887609 55.325965793016756
0.084292157 55.33656008240448
0.084381749 55.80988007766745
0.10121816 55.98484164550148
0.108980854 55.9848416455015
0.163313941 55.99942867565165
0.406965827 55.9997441633027
0.646245544 56.01797674385367
0.765263038 56.018079585370266
0.884316859 56.02216528829417
0.944387112 56.02508844468874
1.005375279 56.025088444688755
1.1937743140000001 56.02541835917933
1.425053066 56.05193893606329
1.545305263 56.064532027141816
1.603726837 56.06453202714182
1.662329507 56.07236456201915
1.72262309 56.08203414324205
1.840768776 56.092683023453674
1.962281957 56.1313132398704
2.084520483 56.13251739748966
2.143747188 56.15907584720906
2.266229157 56.19180683308793
2.328197135 56.203137458960136
2.448733647 56.20945903234777
2.687849874 56.22752049913078
2.750704925 56.325659220237235
2.872253286 56.37809902679417
3.09429582 56.589824969689566
3.094458532 56.65665068603014
3.094599105 56.69194764362447
3.094795135 56.83693539996454
3.095945227 56.84069605200816
3.096122029 56.99362470016019
3.096804569 57.27805899852056
3.097209606 57.28865328790828
3.097300203 57.76197328317125
3.114057107 57.93693485100528
3.171620923 57.9369348510053
4.833039211 57.95499631778831
5.976029536 58.063095924979315
5.97613564 58.31730078834709
5.976301968 58.384126504687664
5.976457491 58.41942346228199
5.976662847 58.56441121862206
5.977831987 58.56817187066569
5.978012329 58.721100518817714
5.978680951 59.005534817178095
5.979088053 59.016129106565806
5.979178816 59.48944910182879
5.997565704 59.495770675216406
6.015562041 59.51383214199942
6.237963728 59.51383214199943
7.47506129 59.51383214199944
8.78303752 59.63999321597345
8.783138132 59.89419807934122
8.783295035 59.96102379568181
8.783424036 59.99632075327614
8.783618687 60.141308509616195
8.784750148 60.14506916165983
8.785595555 60.58243210817223
8.785988694 60.59302639755995
8.786078664 61.06634639282292
8.803607485 61.07266796621056
11.516961709 61.19882904018456
11.517084003 61.45303390355235
11.519154266 61.55515657748725
11.519349969 61.70014433382731
11.520447558 61.70390498587095
11.521230939 62.14126793238334
11.521616996 62.15186222177107
11.521703456000001 62.62518221703404
13.062817437 62.62518221703405
14.18053453 62.66838863086991
14.180625896 63.005548154375845
14.18091366 63.107670828310745
14.181090641 63.25265858465082
14.182228762 63.25641923669444
14.182984383 63.25641923669445
14.1846877 63.31518436810141
14.18471594 63.551282302855256
14.185575891 63.75681050109115
14.188066442 63.757984529696756
14.190104597 63.87964962384383
14.201231642 63.92421654013488
14.201441003 63.95940065439889
14.205651798 64.03909103603921
14.21995172 64.03909103603922
16.804112889 64.16525211001323
16.804247503 64.41945697338102
16.804564585 64.52157964731593
16.804773289 64.66656740365599
16.805947207 64.67032805569963
16.806774827 65.10769100221202
16.807160906 65.11828529159973
16.807439052 65.18014904229925
16.813782576 65.29355844284902
16.824957532 65.33812535914005
16.825172134 65.37330947340406
19.344344687 65.49947054737807
19.344455259 65.75367541074586
19.344729401 65.85579808468076
19.344915231 66.00078584102083
19.346001636 66.00454649306445
19.346737887 66.00454649306447
19.34681635 66.44190943957685
19.347190053 66.45250372896457
19.347477253 66.51436747966407
19.353655134 66.62777688021384
19.364488091 66.67234379650488
19.365185794 66.67234379650489
20.404771067 66.6723437965049
21.791873625 66.7985048704789
21.791978291 67.05270973384668
21.792244237 67.15483240778158
21.79243447 67.29982016412166
21.793507204 67.3035808161653
21.794300079 67.74094376267769
21.794674564 67.7515380520654
21.794943107 67.81340180276491
21.800967183 67.9268112033147
21.813127827 67.95128815436789
21.821924274 67.96336250885808
24.204829718 68.08952358283209
24.204938746 68.34372844619985
24.205213343 68.44585112013476
24.205400313 68.59083887647483
24.20644139 68.59459952851846
24.207191755 69.03196247503085
24.207556432 69.04255676441858
24.207828888 69.1044205151181
24.21372397 69.21782991566785
24.225651979 69.24230686672104
24.36582639 69.24230686672105
26.535684295 69.28551328055691
26.53577315 69.62267280406284
26.536047328 69.72479547799774
26.53621119 69.86978323433782
26.537281403 69.87354388638146
26.540213739 69.93318741565304
26.540242716 70.046264200972
26.540309684 70.37393515077815
26.544459515 70.49677427353085
26.809767865 70.49677427353086
28.828190554 70.62293534750486
28.828303785 70.87714021087264
28.828578645 70.97926288480755
28.828761605 71.12425064114761
28.829779677 71.12801129319125
28.830506364 71.56537423970366
28.830873446 71.57596852909137
28.831110993 71.63783227979089
28.836938444 71.643588219191
28.849195438 71.72273705975749
31.060148808 71.76594347359335
31.060325773 71.91855516807193
31.060514606 72.20522567103419
31.060668986 72.35021342737424
31.061671287 72.35397407941788
31.064545507 72.52669439400844
31.064627561000002 72.85436534381458
31.08189314 72.87527721557892
31.084526781 72.9399249361539
31.127413568 72.93992493615391
33.25287683 73.06608601012792
33.252979948 73.32029087349571
33.253237125 73.42241354743061
33.253409062 73.56740130377068
33.255042152 74.0085249023267
33.255615296 74.08098294241393
33.273449483 74.09246509197536
33.284359059 74.11256481884216
33.284828561 74.15507199243561
33.405199448 74.15507199243562
35.3214161 74.19827840627147
35.3216144 74.35089010075005
35.321814771 74.63756060371232
35.321981851 74.78254836005237
35.325604527 74.78268633344837
35.325740421 74.8459525413676
35.3257671 74.95902932668656
35.325840213 75.28670027649271
35.342691531 75.30761214825705
35.382069822 75.30761214825706
35.701309631 75.30761214825708
37.299531855 75.35081856209293
37.299696811 75.5034302565715
37.299886262 75.79010075953376
37.300035057 75.93508851587383
37.303507019 75.93522648926981
37.303639553 75.99849269718905
37.303664141 76.11156948250802
37.303740211 76.43924043231416
37.332066595 76.44867015451707
37.380102577 76.44867015451709
37.456678956 76.4486701545171
39.233151187 76.49187656835295
39.233238984 76.82903609185888
39.233491393 76.93115876579378
39.233648769 77.07614652213385
39.237328693 77.07628449552985
39.237459918 77.13955070344907
39.237484138 77.25262748876804
39.237543812 77.58029843857419
39.388927093 77.5802984385742
40.68723979 77.58029843857422
41.105098229 77.62350485241008
41.10527564 77.77611654688866
41.105464834 77.8394718701749
41.105601187 78.20777480619098
41.108944882 78.20791277958698
41.109078145 78.2711789875062
41.109102037 78.38425577282517
41.109161019 78.71192672263132
42.917627184 78.75513313646718
42.917792949 78.90774483094575
42.917960712 78.97110015423199
42.918090418 79.33940309024808
42.921831939 79.50579036315024
42.922463843 79.51279229403235
42.923200957 79.53109335534515
42.923349534 79.60681305277082
42.923803782 79.7731833281233
42.935872775 79.79640077528943
42.946010023 79.8172558969681
42.973945282 79.81725589696812
44.678620019 79.86046231080398
44.678787679 80.01307400528256
44.681069519 80.0764293285688
44.681203657 80.44473226458489
44.684644633 80.61111953748707
44.685766751 80.61812146836915
44.685896364 80.63642252968197
44.686039028 80.71214222710762
44.686473431 80.87851250246011
44.71180893 80.90172994962623
45.245376159 80.90172994962624
46.401905158 80.9449363634621
46.402074454 81.09754805794068
46.40225625 81.16090338122693
46.402388369 81.52920631724301
46.406057697 81.69559359014518
46.407355076 81.72089658234007
46.407749898 81.76565853331725
46.407936001 81.96298655511822
46.442128771 81.96298655511823
48.071071823 82.00619296895411
48.071246795 82.15880466343269
48.071415093 82.22215998671894
48.07155755 82.59046292273501
48.075070954 82.75685019563717
48.076330209 82.78215318783208
48.076494579 82.85787288525775
48.081163048 82.98581891796648
48.561529031 82.9858189179665
49.670289018 83.02902533180236
49.670457461 83.18163702628094
49.670619299 83.24499234956718
49.670725904 83.61329528558326
49.674960279 83.70947035169786
49.675496836 83.80498555068033
49.675874293 83.8497475016575
49.676208765 83.880705248106
50.66011986 83.88070524810601
51.211110735 83.92391166194187
51.21128227 84.07652335642045
51.21143247 84.1398786797067
51.211573735 84.50818161572278
51.215629679 84.60435668183737
51.22155765 84.76040182055408
51.594565493 84.7604018205541
52.704715145 84.80360823438996
52.704899178 84.95621992886853
52.705081698 85.01957525215477
52.705626759 85.01957525215478
52.705782223 85.02046625300157
52.705806189 85.17036277705103
52.706234523 85.32108592369413
52.707501944 85.38520807325389
52.70928614 85.48405325428546
52.714941271 85.49834427890356
52.718168902 85.54843481177541
52.726912573 85.56128801288287
52.900020588 85.56128801288288
53.563955714 85.5612880128829
54.149563685 85.60449442671873
54.149723854 85.75710612119731
54.149887908 85.82046144448356
54.15041742 85.82046144448357
54.150568948 85.82135244533035
54.150593985 85.97124896937983
54.151019511 86.1219721160229
54.15228495 86.18609426558268
54.156707955 86.20394275662284
54.156891552 86.27566049851792
54.159591737 86.29923047123233
54.162599115 86.34932100410418
54.174174933 86.35073243198256
54.259294759 86.35073243198258
55.344841293 86.35073243198259
55.577561943 86.39393884581844
55.577721086 86.54655054029702
55.577873942 86.60990586358326
55.578401016 86.60990586358328
55.578552008 86.61079686443007
55.578579277 86.76069338847954
55.580190633 86.97553868468239
55.584588167 86.99338717572255
55.584785324 87.06510491761763
55.587460163 87.08867489033204
56.212275261 87.08867489033206
56.952502881 87.13188130416792
56.952663536 87.2844929986465
56.952827115 87.34784832193274
56.953465838 87.34873932277954
56.953490801 87.49863584682899
56.955075626 87.71348114303186
56.959348707 87.73132963407201
56.959532521 87.8030473759671
57.001959369 87.80304737596711
58.270954807 87.84625378980297
58.271114096 87.99886548428155
58.271275205 88.0622208075678
58.271894092 88.0631118084146
58.271919334 88.21300833246406
58.273521846 88.42785362866692
58.277693742 88.44570211970708
58.281761611 88.50620393741889
58.359480108 88.5062039374189
58.892404815 88.50620393741892
59.550319885 88.54941035125476
59.550490137 88.70202204573336
59.552453034 88.76537736901959
59.552926578 88.7653773690196
59.553073688 88.7662683698664
59.553097715 88.91616489391585
59.554574097 89.13101019011872
59.558672819 89.14885868115887
59.740759257 89.14885868115888
60.632746601 89.1488586811589
60.781533578 89.19206509499475
60.781818685 89.40803211275957
60.782413369 89.55881963765583
60.784333666 89.77366493385868
60.792088762 89.77825242601996
61.270138275 89.77825242601998
61.934056243 89.77825242601999
61.96757332 89.82145883985584
61.967851312 90.03742585762066
61.968463445 90.18821338251692
61.970370757 90.40305867871977
62.426457874 90.40305867871979
63.097800288 90.4030586787198
63.124070378 90.66223211032047
63.124640751 90.81301963521673
63.130880506 90.81355810273311
63.131001937 91.01936092217778
63.308097042 91.0193609221778
64.237918656 91.27853435377847
64.240435697 91.42148051021131
64.247112316 91.46200572877646
64.26763639 91.46200572877648
65.294882534 91.50521214261235
65.295190338 91.72117916037718
65.297682016 91.86412531681
65.298167048 91.86412531681002
65.307787116 91.86894000736679
66.317917674 92.12811343896746
66.320380584 92.2710595954003
66.321467185 92.27105959540032
66.678380438 92.27105959540033
67.311219215 92.31426600923619
67.311468791 92.53023302700102
67.317432503 92.53973104343558
67.31862902 92.5855935469536
67.323368307 92.66303428368913
67.327944141 92.66303428368914
67.330322365 92.67317918343386
68.25648834 92.71638559726973
68.256753795 92.93235261503456
68.264552111 92.93957208085011
68.26460118 92.94346236671502
68.264970955 92.97434431157758
68.265013281 92.98771313498715
68.268354967 93.06515387172267
68.816356928 93.06515387172269
69.165502282 93.32432730332339
69.171947737 93.37968782327594
69.182591114 93.38152491505112
69.447106951 93.38152491505113
69.524106095 93.38152491505114
70.034663549 93.42473132888698
70.034923287 93.6406983466518
70.035284366 93.64069834665182
70.041776014 93.69605886660439
70.076745334 93.6960588666044
70.111347529 93.69605886660442
70.869475369 93.73926528044028
70.869753142 93.95523229820508
70.870108281 93.95523229820512
70.876743016 93.96245176402068
70.876801554 93.9663420498856
70.87865018 93.97707385159002
71.484581093 93.97707385159003
71.665179847 94.2362472831907
71.665502378 94.23624728319072
71.672096295 94.24346674900629
71.672147715 94.2473570348712
71.674353735 94.25691583424133
72.424389091 94.51608926584201
72.424722318 94.51608926584203
72.430842058 94.52330873165756
72.430903266 94.52719901752248
72.446058149 94.52719901752249
72.50544561 94.5271990175225
73.152343273 94.57040543135837
73.15259049 94.78637244912319
73.152883333 94.7863724491232
73.158757499 94.79359191493877
73.84963157 94.83679832877463
73.849874932 95.05276534653946
73.850165756 95.05276534653947
73.856086988 95.15895922648015
74.516010148 95.20216564031601
74.516250244 95.41813265808084
74.516518564 95.41813265808085
74.529576748 95.41813265808086
74.555655912 95.41813265808088
75.15323939 95.4903401320928
75.153639606 95.59528698259048
75.156548721 95.59583697978142
75.156647219 95.65573400740686
75.156955316 95.65573400740688
75.165551302 95.67730608968155
75.179027079 95.67730608968157
75.763522944 95.74951356369351
75.763927491 95.78151147771945
75.765928747 95.8420741941716
75.766256283 95.85501041138212
75.766339921 95.91490743900755
75.766677001 95.91490743900756
75.779225507 95.91490743900758
75.790980459 95.91490743900759
76.350764336 95.9871149130195
76.351167642 96.01911282704546
76.354971164 96.07967554349764
76.356455002 96.09261176070814
76.35837173 96.12088459619574
76.36083656 96.15044145675435
76.363712291 96.15250878833358
76.38651946 96.15250878833359
76.491183389 96.1525087883336
76.913382443 96.22471626234552
76.913798924 96.25671417637149
76.916111435 96.31727689282364
76.919365606 96.35848594552176
76.921962727 96.38804280608035
76.923630844 96.38804280608036
76.932622243 96.38804280608038
77.439283518 96.46025028009231
77.439645889 96.49224819411828
77.441915659 96.54826911925583
77.442073554 96.55281091057043
77.444866029 96.59401996326855
77.515650877 96.59401996326856
77.935245149 96.6662274372805
77.93561497 96.69822535130643
77.937896229 96.75878806775859
77.941919466 96.77106161094159
77.961606697 96.7710616109416
78.074425544 96.77106161094162
78.409955649 96.84326908495355
78.410289274 96.8752669989795
78.412430675 96.93128792411709
78.773804628 96.9312879241171
78.861345822 97.00349539812902
78.861643097 97.03549331215498
78.862610905 97.06217326644607
78.869573907 97.07826057949542
78.929779712 97.07826057949543
79.209824441 97.07826057949545
79.287553673 97.15046805350735
79.28786737 97.18246596753332
79.288674215 97.20914592182439
79.314904197 97.20914592182442
79.371845764 97.20914592182443
79.690711603 97.28135339583636
79.691004416 97.3133513098623
79.693080233 97.32382227861223
79.694030988 97.32974813283525
79.724931906 97.32974813283526
79.770483322 97.32974813283528
80.019442334 97.32974813283529
80.070931354 97.4019556068472
80.07119877 97.43395352087316
80.072969507 97.44442448962309
80.190132617 97.4444244896231
80.415359809 97.51663196363504
80.415607601 97.548629877661
80.419978365 97.71670878499816
80.640689156 97.71670878499818
80.739735364 97.78891625901008
80.739972469 97.82091417303604
80.741516898 97.86698753827886
80.748081723 97.86698753827888
80.829181526 97.86698753827889
81.047912248 97.93919501229084
81.048374715 97.96417548467
81.18242086 97.96417548467001
81.338782445 98.03638295868194
81.341691303 98.0583427432723
81.341812411 98.05834274327232
81.347562178 98.05834274327233
81.613020925 98.13055021728427
81.615915548 98.1383058293306
81.616101345 98.13830582933062
81.637262235 98.13830582933063
81.870095273 98.21051330334257
81.874079707 98.21051330334258
82.112032291 98.22848447981045
82.113568688 98.26450033534663
82.184958312 98.26450033534664
82.333647915 98.26606887054245
82.335749072 98.28247151181449
82.340320799 98.2824715118145
82.544941697 98.28404004701034
82.546666013 98.28438082711617
82.741595916 98.28594936231198
82.760560995 98.285949362312
82.927026992 98.2987917859356
82.927880048 98.73612736603621
83.258933581 98.74293721827271
83.26282711100001 98.74293721827273
83.309105753 98.74293721827274
83.403564234 98.87602285704997
83.407682766 98.87602285704999
83.507830999 98.87602285705
83.665235196 99.08699915669352
83.667781046 99.08699915669355
83.777630586 99.10051611926285
83.782289738 99.10051611926286
83.80530606 99.10051611926288
83.97935789900001 99.13003809738797
84.216138252 99.19195731169398
