0.000360394 52.22475638584697
0.000460497 52.87245070616248
0.000521573 52.906969168827956
0.000548015 53.06537558277651
0.000748073 53.37405724199765
0.006201485 53.61748193787966
0.078692814 53.66680654471118
0.078732877 54.31450086502669
0.078778784 54.34901932769216
0.078800637 54.507425741640716
0.078952764 54.81610740086185
0.083252434 55.059532096743865
0.206143781 55.06114380396682
0.450319566 55.07777847202377
0.511254032 55.07777847202378
0.690260338 55.09907619547056
0.808998976 55.10506724614618
0.928947168 55.131206781416466
0.989806332 55.131868931405904
1.107709957 55.14130563078761
1.226750954 55.160340237233555
1.465708639 55.19491621082338
1.583864489 55.2333506162301
1.6439981179999998 55.235576841567166
1.7647382120000001 55.23691812688826
1.89987075 55.24441440213421
1.923441253 55.244414402134225
2.002341116 55.30801119500522
2.238252582 55.30850333399562
2.481003566 55.322616864939434
2.542511491 55.32261686493944
2.721710381 55.34158531055884
2.781667471 55.40793664351076
2.844205124 55.407936643510766
2.90417418 55.49323093476113
3.081965298 55.80564030978822
3.082025446 56.453334630103726
3.082080056 56.487853092769214
3.082106639 56.64625950671777
3.082366564 56.64914482110578
3.082679566 56.84184618175706
3.083200532 56.954941165938905
3.086680286 57.19836586182092
3.435825449 57.198365861820925
5.98076907 57.72548073185199
5.980843325 57.80245282807972
5.980869798 58.2290442363647
5.980893405 58.40769351483297
5.98107879 58.87478158800266
5.990929182 58.87527372699306
5.995677381 58.889387257936875
5.996430065 58.88938725793688
6.007596671 58.88938725793689
6.109327014 58.9035007888807
8.783509417 59.430615658911776
8.783576221 59.5075877551395
8.783601908 59.93417916342449
8.78362542 60.11282844189276
8.783649131 60.271234855841314
8.783816181 60.57991651506245
8.791683759 60.580408654052846
8.798899873 60.59452218499667
11.51679754 61.13575058597154
11.516865976 61.21272268219928
11.516891189 61.639314090484255
11.516915108 61.81796336895254
11.516938739 61.97636978290108
11.517168528 61.979255097289105
11.517449423 62.171956457940375
11.517931556 62.28505144212222
11.524906355 62.28554358111263
14.212193301 62.8267719820875
14.212264618 62.903744078315235
14.212289402 63.33033548660023
14.21231257 63.5089847650685
14.212556317 63.67027649340506
14.212828994 63.862977854056346
14.213292745 63.97607283823819
16.804290028 64.51730123921307
16.804362549 64.5942733354408
16.80438899 65.02086474372578
16.80441254 65.19951402219405
16.804648546 65.36080575053062
16.80493229 65.5535071111819
16.836935852 65.59194151658863
19.325051294 65.85355906558195
19.325182091 66.08158414873868
19.32817713 66.46881625133167
19.32821994 66.8102124168832
19.334058521 66.8153827005445
19.338460446 66.92349783759747
19.339936282 67.07952682485515
19.36625414 67.10566636012544
21.821590076 67.36728390911875
21.82171287 67.5953089922755
21.822931355 67.98254109486848
21.822975494 68.32393726042002
21.82885254 68.32910754408132
21.832271842 68.43722268113429
21.843173538 68.49039927241789
24.227662769 68.5220238825105
24.227785336 69.05193057959697
24.228032785 69.06694226101311
24.229046081 69.36727400716092
24.229086522 69.70867017271244
24.229840723 69.70867017271246
24.238237111 69.82195559342671
24.265051097 69.85044817057864
24.358844692 69.85044817057866
26.574701711 70.11206571957196
26.574816592 70.34009080272871
26.575941444 70.72732290532169
26.575985599 71.06871907087324
26.584950644 71.1820044915875
28.911669887 71.21362910168013
28.911785149 71.74353579876659
28.911965405 71.75854748018273
28.912815858 72.05887922633053
28.913361677 72.20967153585745
28.913589341 72.40027539188208
28.923521266 72.40569292971182
28.939638516 72.49413364489415
28.953778948 72.51356081259634
31.17302627 72.77517836158964
31.17315433 73.00320344474638
31.173876763 73.00320344474639
31.174276139 73.39043554733937
31.174816536 73.54122785686629
31.179415726 73.58523126622711
31.180063775 73.58523126622713
31.182211925 73.61033314290938
31.184919672 73.72244552938957
31.184958487 73.73724925072065
31.201622568 73.82568996590298
31.207740068 73.825689965903
33.419104736 74.0873075148963
33.419230891 74.31533259805303
33.41992977 74.31533259805305
33.420324754 74.70256470064604
33.420844855 74.85335701017296
33.425254036 74.89736041953378
33.425901807 74.8973604195338
33.427995957 74.92246229621605
33.430596899 75.03457468269625
33.430634134 75.04937840402731
33.455844155 75.1074760938423
35.541873672 75.13910070393489
35.54197567 75.66900740102137
35.542144746 75.68401908243752
35.542909917 75.98435082858532
35.543422109 76.13514313811224
35.547819064 76.17914654747308
35.550182995 76.20424842415534
35.552153668 76.31636081063553
35.552786798 76.3311645319666
35.700319734 76.33116453196662
37.572012289 76.5927820809599
37.572141624 76.82080716411666
37.57321648 77.20803926670963
37.573702057 77.35883157623657
37.578075328 77.4028349855974
37.578680931 77.40283498559741
37.590456139 77.54004924875986
38.057288387 77.54004924875987
39.502252706 77.80166679775316
39.502364649 78.02969188090991
39.50340157 78.41692398350288
39.503905278 78.56771629302982
39.508065408 78.61171970239063
39.518130801 78.61171970239066
39.530185656 78.63307410296851
39.531593386 78.74104039976656
39.643844322 78.74104039976658
41.369769286 79.00265794875988
41.369876864 79.23068303191663
41.370847056 79.6179151345096
41.375353666 79.81271085339735
41.412977329 79.81271085339736
41.41351989 79.81271085339738
43.184502076 80.07432840239069
43.184639157 80.30235348554743
43.185651661 80.6895855881404
43.186299801 80.68958558814042
43.192809385 80.71433895190899
43.197091161 80.8297364433267
43.201167628 80.88438130702816
43.3771299 80.88438130702818
44.937816703 81.14599885602146
44.937951643 81.37402393917822
44.940701482 81.76125604177119
44.951554738 81.90140689695748
46.003153937 81.9014068969575
46.381858796 81.90140689695751
46.643210822 82.1630244459508
46.643325746 82.39104952910755
46.644294063 82.77828163170052
47.918935284 82.77828163170054
48.180934732 82.77828163170055
48.312892858 83.26792426385059
48.315058907 83.37548654020182
48.315298113 83.51912210309216
48.317778552 83.64078019551788
48.321209118 83.65515636644356
48.385408668 83.65515636644358
49.90655508 83.74987093046981
49.906689142 83.77922446885113
49.907004681 84.0424362632951
49.907696887 84.06329456186063
49.908330882 84.25236127494486
49.908537017 84.3959968378352
49.910931854 84.51765493026092
49.923932936 84.52622783718736
50.110474897 84.52622783718738
51.439722642 84.62094240121361
51.439883237 84.65029593959493
51.440192376 84.9135077340389
51.44089256 84.93436603260442
51.441521049 85.12343274568866
51.441748326 85.26706830857898
51.442257773 85.267068308579
51.444113924 85.3887264010047
51.444604383 85.38872640100472
51.744322975 85.38872640100473
52.94001111 85.48344096503097
52.940137706 85.5127945034123
52.940434897 85.77600629785626
52.941110873 85.79686459642178
52.941774006 85.98593130950603
52.942479628 86.12956687239637
52.95873192 86.19525376902399
52.959260845 86.23899601806882
52.968343532 86.25122496482209
54.404975374 86.34593952884832
54.405116485 86.37529306722963
54.405447531 86.63850486167361
54.406127701 86.65936316023914
54.40679418 86.84842987332337
54.407343234 86.84842987332338
54.412246625 86.9233109105621
54.418957846 86.93955277550313
54.421668526 86.97976817928298
54.422727288 87.05775233284133
54.423248171 87.10149458188617
54.998774446 87.10149458188619
55.838003517 87.1962091459124
55.838138564 87.22556268429373
55.83845729 87.4887744787377
55.839108764 87.50963277730322
55.839748323 87.69869949038747
55.852364876 87.78982239256722
55.854926656 87.83003779634707
55.856108284 87.90251769128119
55.884116836 87.9025176912812
57.220791723 87.99723225530742
57.22093421 88.02658579368875
57.221235769 88.28979758813273
57.22188504 88.31065588669826
57.22244993 88.49972259978249
57.222990809 88.4997225997825
57.233617271 88.58536123518486
57.235518119 88.59084550196225
57.238329259 88.63106090574209
57.244282367 88.68681141892809
57.988555861 88.6868114189281
58.540029391 88.78152598295432
58.540165255 88.81087952133565
58.540458588999996 89.07409131577961
58.541080884 89.09494961434514
58.541666111 89.28401632742937
58.542203365 89.28401632742938
58.55268844 89.36965496283175
58.557363863 89.4062818163904
58.713282164 89.40628181639042
58.791345807 89.40628181639043
59.825812809 89.50099638041665
59.825941487 89.53034991879797
59.826226107 89.79356171324194
59.826860353 89.81442001180747
59.827438842 90.0034867248917
59.82794028 90.00348672489172
59.847957689 90.08912536029408
59.937205535 90.08912536029409
61.06612026 90.18383992432031
61.066243059 90.21319346270162
61.066539575 90.4764052571456
61.06714608 90.49726355571113
61.067738123 90.68633026879536
61.068252456 90.68633026879537
61.518578026 90.68633026879539
62.258054545 90.78104483282162
62.258188298 90.81039837120295
62.258463347 91.07361016564691
62.259064467 91.09446846421244
62.259608459 91.28353517729668
63.404249802 91.37824974132292
63.404373634 91.40760327970425
63.404654805 91.67081507414821
63.405249571 91.69167337271374
63.40920408 91.70997623942175
63.414599721 91.7171981720203
63.414816186 91.81263551091206
63.598733064 91.81263551091207
64.514371984 91.90735007493831
64.514513027 91.93670361331964
64.514779282 92.1999154077636
64.515370793 92.22077370632914
64.519242097 92.23907657303714
64.526453247 92.24629850563569
64.529820452 92.24720986139587
64.530668899 92.26840706214368
64.530701533 92.2798361599188
64.552115856 92.27983615991882
65.563941316 92.37455072394505
65.564074993 92.40390426232636
65.56434622 92.66711605677033
65.564904019 92.68797435533587
65.568683436 92.70627722204388
65.57513491 92.71349915464243
65.578404769 92.71441051040262
65.599238365 92.71441051040263
66.575655278 92.80912507442886
66.575812362 92.83847861281018
66.576113127 93.10169040725414
66.580510806 93.14085157252768
66.587226568 93.14807350512623
66.605762918 93.14807350512625
67.555908986 93.24278806915248
67.556029061 93.27214160753381
67.55629209599999 93.53535340197777
67.560506758 93.57451456725131
67.733971058 93.57451456725133
67.850862814 93.57451456725134
68.514181503 93.66922913127756
68.51431321 93.6985826696589
68.514580596 93.96179446410287
68.52190964 93.98705952716293
69.423142513 94.08177409118915
69.423271046 94.11112762957046
69.423799195 94.1482744469393
69.424337049 94.16600276471888
69.424947325 94.27598372335831
69.43173477 94.30813584194502
69.432070576 94.31480596357683
69.433535631 94.3548574007871
69.537906488 94.35485740078711
70.111982728 94.35485740078713
70.291652898 94.44957196481334
70.292055229 94.44957196481336
70.292686613 94.5160723205635
70.292814742 94.53380063834308
70.29339678 94.6437815969825
70.299293366 94.68260383720103
71.122199953 94.77731840122728
71.122819328 94.8438187569774
71.123324431 94.86154707475698
71.123929713 94.97152803339644
71.132494636 94.97550167086216
71.136196791 95.00330667214601
71.23210398 95.00330667214602
71.647568905 95.00330667214604
71.922374299 95.09802123617226
71.922979252 95.16452159192241
71.923504157 95.182249909702
71.924075824 95.29223086834142
71.932208908 95.29620450580714
72.147017791 95.29620450580715
72.527965463 95.29620450580717
72.687639095 95.39091906983339
72.688679848 95.45741942558354
72.69329058 95.46530636972605
72.693444822 95.5287445194887
72.696900362 95.5467539766268
72.700130729 95.54675397662682
72.727080947 95.54675397662683
73.424147963 95.64146854065307
73.425108163 95.70796889640319
73.429536647 95.71585584054573
73.42967725 95.77929399030837
73.73839268 95.77929399030839
74.120328733 95.87400855433462
74.12129752 95.94050891008474
74.126844029 95.99690466256187
74.791782902 96.09161922658811
74.792686013 96.15811958233826
74.793404222 96.18030434092259
74.795653159 96.22225171162049
74.992087542 96.2222517116205
75.437478797 96.31696627564672
75.437835383 96.31696627564673
75.438380404 96.38346663139687
75.443994494 96.43844796297678
75.456431152 96.4384479629768
75.469418069 96.43844796297681
76.041102265 96.53316252700304
76.04197148 96.5996628827532
76.051861575 96.60634227808484
76.357227629 96.60634227808485
76.624856807 96.70105684211106
76.625200592 96.70105684211107
76.625359271 96.76755719786121
76.63559088 96.77365458959855
76.924425977 96.77365458959856
77.179877404 96.8683691536248
77.180695308 96.93486950937495
77.701157673 97.02958407340117
77.701938933 97.11048423378213
77.742709055 97.11048423378216
78.198978155 97.20519879780838
78.200797081 97.23487574587234
78.201415881 97.25044294059191
78.20884538 97.25703030207181
78.381174958 97.25703030207183
78.67803532 97.35174486609804
78.679506381 97.381421814162
78.680338951 97.39698900888158
78.717679449 97.39698900888159
79.134820349 97.49170357290782
79.136169112 97.52138052097179
79.137011445 97.53694771569135
79.564804917 97.63166227971759
79.566096804 97.66133922778154
79.640101354 97.66133922778155
79.970552546 97.75605379180779
80.35069275 97.78959744628231
80.354665214 97.79259756388701
80.355646151 97.82625530686647
80.356291856 97.84502315322621
80.698186223 97.87856680770072
80.699641722 97.87856680770074
80.70179903 97.91522466828489
80.76720151 97.9152246682849
81.023608848 97.9487683227594
81.024968618 97.94876832275942
81.027809767 97.95176844036412
81.047067178 97.95176844036413
81.330818815 97.98531209483865
81.378339266 97.98531209483866
81.497692357 97.98531209483868
81.620788409 98.01877810919468
81.714718247 98.0187781091947
82.146761573 98.13439767030424
82.210613246 98.13439767030425
82.309800226 98.13439767030427
82.820114128 98.15623439944079
82.998325587 98.1562343994408
83.200661902 98.38276444091535
83.207809766 98.38276444091538
83.326321265 98.3827644409154
83.529791902 98.39196385932361
83.530012457 98.47246553954459
83.600218428 98.4724655395446
83.634691152 98.47246553954461
83.673264836 98.56068174040972
84.047796416 98.58133568388202
84.049418151 98.58133568388205
