0.000353323 55.76060114638924
0.000590377 56.440139912363044
0.018455773 56.59532373446921
0.078771702 57.252598507601576
0.078929735 57.93213727357537
0.092848636 58.087321095681546
0.214064587 58.08941608415055
0.456690775 58.110949070406726
0.697330601 58.125625407726965
0.815372101 58.12562540772698
0.931880457 58.12911259767598
0.972451863 58.12911259767599
1.049740998 58.14410184744944
1.289747495 58.14746225308153
1.359750483 58.147462253081535
1.530548662 58.18971708284128
1.590233369 58.19930627161793
1.5910473189999998 58.199306271617935
1.651577055 58.22411103146846
1.6932029210000001 58.224111031468475
1.769141849 58.244228429009205
1.887020604 58.263622897681394
1.945956714 58.28481717311745
2.005412033 58.28732984490613
2.06410042 58.28732984490614
2.225286357 58.28732984490615
2.242364669 58.29883922665324
2.301643503 58.29883922665325
2.4798854 58.30434891369011
2.7145700489999998 58.30585582302809
2.836080084 58.45953273579628
3.063530663 59.3338353269372
3.063738761 59.41633054323716
3.06378172 59.72003861854288
3.063875858 59.99635502412702
3.06459958 60.013374092910986
3.078068679 60.16855791501717
4.7889755990000005 60.170064824355144
5.934281728 61.19804432826427
5.934481143 61.28053954456421
5.93629964 61.58424761986995
5.936378219 61.86056402545409
5.937107663 61.877583094238055
5.954565139 61.87909000357603
6.009842505 61.879090003576046
8.727239119 62.90857641682313
8.727430255 62.99107163312309
8.727471636 63.29477970842881
8.727558552 63.57109611401297
8.728231684 63.58811518279693
11.43601279 63.84887966848704
11.436070668 63.91410185949079
11.436131788 64.02516667003991
11.438376205 64.09724815925782
11.439062763 64.13235110200259
11.439223276 64.19469945090977
11.439618634 64.51969788012347
11.4404265 64.5242234906805
11.441434795 64.91072281567958
11.443659912 64.95850152110111
11.446806194 65.10374051873444
11.447530055 65.27760862144515
11.500531809 65.27760862144517
14.117347414 65.53837310713526
14.117414018 65.603595298139
14.117481453 65.71466010868812
14.118001766 65.78674159790604
14.118732265 65.82184454065083
14.118878768 65.88419288955801
14.119278057 66.20919131877173
14.120848415 66.21371692932874
14.121311925 66.36387088278826
14.122062109 66.36387088278828
14.122638553 66.41506260543963
14.12895811 66.50607838437178
14.131597112 66.56288219574498
14.132330659 66.56288219574499
14.133091026 66.81139748465193
14.139654378 66.88159115859388
16.713349141 67.14235564428398
16.713406501 67.20757783528772
16.713469634 67.31864264583685
16.715748373 67.39072413505475
16.716390663 67.42582707779954
16.716542003 67.4881754267067
16.716936861 67.81317385592043
16.717704587 67.81769946647744
16.718841375 67.96785341993696
16.720051555 68.01904514258833
16.726213315 68.11006092152046
16.729701414 68.16686473289367
16.731139448 68.41538002180063
16.830871399 68.41538002180064
19.224425102 68.67614450749075
19.224480975 68.74136669849449
19.224542765 68.85243150904361
19.225017567 68.92451299826153
19.225700065 68.9596159410063
19.225856577 69.02196428991347
19.226239694 69.34696271912719
19.227718464 69.35148832968422
19.228166887 69.50164228314374
19.229418178 69.5528340057951
19.235568019 69.64384978472724
19.239026384 69.70065359610045
19.241512816 69.70778609499743
19.245814406 69.90947237148198
21.670816121 70.17023685717207
21.67087969 70.23545904817583
21.670944578 70.34652385872495
21.671447436 70.41860534794286
21.672132922 70.45370829068764
21.672668325 70.84105506880853
21.674595382 70.88238191765058
21.675252099 70.99573463282508
21.67580892 71.04692635547644
21.681781489 71.13794213440858
21.685754702 71.1947459457818
21.693430872 71.26708605150024
24.058943766 71.52785053719035
24.058998044 71.59307272819409
24.059059332 71.70413753874321
24.059526893 71.77621902796112
24.060176299 71.8113219707059
24.060332086 71.87367031961307
24.060724873 72.19866874882679
24.062631589 72.23999559766882
24.06328424 72.35334831284332
24.063814234 72.40454003549469
24.069722664 72.49555581442682
24.073644705 72.55235962580004
24.081355523 72.62469973151848
25.317598794 72.62469973151849
26.379318282 72.88546421720858
26.379377224 72.95068640821232
26.379439525 73.06175121876144
26.379922581 73.13383270797937
26.380544998 73.16893565072414
26.381060986 73.55628242884504
26.383536311 73.71096199286157
26.38405658 73.76215371551294
26.389884785 73.85316949444507
26.393708713 73.90997330581828
28.646178109 74.17073779150839
28.646240782 74.23595998251213
28.646302858 74.34702479306125
28.646807015 74.41910628227917
28.647433294 74.45420922502396
28.647593703 74.51655757393112
28.647972187 74.84155600314485
28.65088121 75.04742728981276
28.656566827 75.13844306874489
28.664008633999998 75.14494920710189
30.836547729 75.40571369279198
30.836601712 75.47093588379573
30.836662086 75.58200069434486
30.837118637 75.65408218356276
30.837721032 75.68918512630754
30.837869359 75.75153347521471
30.839334801 75.8082178797907
30.839800561 75.82417650623171
30.839900639 75.99953883540029
30.841133774 76.28240319109635
30.851125804 76.29404465656816
33.023053447 76.55480914225825
33.023109809 76.620031333262
33.023171084 76.73109614381113
33.023639924 76.80317763302904
33.024238156 76.83828057577381
33.025612666 76.8661562566616
33.025855323 76.95731332925698
33.026309659 76.97327195569798
33.026411336 77.14863428486657
33.027593247 77.43149864056261
33.323301794 77.43149864056262
35.113009698 77.69226312625271
35.113065854 77.75748531725645
35.113124909 77.86855012780558
35.113563306 77.94063161702348
35.114151915 77.97573455976826
35.115481891 78.00361024065604
35.115710022 78.09476731325142
35.116157047 78.11072593969243
35.116254067 78.28608826886102
35.117426256 78.56895262455706
35.189850414 78.56895262455707
37.085588336 78.82971711024716
37.08564353 78.89493930125091
37.08570294 79.00600411180004
37.086129994 79.07808560101795
37.087168796 79.11235734010673
37.088220194 79.2322212972459
37.088671715 79.24817992368689
37.088766818 79.42354225285548
37.090526207 79.5981280685159
37.095456262 79.62012703501932
37.114770707 79.62240698224556
38.265409584 79.62240698224558
39.013776634 79.88317146793567
39.013825177 79.94839365893941
39.013886196 80.05945846948853
39.01633671 80.2856756549344
39.016788093 80.30163428137539
39.016909816 80.42855081427616
39.017130644 80.45480931201233
39.017553981 80.47699661054398
39.01864646 80.6515824262044
39.023416253 80.65158242620441
39.023479632 80.67358139270782
39.325593773 80.67358139270783
40.887126071 80.93434587839792
40.887182491 80.99956806940166
40.887241859 81.11063287995078
40.889679104 81.33685006539665
40.890085624 81.35280869183764
40.890210604 81.47972522473842
40.890444286 81.5059837224746
40.890802049 81.52817102100623
40.892241415 81.62636335512734
40.892280332 81.69883875724072
41.062686007 81.69883875724074
42.696223752 81.95960324293083
42.696278073 82.02482543393458
42.696339709 82.1358902444837
42.70039331 82.36210742992955
42.700814333 82.37806605637056
42.700933219 82.50498258927132
42.701149134 82.5312410870075
42.701492088 82.55342838553915
42.711063785 82.56096564323529
42.71130366 82.65346891215562
42.711377022 82.68892419005023
42.721568464 82.71266415374423
42.902645338 82.71266415374424
43.431553233 82.71266415374426
44.456773563 82.97342863943433
44.456828197 83.03865083043807
44.456886698 83.14971564098721
44.459271657 83.37593282643306
44.459666465 83.39189145287406
44.459792946 83.51880798577483
44.460025106 83.54506648351101
44.460369562 83.56725378204266
44.469714469 83.5747910397388
44.469985825 83.66729430865912
44.470061199 83.70274958655375
46.16283901 83.96351407224385
46.162889365 84.0287362632476
46.162946511 84.13980107379672
46.165299239 84.36601825924257
46.165698599 84.38197688568357
46.165795527 84.55733921485216
46.174245093 84.57119097649486
46.190053136 84.62111266535359
46.191244461 84.65737974146863
46.19307227 84.66064343270806
46.259756773 84.66064343270807
47.818966627 84.92140791839816
47.819018185 84.9866301094019
47.81907441 85.09769491995102
47.823034009 85.32391210539687
47.823385551 85.33987073183788
47.823716745 85.49304576247482
47.82404836 85.51523306100646
47.834610435 85.52908482264917
47.847198696 85.57900651150788
47.879769343 85.5790065115079
48.480446791 85.57900651150791
49.409205085 85.83977099719797
49.409254228 85.90499318820173
49.409311666 86.01605799875085
49.411562955 86.2422751841967
49.411924162 86.25823381063769
49.412270112 86.41140884127465
49.412604662 86.43359613980628
49.422966188 86.447447901449
49.454207326 86.44744790144901
49.749442737 86.44744790144902
50.922180027 86.44744790144904
50.940460568 86.70821238713911
50.940499434 86.77343457814287
50.940555053 86.88449938869199
50.942735232 87.11071657413784
50.943065035000004 87.12667520057884
50.943407557 87.27985023121579
51.170753659 87.2798502312158
52.448125966 87.54061471690589
52.448225596 87.71690171845876
52.450414578 87.9431189039046
52.454348733 87.9590775303456
52.469954965 88.03317276733743
52.471204682 88.05734439052571
52.615377551 88.05734439052573
53.889639587 88.3181088762158
53.889690435 88.38333106721956
53.889745377 88.49439587776868
53.892118006 88.72061306321453
53.892449709 88.73657168965553
53.914751737 88.79222569642707
54.255564406 88.79222569642708
54.944985048 88.7922256964271
55.312506182999996 89.05299018211717
55.312595338 89.22927718367005
55.314726819 89.4554943691159
55.318327868 89.4714529955569
56.109572961 89.47145299555692
56.673350558 89.732217481247
56.674028755 89.90850448279987
56.675515507 90.13472166824572
56.697014885 90.13472166824573
57.983221596 90.39548615393583
57.983904109 90.57177315548871
57.985441051 90.5759137796072
57.986016822 90.60002459765276
57.99831893 90.69177867932868
58.002525853 90.69177867932869
59.246682912 90.95254316501878
59.246776134 91.12883016657165
59.264720327 91.15751235694582
59.270769799 91.1680806613406
60.006126487 91.16808066134061
60.477649019 91.4288451470307
60.478288108 91.60513214858356
60.493237991 91.63381433895772
60.516979648 91.63381433895773
61.657165694 91.89457882464784
61.657765673 92.07086582620069
61.681255989 92.0708658262007
61.773585946 92.07086582620072
62.801660747 92.3316303118908
62.802667678 92.36823840558478
62.805328508 92.44446368884375
62.811140333 92.48216663409731
63.904016132 92.7429311197874
63.905441098 92.77953921348136
63.907659321 92.85576449674033
63.914690127 92.89031033832909
64.019573425 92.8903103383291
64.955263401 92.95645429507387
64.955609952 93.08037245138107
64.956101007 93.15107482401919
64.95624581 93.18768291771315
64.958766983 93.26390820097212
64.959130642 93.26390820097214
64.971947504 93.26633389763175
65.154343822 93.26633389763177
65.970717367 93.52709838332184
65.971710315 93.56370647701581
65.974295322 93.63993176027479
65.974647494 93.6399317602748
66.952083774 93.70607571701959
66.952815853 93.72933490503884
66.9529036 93.90069624596491
66.953065154 93.93730433965888
66.964572894 93.94026226420931
67.889628571 94.00640622095409
67.8903407 94.02966540897333
67.890442098 94.20102674989941
67.898788124 94.2205843666156
68.787888466 94.48134885230567
68.823474934 94.48134885230569
68.858517789 94.4813488523057
69.65266652 94.54749280905048
69.653399293 94.57075199706972
69.653582348 94.61110892862251
69.654111206 94.69253624011161
69.657417125 94.72887210003711
69.657604045 94.73246256656796
70.47684676 94.77090515080017
70.477264793 94.94364995437387
70.48948419 94.98180319758532
70.585064002 94.98180319758534
71.261835232 95.02024578181754
71.262215175 95.19299058539123
71.274875937 95.19300247702094
71.276859497 95.28224987469883
72.019467358 95.30890846493733
72.019716497 95.32069245893105
72.01981084 95.49343726250474
72.032320139 95.49344915413444
72.120257266 95.49344915413445
72.744951448 95.52010774437295
72.74518994 95.53189173836667
72.745287065 95.70463654194036
72.939764218 95.70463654194037
73.435702062 95.77078049868516
73.437278073 95.77775629328947
73.438747472 95.84929202139757
73.440085548 95.88273559912462
73.443841041 95.89091838315169
73.44642966 95.9136715163392
73.974446418 95.91367151633922
74.093632186 95.94033010657772
74.093859416 95.95211410057144
74.094242431 95.95942714842357
74.094299099 95.98679126768832
74.095761038 96.05832699579642
74.097129849 96.09177057352346
74.101178072 96.09995335755053
74.716299888 96.09995335755055
74.72263037 96.12661194778903
74.722846308 96.13839594178275
74.723695906 96.1457089896349
74.724459194 96.16609731429531
74.725110536 96.24460883700773
74.726420691 96.27805241473477
74.824248282 96.27805241473479
75.323518242 96.30471100497327
75.323738666 96.31649499896699
75.324111414 96.32380804681914
75.324889015 96.34419637147955
75.325542885 96.42270789419197
75.332034653 96.42775440291686
75.332951838 96.4478572211722
75.334845291 96.4503214580958
75.370456675 96.45032145809581
75.55384691 96.45032145809583
75.898083553 96.47698004833431
75.89829339 96.48876404232803
75.898658106 96.49607709018018
75.89940658 96.5164654148406
75.900052028 96.59497693755301
75.906245622 96.6000234462779
75.907151549 96.62012626453324
75.939250858 96.62012626453325
76.116714519 96.62012626453327
76.450266941 96.64678485477175
76.450806515 96.66588189661762
76.451532626 96.68627022127804
76.452172466 96.76478174399045
76.458762814 96.76982825271534
76.50872978 96.76982825271537
76.969774283 96.79648684295385
76.970286017 96.81558388479972
76.97098913 96.83597220946014
76.97159344 96.91448373217256
76.992569734 96.91448373217257
77.394184333 96.91448373217258
77.461585404 96.94114232241108
77.463150449 96.98062768891735
77.464179264 96.99851371686458
77.464395265 97.03824535603826
77.464630795 97.03824535603827
77.493576963 97.03824535603829
77.951822007 97.10438931278306
77.9520734 97.15781698310698
77.961228962 97.16200697990398
78.280698535 97.16200697990399
78.407909454 97.18866557014248
78.409380592 97.22815093664876
78.410359581 97.24603696459599
78.410597588 97.26089252806783
78.411876058 97.28157860697267
78.426776796 97.28157860697269
78.476836086 97.2815786069727
78.835653015 97.30409535017266
78.835996053 97.3656085916647
78.836218074 97.38046415513654
78.838311789 97.39359735303674
78.846500845 97.39359735303675
79.114503178 97.39359735303677
79.240939084 97.42025594327525
79.242004637 97.42742016143465
79.242879773 97.47762733772875
79.243277499 97.4924829012006
79.376148476 97.49248290120062
79.625318177 97.5191414914391
79.626300974 97.52630570959852
79.627102162 97.57651288589261
79.627582867 97.57794056990825
79.628558309 97.58357054680995
79.635696861 97.58357054680998
79.967477372 97.61022913704846
79.968098485 97.6728582437888
79.975382983 97.67285824378882
80.291986543 97.6995168340273
80.293133963 97.78635701867016
80.305446391 97.78635701867019
80.349191081 97.7863570186702
80.598920764 97.81301560890867
80.599760598 97.9309968735008
80.629248778 97.93099687350083
80.866515437 97.93099687350085
80.889385358 97.95765546373931
80.890366308 97.96151189577495
80.890621134 97.9648196818987
80.891311037 98.01502685819283
80.891735635 98.01645454220848
80.941625263 98.01645454220849
81.093117697 98.0164545422085
81.162982766 98.04311313244699
81.163621062 98.04696956448262
81.163840033 98.05027735060638
81.164559265 98.1004845269005
81.262079491 98.10048452690052
81.419979283 98.127143117139
81.420629429 98.13099954917463
81.420849796 98.13430733529839
81.422359374 98.1732820109556
81.565263703 98.17328201095562
81.659496967 98.19994060119411
81.660075203 98.20379703322975
81.6602874 98.2071048193535
81.662152307 98.24282469464882
81.694319374 98.24282469464883
81.883795442 98.26948328488733
81.884616389 98.27333971692296
81.886392741 98.28838722517364
81.890752161 98.28838722517366
82.078147083 98.28838722517368
82.093431977 98.31504581541215
82.093964002 98.31890224744781
82.096951448 98.31921152170226
82.10042295 98.31921152170227
82.194107671 98.31921152170229
82.282020904 98.3192115217023
82.287219019 98.34587011194077
82.287707423 98.34972654397643
82.464189993 98.34972654397644
82.471827871 98.37638513421494
82.641841663 98.38214090805691
82.643103169 98.39890187741491
82.681880953 98.39890187741493
82.799819443 98.40465765125693
82.800806232 98.44311110993188
82.946089738 98.44886688377386
83.044237093 98.44886688377387
