0.000352829 51.01336989331727
0.000433464 52.664175429459995
0.000599537 52.81402165915265
0.008424513 53.00412091780306
0.022991257 53.04990568996556
0.029053702 53.15470585636097
0.029575724 53.21759447105253
0.07885244 54.1978829677172
0.07897919 54.347729197409855
0.084990887 54.53782845606026
0.101285943 54.68841339461816
0.102099969 54.688413394618166
0.112486797 54.69579013973712
0.128854228 54.69579013973713
0.163050676 54.75514625576569
0.223695843 54.755146255765695
0.285131154 54.760226920730574
0.587424604 54.781450212104815
0.946453944 54.79488351014643
0.971472306 54.794883510146434
1.006808898 54.79488351014644
1.066908595 54.80243157931317
1.24482998 54.80243157931319
1.305521656 54.824316328733936
1.3302333960000001 54.82431632873394
1.365391606 54.828837942058286
1.5421647360000001 54.8288379420583
1.6026522760000002 54.836853262892475
1.78068585 54.83685326289249
1.840277411 54.86552768112427
1.9030077749999998 54.882638035054974
1.988368916 54.88263803505498
2.023982063 54.939575135856124
2.083178112 54.93957513585613
2.390063361 54.98178812497716
2.657639307 54.98743820145038
2.777856628 54.98743820145039
2.812236107 54.987438201450395
2.873570428 54.994814946569356
2.933540269 54.99481494656936
3.089167039 56.21123963537469
3.089315452 56.361085865067345
3.0952224680000002 56.55118512371775
3.106220294 56.59696989588026
3.110986127 56.69611998580242
3.111262559 56.76465867696721
3.192792893 56.764658676967215
3.480387788 56.76465867696722
5.430215199 56.76465867696723
5.958187388 58.038321903990884
5.958364296 58.188168133683526
5.964434768 58.37025207149974
5.975269621 58.42405216449644
5.9814984110000005 58.48098926529757
5.982284644 58.48098926529758
5.9914896429999995 58.480989265297595
6.44056981 58.48663934177082
7.675666086 58.486639341770825
8.772262336 59.76595264526772
8.772435059 59.91579887496036
8.773330268 59.91579887496037
8.778761115 60.06392838086472
8.779070267 60.09336119945225
8.789215102 60.15168290577327
8.843993982 60.151682905773285
11.514139688 61.43099620927016
11.514293984 61.58084243896282
11.520321453 61.72897194486718
11.52061122 61.75840476345469
11.627600864 61.7584047634547
14.064299938 61.758404763454706
14.165314604 63.037718066951584
14.165477283 63.18756429664424
14.174410061 63.19318836865486
14.179134727 63.208766331187284
14.181349869 63.242643726666145
14.182092685 63.24264372666615
14.194039713 63.32226050450697
14.761316597 63.322260504506986
15.696308463 63.322260504507
16.752050698 64.60157380800389
16.752205733 64.75142003769655
16.753001579 64.75142003769656
16.765596252 64.7726220722396
16.782509269 64.80649946771845
16.933484102 64.80649946771847
19.264929564 66.08581277121537
19.265077898 66.23565900090802
19.267587389 66.23565900090803
19.279810012 66.25686103545107
21.713136034 67.53617433894796
21.71329506 67.6860205686406
21.804020703 67.68602056864061
24.08213845 68.9653338721375
24.089829089 69.06078461679522
24.117737143 69.07845962499549
26.406472942 69.10253360955896
26.406623972 69.44635831270377
26.407471989 69.5306309361954
26.407501852 69.73155533020068
26.407605431 69.90195068535623
26.407818636000002 69.91025623825904
26.408219155 70.03427898415663
26.408668179 70.18426909781137
26.408979129 70.2463667052458
26.409405854 70.35777292849238
26.416748165 70.42247524148539
26.674164873 70.4224752414854
28.67169553 71.70178854498229
28.692779392 71.72268439931455
30.8504378 73.00199770281142
30.894033287 73.00199770281144
32.971394596 73.02607168737491
32.971521917 73.36989639051973
32.972316356 73.65509340801664
32.972412122 73.82548876317219
32.972602749 73.833794316075
32.973001285 73.95781706197258
32.978841103 74.2323864445193
33.003978587 74.27333407333273
35.002192072 74.8965032270632
35.00320986 74.92642977853794
35.003306719 75.09682513369349
35.003884548 75.22915343249387
35.008531185 75.5037228150406
35.038083019 75.50372281504062
36.976311902 75.52779679960409
36.9764405 75.8716215027489
36.977096606 75.87162150274891
36.977176836 75.95589412624052
36.977202588 76.1568185202458
36.977300439 76.32721387540137
36.977855935 76.45954217420176
36.978759021 76.64968485478586
36.979154062 76.67162989529093
36.984436448 76.69269690674535
37.139639567 76.69269690674537
38.905588729 76.84719051589136
38.905821335 77.15347947965124
38.906047327 77.31586606047584
38.906371748 77.34579261195056
38.906471214 77.5161879671061
38.907017606 77.6485162659065
38.91406613 77.85853445720295
38.939380395 77.86060398699567
39.284642066 77.86060398699568
39.881166435 77.8606039869957
40.772418779 77.88467797155914
40.772541901 78.22850267470396
40.773187062 78.22850267470398
40.773277879 78.51369969220089
40.773371627 78.68409504735644
40.773922477 78.81642334615682
40.779945113 78.91190738458099
40.799812447 79.02644153745328
40.927331914 79.0264415374533
42.573969679 79.64961069118375
42.574924764 79.67953724265847
42.575019504 79.84993259781402
42.575587784 79.98226089661442
42.586771223 80.06728989878886
42.602207119 80.07774493503857
42.724584524 80.07774493503858
44.014979357 80.0777449350386
44.32656665 80.70091408876905
44.327581699 80.73084064024377
44.327683547 80.90123599539932
44.328225732 81.03356429419972
44.339978031 81.11859329637414
44.37378528 81.11859329637416
45.192543436 81.11859329637417
46.031232166 81.74176245010464
46.032162914 81.77168900157935
46.032257746 81.94208435673491
46.032784459 82.0744126555353
46.044326619 82.15680659297253
46.077405226 82.15680659297254
47.696499954 82.180880577536
47.69662491 82.5247052806808
47.699024023 82.52470528068083
47.699107864 82.80990229817773
47.699194963 82.9802976533333
47.699674009 83.11262595213368
48.78468066 83.1126259521337
49.303573659 83.13998969926335
49.303890497 83.48052463984197
49.304837316 83.5604485533297
49.3070498 83.76572165733889
49.309781175 84.03223784291349
49.340896341 84.0322378429135
50.84514346 84.05960159004317
50.845518532 84.40013653062178
50.84608554 84.4001365306218
50.846418926 84.48006044410951
50.848469997 84.68533354811869
50.853232447 84.69572686033425
50.853581082 84.85572890327425
50.863744627 84.8843242428324
51.283816198 84.88432424283242
52.344688818 85.03881785197842
52.344951356 85.29070769204597
52.345566706 85.33214684402843
52.34673245 85.53741994803761
52.35099318 85.54781326025316
52.351311352 85.70781530319316
52.435028989 85.70781530319317
53.80349734 85.86230891233917
53.803767306 86.11419875240672
53.805450983 86.12528942923981
53.806067435 86.13310447074294
53.806600725 86.13310447074295
53.809012068 86.16101429195004
53.809706006 86.21138453428918
53.81057585 86.37130432061392
53.819085035 86.38562771332724
53.824093528 86.53019437663977
55.203505691 86.68468798578579
55.203772376 86.93657782585333
55.204865092 86.9780169778358
55.209177839 86.98339336539665
55.209884523 87.03376360773578
55.21170353 87.14692025853444
55.216427196 87.1536832913332
55.216905073 87.15368329133321
55.218712353 87.20800678677385
55.224732314 87.29039251498692
56.560375327 87.44488612413292
56.56063342 87.69677596420047
56.561261052 87.73821511618293
56.564840474 87.74359150374379
56.565532345 87.79396174608293
56.566421331 87.95388153240766
57.883003945 88.10837514155367
57.883243407 88.36026498162121
57.884672239 88.3713556584543
57.885260375 88.37917069995743
57.892819149 88.46434298166841
57.895613086 88.54659916353923
57.895691658 88.57737044710107
57.896135874 88.57737044710109
57.903717928 88.61391116352652
57.90469652 88.61550962194728
58.059660285 88.6155096219473
59.163822795 88.7700032310933
59.164071686 89.02189307116085
59.165447406 89.03298374799394
59.166024306 89.04079878949706
59.173217705 89.12597107120804
59.1759176 89.20822725307886
59.175997713 89.23899853664071
59.176433544 89.23899853664072
59.184476565 89.27022559778186
60.394640508 89.42471920692786
60.396037413 89.53243101716184
60.396116392 89.61384816092915
60.396240802 89.6876997238285
60.396782225 89.69551476533162
60.403793435 89.7806870470426
60.406374911 89.86294322891342
60.406451319 89.89371451247527
60.406868799 89.89371451247528
60.550320746 89.8937145124753
61.595313652 90.0482081216213
61.596684087 90.31900368002506
61.597724006 90.31900368002508
61.604278881 90.40417596173606
61.606849655 90.48643214360688
61.606943865 90.51720342716872
61.772696239 90.51720342716874
62.76429195 90.67169703631473
62.76511496 90.87139760468108
62.765562512 90.87139760468109
62.766376154 90.94249259471849
62.766841764 90.9424925947185
62.772555488 91.02766487642948
62.781100991 91.08311014138049
63.427687345 91.0831101413805
63.886110481 91.2376037505265
63.887406955 91.50839930893027
63.894008234 91.59357159064125
64.106373687 91.59357159064126
64.958199241 91.74806519978725
64.958968545 91.9477657681536
64.960123759 92.01886075819101
64.965972339 92.10403303990199
65.215076333 92.104033039902
65.993840033 92.17142369706916
65.994486327 92.18396106873521
65.994633478 92.25546773115845
65.994989193 92.52932220745177
66.002785511 92.59156698263789
66.004925491 92.5915669826379
66.704359511 92.59156698263791
66.989171802 92.65895763980507
66.98978849 92.67149501147112
66.989946244 92.74300167389436
66.990287614 93.01685615018768
66.997996572 93.0791009253738
67.027681069 93.07910092537381
67.947380328 93.14649158254096
67.94798118 93.15902895420702
67.94813353 93.23053561663025
67.948445603 93.34130634475378
67.948865378 93.34130634475379
67.949083653 93.50439009292356
67.949505029 93.50439009292357
68.471663715 93.50439009292359
68.856762651 93.70880252826512
68.857376542 93.85858427043593
68.858929984 93.92967926047335
69.011829768 93.92967926047336
69.722971831 94.13409169581492
69.723592253 94.28387343798572
70.549289641 94.48828587332727
70.550795751 94.48852531046435
70.553701463 94.49709785465599
70.558765096 94.5297617621925
70.559059643 94.54518795912348
70.559782324 94.55787027225053
70.559900067 94.58183303065242
70.562213159 94.61617505460133
70.594264669 94.61617505460134
71.345193415 94.68356571176851
71.345548826 94.72465530419339
71.346198988 94.79738620546169
71.346442395 94.82082692707998
71.347961821 94.96281686556291
71.456382201 94.96281686556293
72.104423952 95.0302075227301
72.104783257 95.07129711515498
72.106946618 95.14402801642328
72.107167409 95.16746873804156
72.110042951 95.17604128223321
72.115648184 95.22413138670069
72.116342521 95.26077645822963
72.34851343 95.26077645822964
72.835348454 95.3281671153968
72.835693768 95.36925670782169
72.836318405 95.44198760908999
72.836543703 95.46542833070828
72.84288015999999 95.51326162650281
72.846195279 95.5136853029957
72.846285412 95.54719522802223
73.10156237 95.54719522802225
73.542180996 95.5745589751519
73.542429126 95.61028647949915
73.542496485 95.65567547761428
73.543136386 95.72840637888258
73.543368691 95.75184710050087
73.549152382 95.79968039629541
73.552107921 95.8001040727883
74.145806643 95.80010407278832
74.217781546 95.82746781991798
74.218007525 95.86319532426522
74.218070366 95.90858432238036
74.218692948 95.98131522364866
74.219787607 95.99870955037322
74.224529432 96.05258924106148
74.860721599 96.07995298819115
74.860962513 96.1156804925384
74.861026366 96.16106949065353
74.861635202 96.23380039192183
74.86272716 96.25119471864639
74.907550293 96.2511947186464
75.46890219 96.31858537581353
75.469221247 96.35967496823844
75.470105715 96.43240586950672
75.474443883 96.43903247252605
75.535097335 96.43903247252607
76.053804999 96.46639621965573
76.054008212 96.50212372400298
76.054080353 96.54751272211811
76.054656925 96.62024362338641
76.077956853 96.62024362338643
76.608255261 96.68763428055357
76.608576872 96.72872387297846
76.610515528 96.75941730786899
76.611298034 96.76727744719432
76.618133571 96.77167831464286
76.682307995 96.77167831464287
77.039525679 96.77167831464288
77.136558328 96.83906897181002
77.13685976 96.88015856423492
77.140149404 96.91085199912544
77.140878454 96.91871213845077
77.201853876 96.9187121384508
77.635926681 96.98610279561794
77.636222867 97.02719238804282
77.637885916 97.05788582293334
77.641751109 97.06525302836084
77.699229958 97.06525302836086
77.708883549 97.06525302836087
78.114247624 97.0785949839339
78.114457151 97.12834427983779
78.114512659 97.17373327795292
78.11614229 97.20442671284344
78.57028061 97.21776866841647
78.570672707 97.3129069624355
79.000896342 97.32624891800853
79.002512245 97.39654636480697
79.006955576 97.41031851952015
79.408354432 97.42366047509317
79.409652205 97.49395792189159
79.42546201 97.4939579218916
79.78822356 97.50729987746463
79.79075577 97.57730251226515
79.811991422 97.57730251226516
80.135214149 97.59064446783817
80.137548072 97.67405486938688
80.170445852 97.6740548693869
80.464758656 97.68739682495992
80.467679384 97.73552026447794
80.470479983 97.74144552655403
80.470571739 97.7428540777562
80.508191049 97.74285407775622
80.772780926 97.75619603332923
80.775844417 97.76123890394389
80.776855268 97.78471069289459
80.777724351 97.79557697457473
80.778379424 97.81024473492336
80.942206631 97.81024473492337
81.066160808 97.82358669049638
81.068911109 97.82862956111104
81.069886628 97.85210135006174
81.070986061 97.86296763174185
81.092935968 97.86296763174188
81.34082012 97.8763095873149
81.343406117 97.88135245792954
81.343442509 97.9133833956101
81.389773033 97.91338339561011
81.598124581 97.92672535118311
81.601429384 97.95524001074847
81.620752184 97.95524001074848
81.754850254 97.9552400107485
81.837983872 97.9685819663215
81.856551371 97.96858196632151
81.981864887 97.96858196632152
82.473179547 98.06049082231851
82.485544491 98.06049082231856
83.791189828 98.1128180517575
83.941260615 98.15374141868759
84.060911502 98.3089364593206
84.110152908 98.30893645932062
84.232708083 98.66046429706765
84.233526103 98.66046429706766
