0.000356006 55.068304596393
0.000461727 55.274779295460526
0.00068297 55.77827697477644
0.006954319 55.797096750563675
0.007642296 55.96886640250012
0.016145473 55.99899742999185
0.019444794 56.025833934307606
0.026207591 56.17925733248425
0.078922858 56.50349075532744
0.078972704 56.70996545439497
0.079135297 57.21346313371087
0.084097447 57.2322829094981
0.084643627 57.40405256143456
0.091297391 57.434183588926295
0.093892566 57.46102009324205
0.09919339 57.61444349141869
0.465410021 57.62890471506386
0.586666398 57.65342741211412
0.646957437 57.653427412114134
0.828602247 57.69015217120232
0.950655146 57.695377290502556
1.3091261539999999 57.7286897216704
1.42787886 57.72868972167041
1.5474901829999999 57.73169648525255
1.606685951 57.771297520639116
1.8449136400000001 57.78246882866079
1.903548776 57.782468828660804
2.083763101 57.80116764841839
2.144626655 57.80779457221164
2.267302776 57.81046696858309
2.5086610289999998 57.90045937360686
2.629408757 57.93059040109859
2.74910207 57.957426905414344
2.809644436 58.013557186802934
2.927529422 58.01355718680295
3.090556272 58.63110720359858
3.090635279 58.83758190266611
3.090862846 59.217744199632826
3.09104446 59.23182832168158
3.091948586 59.2318283216816
3.095777815 59.35989935776926
3.096338275 59.5316690097057
3.102875803 59.561800037197436
3.105417798 59.58863654151319
3.112051403 59.64476682290179
3.341948619 59.76489025541729
4.262391392 59.791726759733045
4.952077289 59.847857041121635
5.067124177 59.84785704112165
5.966636245 60.585530490432795
5.966697874 60.79200518950031
5.966902066 61.172167486467025
5.967066465 61.18625160851578
5.971725244 61.31432264460346
5.972245926 61.4860922965399
5.980980086 61.54305982834739
5.987482623 61.59919010973599
6.780748916 61.62602661405173
6.863128645 61.626026614051746
8.766538923 62.41983034475147
8.766611307 62.626305043818995
8.766957199 62.6786242816947
8.767001564 63.020551462834455
8.771593872 63.14862249892213
8.772100872 63.32039215085859
8.780752362 63.377359682666075
11.506196147 64.19799991768157
11.506267552 64.4044746167491
11.50658535 64.4567938546248
11.506625659000001 64.79872103576456
11.511078166 64.92679207185223
11.511597391 65.09856172378869
14.160886502 65.91920195880418
14.161206511 65.96074997084952
14.16274175 66.17799589574742
14.162778134 66.51992307688715
14.16354073 66.51992307688717
14.18278067 66.64799411297483
14.190551605 66.69060191194353
14.191279776 66.69060191194355
16.762029699 67.51124214695903
16.762358596 67.55279015900439
16.762426603 67.77003608390227
16.762462884 68.11196326504204
16.782551259 68.2400343011297
16.790676177 68.28264210009841
19.282755231 69.10328233511389
19.283081771 69.14483034715924
19.284710998 69.36207627205714
19.284855684 69.39512501998125
19.28495233 69.53108928251025
19.285061475 69.59657783285415
19.285167125 69.64196435467657
19.295098088 69.70197418505172
19.304296541 69.83207448928455
19.322078708 69.83508125286671
20.349715636 69.83508125286673
21.749261451 70.6557214878822
21.749610463 70.69726949992756
21.749683435 70.91451542482544
21.749852103 70.94756417274955
21.750021276 71.0118124896979
21.750078876 71.14901698562247
21.750187064 71.1944035074449
21.760117378 71.25441333782003
21.769370225 71.38451364205288
24.154853359 72.20515387706835
24.155167291 72.24670188911371
24.155246325 72.46394781401158
24.155389822 72.49699656193569
24.1555283 72.56124487888404
24.155582404 72.69844937480862
24.155683874 72.74383589663104
24.179602318 72.80384572700616
24.225150749 72.80384572700618
24.444786718 72.80384572700619
26.490198874 73.62448596202167
26.490509126 73.666033974067
26.490590134 73.88327989896489
26.490743031 73.916328646889
26.490884493 73.98057696383735
26.490937668 74.11778145976191
26.491034651 74.16316798158435
26.523321675 74.20042946222773
26.567973974 74.20042946222775
26.990783168 74.20042946222776
28.824940675 75.02106969724323
28.825266009 75.06261770928856
28.825335584 75.27986363418646
28.825643396 75.37716069905892
28.825701018 75.51436519498347
28.825797163 75.55975171680592
30.827250563 75.55975171680593
31.144203571 75.66511261405596
31.144370009 75.69314079377317
31.144454715 75.90595913302273
31.144722345 75.90836352045137
31.144823238 75.93150410329604
31.145081401 76.2600030130511
31.147254939 76.48785229213378
31.147282652 76.50781103686997
31.150203175 76.71388839169914
31.150307403 76.74838088695118
31.174187983 76.75768098805862
31.174417486 76.80783099799812
31.186849299 76.8308560981357
33.358410638 76.93621699538573
33.358550982 76.96424517510293
33.358620879 77.1770635143525
33.358827129 77.17946790178115
33.358922613 77.2026084846258
33.359131962 77.53110739438088
33.361132717 77.75895667346354
33.361161888 77.77891541819976
33.364001955 77.98499277302892
33.364099707 78.01948526828097
33.388275991 78.07893537932789
33.47145817 78.0789353793279
34.703980189 78.07893537932792
35.415444304 78.18429627657794
35.415554483 78.21232445629514
35.415618101 78.4251427955447
35.415805342 78.42754718297336
35.41589415 78.450687765818
35.416077954 78.7791866755731
35.417947074 79.00703595465576
35.420766691 79.23307205422114
35.420856692 79.26756454947318
35.621350927 79.26756454947319
35.843337554 79.2675645494732
37.399909031 79.37292544672323
37.400030846 79.40095362644043
37.400097383 79.61377196568999
37.400283435 79.61617635311865
37.400374758 79.6393169359633
37.400561877 79.96781584571839
37.402404687 80.19566512480105
37.405119962 80.42170122436643
37.425408614 80.44410909472381
37.655629121 80.44410909472384
39.315818014 80.5494699919739
39.31594264 80.57749817169108
39.316009415 80.79031651094064
39.316200633 80.79272089836931
39.316284164 80.81586148121394
39.316453433 81.14436039096904
39.318354484 81.37220967005169
39.321850216 81.48423565961377
39.32199265 81.48770293914839
39.342259759 81.49704570251083
39.342426368 81.59824576961708
41.202240544 81.70360666686713
41.202350282 81.73163484658431
41.202412338 81.94445318583388
41.202577195 81.94685757326252
41.20265006 81.96999815610718
41.202820882 82.29849706586228
41.204635811 82.52634634494495
41.208083185 82.63837233450701
41.208238221 82.64183961404166
43.019996459 82.74720051129168
43.020038574 82.94023243658012
43.020167754 82.98804703025843
43.020339748 82.9904514176871
43.020413054 83.01359200053176
43.020586109 83.34209091028683
43.022363215 83.5699401893695
43.025801934 83.68196617893159
44.769495762 83.78732707618161
44.769618529 83.81535525589882
44.77149048 84.02817359514836
44.77165454 84.03057798257703
44.771725654 84.05371856542169
44.771878876 84.38221747517676
44.773690652 84.4014493051576
44.773818757 84.41644257782102
44.789402073 84.47291895317784
44.79012303 84.56884450258718
44.801072125 84.57554048463683
45.653569151 84.57554048463686
46.481488326 84.68090138188687
46.481600369 84.70892956160407
46.481662274 84.92174790085362
46.481843711 84.92415228828227
46.48193358 84.94729287112693
46.482091586 85.27579178088202
46.483968152 85.29502361086287
46.484077656 85.31001688352626
46.499375093 85.36649325888308
46.500093296 85.46241880829244
46.505688881 85.46241880829245
46.634520153 85.46241880829247
46.913533482 85.46241880829248
48.12644198 85.5677797055425
48.126484092 85.76081163083093
48.126611263 85.80862622450925
48.126788644 85.81103061193792
48.127018123 86.16267010453767
48.128854225 86.1819019345185
48.128957953 86.19689520718191
48.143803899 86.25337158253872
48.144943503 86.34929713194808
48.337397883 86.34929713194809
48.668571191 86.3492971319481
49.718091659 86.45465802919813
49.718197825 86.48268620891531
49.718259254 86.69550454816488
49.718411243 86.69790893559355
49.7186452 87.04954842819328
49.720422819 87.06878025817412
49.720522186 87.08377353083753
49.742236212 87.21962598970879
49.899761116 87.21962598970882
51.25580271 87.32498688695884
51.255918456 87.35301506667602
51.255978477 87.56583340592559
51.256126947 87.56823779335426
51.256354931 87.91987728595399
51.258139577 87.93910911593483
51.258230493 87.95410238859824
52.043031449 87.95410238859827
52.757505363 88.0594632858483
52.75760802 88.08749146556549
52.757667083 88.30030980481506
52.757840543 88.30271419224371
52.758070363 88.65435368484346
52.787948934 88.65435368484347
54.219093489 88.66211205698099
54.219139111 88.99298734940024
54.219697329 89.05626086565286
54.227523666 89.13046160734868
54.227574342 89.19352581653314
54.227777206 89.21733141728879
54.242687518 89.25731755249117
54.672648195 89.25731755249119
55.649700363 89.26507592462869
55.649736386 89.59595121704795
55.650189042 89.65922473330056
55.657735486 89.7334254749964
55.657784018 89.79648968418086
55.664350854 89.80866851160656
56.578473258 89.80866851160658
57.036212243 90.14730217616332
57.036733189 90.14730217616335
57.037266718 90.15120503410543
57.039524866 90.16910492175796
57.04228278 90.2057167400458
57.044212895 90.28477643411176
57.044258344 90.34784064329622
57.044711073 90.34784064329625
58.034823847 90.34784064329627
58.035302837 90.34784064329628
58.372732672 90.68647430785302
58.373790132 90.69037716579513
58.37598981 90.70827705344766
58.378778223 90.7448888717355
58.380596363 90.82394856580146
58.380642706 90.88701277498592
58.389239483 90.89445364114292
58.407139343 90.89445364114295
59.651281244 90.90221201328046
59.651677531 91.0557835444969
59.651851066 91.23308730569973
59.652362314 91.23699016364182
59.654494368 91.25489005129434
59.65722122 91.29150186958219
59.661140519 91.32129291367595
59.66408795 91.33492043413338
59.664961252 91.37056156364817
59.666405703 91.43362577283261
59.774024249 91.43362577283263
60.837877982 91.43362577283264
60.873331946 91.44138414497014
60.87350879 91.46022353976025
60.873736833 91.5949556761866
60.874086677 91.64957820822464
60.874220998 91.66707918880184
60.874404347 91.7761622953315
60.879069587000004 91.83067400127187
60.882773953 91.86046504536564
60.885616398 91.87409256582306
60.887568979 91.98023877067928
61.256376902 91.98023877067929
62.009407655 91.9802387706793
62.04252208 91.98799714281681
62.042898218 92.14156867403327
62.044843478 92.1961912060713
62.044978521 92.2136921866485
62.046464828 92.21625408010408
62.047713329 92.27691968546421
62.050160319 92.27930281466843
62.0531163 92.40707804321231
62.056173923 92.42070556366973
62.735080273 92.42070556366974
63.179881652 92.42846393580723
63.179920167 92.5820354670237
63.180438966 92.65415897963894
63.182016432 92.65672087309451
63.18475041 92.71736978619688
63.185757647 92.71976960765886
63.188662931 92.84754483620276
64.281197801 92.85530320834027
64.281599608 93.00887473955672
64.281945305 93.06349727159477
64.282077402 93.08099825217197
64.283558924 93.08356014562753
64.284808356 93.14422575098766
64.287203762 93.14660888019188
64.293751037 93.18181470993925
64.294142397 93.19295075962638
64.29487963 93.26466809581918
64.316515597 93.26466809581919
65.332635168 93.2724264679567
65.332969461 93.42599799917315
65.333316245 93.4806205312112
65.333443915 93.49812151178841
65.335281379 93.50068340524396
65.336103306 93.56134901060409
65.33878544 93.56373213980831
65.344779599 93.59893796955569
65.345185402 93.6100740192428
65.345516937 93.61007401924282
65.348540121 93.64149570078331
65.353517795 93.68179135543562
66.355978264 93.68954972757314
66.356322808 93.84312125878958
66.356654411 93.89774379082763
66.356783431 93.91524477140483
66.359356569 93.97847227022052
66.367822892 94.01606122917211
66.368192154 94.02719727885925
66.855327144 94.02719727885926
67.356361477 94.03495565099676
67.356726915 94.1885271822132
67.358636399 94.24314971425126
67.358766798 94.26065069482847
67.361209339 94.32387819364415
67.369308012 94.36146715259575
67.369668166 94.37260320228286
67.51022936 94.37260320228287
67.524530635 94.37260320228289
68.306264975 94.3803615744204
68.306603195 94.53393310563685
68.306912295 94.5885556376749
68.307038796 94.60605661825208
68.309513785 94.66928411706776
68.317583573 94.70687307601936
68.702349812 94.70687307601938
68.978819915 94.70687307601939
69.229201439 94.71463144815691
69.229534565 94.86820297937335
69.229833488 94.9228255114114
69.229969417 94.94032649198859
69.233678375 95.00353729854653
69.610374515 95.00353729854655
69.868031388 95.00353729854656
70.094009025 95.01129567068408
70.094349131 95.16486720190052
70.094636652 95.21948973393857
70.094784666 95.23699071451576
70.104348728 95.28992337113827
70.109471518 95.35518476478335
70.921000132 95.36294313692086
70.921335941 95.46949208584802
70.921628251 95.57113720017536
70.921767318 95.58863818075254
70.931270231 95.64157083737506
70.947437794 95.64157083737507
71.105032581 95.64157083737508
71.714943668 95.64932920951257
71.715264236 95.75587815843976
71.71551598 95.85752327276707
71.715641544 95.87502425334428
72.096339428 95.8750242533443
72.324408252 95.87502425334431
72.477873255 95.88278262548181
72.47819758 95.98933157440895
72.480628343 96.07958325281669
72.482599175 96.0909766887363
72.486259721 96.09171193978685
72.48678646 96.1084776693135
72.510021115 96.10847766931352
72.888717548 96.10847766931353
73.207720708 96.11623604145102
73.208050803 96.22278499037817
73.208747494 96.31303666878591
73.214364415 96.32516535575606
73.29829333 96.32516535575607
73.627331544 96.32516535575608
73.8971728 96.44234049577136
73.898115542 96.5297243552285
74.29336424 96.52972435522851
74.555480837 96.64689949524377
74.558438733 96.66122127170429
74.558655315 96.73272159353748
74.584530163 96.73272159353749
74.69767455 96.7327215935375
75.189287751 96.84989673355277
75.192642728 96.92438986914225
75.200087531 96.93010297126774
75.249635782 96.93010297126776
75.791966849 97.04727811128303
76.174615717 97.04727811128305
76.371957345 97.064013630955
76.371993132 97.07824388580673
76.372225695 97.093090953757
76.372404463 97.12944092787968
76.375134302 97.13311207047035
76.377127077 97.13421809429373
76.748855861 97.13421809429374
76.9296935 97.15095361396571
76.929724452 97.16518386881744
76.929932948 97.1800309367677
76.930120435 97.21638091089038
76.932835422 97.22005205348104
77.220514146 97.22005205348106
77.464391511 97.23106586899145
77.465461593 97.23494586058506
77.468065999 97.30119847826175
77.4985694 97.30119847826177
77.80448333 97.30119847826178
77.975844973 97.31793399793372
77.975875492 97.33216425278545
77.976076122 97.34701132073573
78.423951059 97.34701132073575
78.452708946 97.38944636346645
78.46237854 97.38944636346648
78.644165793 97.38944636346649
78.907721916 97.39769127719879
78.911763145 97.4112670225791
78.912035622 97.4158225625539
78.9639843 97.41582256255391
79.339655345 97.42406747628621
79.34403632 97.43706823182785
79.344630361 97.44075966155381
79.352702587 97.44075966155383
79.401147386 97.44075966155384
79.55527658 97.44075966155386
79.748825609 97.48141733443123
79.810791143 97.48141733443124
80.130309669 97.5354601795671
80.18596512 97.53546017956711
80.351169627 97.53546017956712
80.474960776 97.61391628954686
80.552825592 97.61391628954688
80.800948074 97.63516195882079
80.825839588 97.6351619588208
80.83836925 97.63516195882083
81.108707154 97.65392108339377
81.22392816 97.65392108339378
81.397066904 97.65654344458605
81.397283192 97.73589860730058
81.402869141 97.73589860730061
81.668588605 97.73852096849286
81.699743668 97.73852096849289
81.923655945 97.74114379403184
82.785408322 97.97634157313382
82.822582108 97.97634157313384
83.292132009 98.1597024145733
83.292795649 98.16985313606244
83.310376968 98.16985313606246
84.088469197 98.29690218911071
84.23730393 98.39615334769681
84.251211237 98.39615334769682
84.453466665 98.48971379444895
84.484386287 98.48971379444896
84.625948943 98.5245037991202
84.655382397 98.64990757687059
