0.000353762 45.88490283379666
0.000421508 46.378941047947734
0.000618593 46.78072583409265
0.000920621 46.807801399948104
0.000949845 47.042509284818166
0.002107465 47.22699744227431
0.002429453 47.282508735446086
0.002516216 47.4952070737974
0.003041887 47.613621578774385
0.015744095 47.6719778000774
0.030891891 47.877721444620974
0.079373794 47.94984302679772
0.079526066 48.35162781294264
0.079765728 48.37870337879809
0.079790468 48.613411263668155
0.080688771 48.797899421124285
0.080946883 48.853410714296075
0.081422928 49.184523557624374
0.091425651 49.24287977892739
0.103459984 49.44862342347096
0.346336669 49.46929147222788
0.362733522 49.469291472227894
0.406745373 49.4977222474529
0.422918196 49.49772224745291
0.542707574 49.49772224745293
0.647065779 49.49979008699982
0.707717659 49.49979008699984
0.767520235 49.50118315186339
0.784066069 49.5011831518634
0.947344115 49.51307914281355
0.96375728 49.51307914281357
1.141048209 49.52332105582737
1.245049113 49.52332105582738
1.36746289 49.55428789777062
1.488048931 49.557433719677434
1.607813443 49.55743371967745
1.728009001 49.55814630830284
1.9098114019999999 49.55814630830285
1.968604912 49.56972647654139
2.02926796 49.57621027916802
2.2647562629999998 49.59482918193895
2.382912911 49.59482918193896
2.5618444 49.60892097831858
2.7409283589999998 49.608920978318594
2.800643945 49.64891753598275
2.920190178 49.69820914824521
3.07909965 49.963598390720236
3.079278015 50.36538317686514
3.079532581 50.39245874272059
3.079556492 50.627166627590654
3.080391896 50.62716662759066
3.080490306 50.8116547850468
3.0807538389999998 50.86716607821859
3.08082001 51.079864416569905
3.082040459 51.11405161979353
3.090893638 51.2566351428499
3.103959996 51.29331801648601
3.104925902 51.30740981286564
3.105296999 51.3474063705298
3.105699642 51.396697982792276
5.960981595 51.76750518123255
5.961170968 52.16928996737748
5.961432856 52.196365533232935
5.961459673 52.43107341810298
5.962306532 52.43107341810299
5.962403351 52.61556157555913
5.962673177 52.67107286873092
5.962740265 52.88377120708223
5.96316781 53.002185712059216
5.972676671 53.06054193336223
5.993661379 53.078605904227416
6.065854441 53.07860590422743
7.798675292 53.08870301471269
7.870127818 53.088703014712706
8.780978877 53.46599401577963
8.781162604 53.867778801924544
8.78142508 53.89485436778
8.781450779 54.12956225265006
8.782349449 54.314050410106205
8.782618057 54.36956170327798
8.782684809 54.5822600416293
8.792476642 54.759030767909294
8.817978231 54.77061093614783
8.928324172 54.77061093614785
11.533829986 55.15651598994678
11.534235983 55.40255899291351
11.534304953 55.58537634194717
11.53432954 55.82008422681723
11.53522524 56.00457238427336
11.53547996 56.06008367744515
11.535543581 56.272782015796466
11.556963851 56.39258958563701
11.564870514 56.41472748960099
11.585240489 56.44955274207646
12.72058889 56.45103579982971
12.72135978 56.451035799829725
13.1368578 56.45103579982974
14.213235924 56.83842391138192
14.213418495 57.24020869752685
14.213675388 57.26728426338231
14.213700934 57.50199214825237
14.214566387 57.686480305708514
14.214833944 57.74199159888029
14.214904328 57.954689937231606
14.224420221 58.131460663511604
14.333420486 58.13146066351162
16.829652698 58.5188487750638
16.829946333 58.905859839486
16.830123422 58.947709127064186
16.830150887 59.182417011934234
16.830927881 59.18241701193424
16.83102501 59.36690516939038
16.831288995 59.42241646256217
16.831356929000002 59.635114800913485
16.850897138 59.662559939896326
16.851588332 59.66255993989634
16.851639566 59.777060274718025
19.362812135 60.16444838627022
19.36318273 60.41049138923695
19.364721805 60.59330873827059
19.36474629 60.828016623140655
19.365468498 60.82801662314066
19.365564828 61.0125047805968
19.365820237 61.068016073768575
19.365881789 61.28071441211989
19.386757188 61.40052198196045
20.785821654 61.400521981960466
21.834195496 61.78791009351265
21.834563607 62.03395309647938
21.834628565 62.216770445513035
21.834653341 62.4514783303831
21.835473092 62.63596648783924
21.835733616 62.69147778101102
21.835800268 62.90417611936233
21.856273703 62.95557304184787
21.859424758 62.971423960810455
21.862001307 62.99209200956737
21.958460455 62.992092009567386
24.250205236 63.37948012111957
24.250578689 63.6255231240863
24.2506471 63.808340473119955
24.250672195 64.04304835799
24.251481639 64.22753651544615
24.251744753 64.28304780861794
24.251813636 64.49574614696925
24.271249581 64.54714306945478
24.274291183 64.56299398841738
25.444596606 64.56299398841739
26.58872244 64.95038209996959
26.589092003 65.1964251029363
26.589164741 65.37924245196996
26.589190689 65.61395033684002
26.590013461 65.79843849429616
26.590275808 65.85394978746795
26.591321155 65.93214163208239
26.603812784 66.05748591892872
28.871497513 66.44487403048092
28.871903319 66.69091703344765
28.871959947 66.87373438248129
28.871984539 67.10844226735134
28.872781563 67.29293042480748
28.873048777 67.34844171797926
28.874778316 67.4266335625937
28.890383025 67.48193597162494
30.165627747 67.48193597162495
31.088755857 67.86932408317713
31.089141413 68.2981844351775
31.08916948 68.53289232004757
31.089918103 68.7173804775037
31.090574626 68.73557756399207
31.090873021 68.77289177067549
31.091193635 68.85108361528992
31.117899552 68.87064792039655
31.131851693 68.90638602432116
33.226997948 69.29377413587335
33.227409874 69.72263448787373
33.227440072 69.95734237274378
33.228198179 70.14183053019993
33.228452491 70.19734182337172
33.229426384 70.27553366798615
33.242110465 70.27553366798617
33.247305694 70.2897216833254
33.289574445 70.28972168332541
33.456547074 70.28972168332542
35.331213409 70.67710979487761
35.331626219 71.105970146878
35.331653923 71.34067803174806
35.332403065 71.52516618920419
35.333127538 71.5251661892042
35.333812138 71.53371177724249
35.334082278 71.55629682592951
35.33433314 71.65886932699043
37.429565695 72.04625743854263
37.429936801 72.475117790543
37.429966031 72.70982567541306
37.430700136 72.8943138328692
37.432031534 72.90285942090749
37.432291952 72.92544446959451
37.50252965 72.92544446959452
39.403653268 73.26283867862834
39.403977462 73.74169293314709
39.404004807 73.97640081801715
39.404716744 74.1608889754733
39.442855852 74.16088897547331
41.277457253 74.97713743902588
41.277508634 75.21184532389594
41.280643883 75.21696543431058
41.281216574 75.2169654343106
41.288040069 75.28793484871149
41.297515504 75.30836428323268
41.297771355 75.34904200910258
41.300388683 75.38715761458201
41.310992444 75.39633348135209
43.091732158 76.21258194490464
43.091790978 76.4472898297747
43.094568645 76.45240994018934
43.095124514 76.45240994018936
43.102654337 76.52337935459025
43.111838457 76.54380878911144
43.114684681 76.62260212046075
43.149864608 76.62260212046078
43.602706597 76.6226021204608
44.839346533 77.43885058401334
44.839943095 77.43885058401335
44.839969563 77.6735584688834
44.842184236 77.67867857929805
44.849896198 77.74964799369894
44.850441791 77.74964799369896
44.864830321 77.83474607304706
45.070366039 77.83474607304707
46.542167649 78.65099453659965
46.54280811 78.8857024214697
46.54497824 78.89082253188435
46.552850138 78.96179194628525
46.553359956 78.96179194628526
47.844202267 78.96179194628527
48.201053264 79.06806216553625
48.201094625 80.01274829470789
48.204244367 80.01786840512254
48.211016157 80.08883781952345
49.051386284 80.08883781952346
49.79304579 80.19510803877442
49.793288663 81.13979416794608
49.813472184 81.155648273928
49.91051792 81.15564827392801
51.172575377 81.15564827392802
51.336925066 81.261918493179
51.337157349 81.31128964253371
51.337183107 81.56299378531625
51.337388758 81.76236732840742
51.338828712 81.81099336469902
51.339390745 81.81099336469903
51.339902597 81.97799932681384
51.343655551 82.11100464240157
51.345621865 82.12151563033441
51.677254965 82.12151563033443
51.923934666 82.12151563033444
52.838112115 82.22778584958543
52.838387443 82.52886114172267
52.838630878000004 82.72823468481386
52.839886645 82.95010147456625
52.845443834 83.07687199880799
52.847790091 83.08738298674083
52.915877362 83.08738298674085
54.291347238 83.19365320599182
54.291596156 83.49472849812908
54.29180925 83.69410204122026
54.29317176 83.74272807751186
54.29423227 83.90973403962667
54.298462039 84.0427393552144
54.326821539 84.04273935521441
54.783089742 84.04273935521442
55.723531149 84.1490095744654
55.723812478 84.19838072382011
55.723839656 84.45008486660265
55.724073492 84.64945840969382
55.725217248999996 84.87132519944622
55.730659487 84.98636432277195
57.087576747 85.09263454202292
57.087798626 85.09263454202294
57.087825509 85.14200569137763
57.087848381 85.39370983416019
57.088058257 85.59308337725136
57.090116023 85.60256366310314
57.090388518 85.80871537565778
57.096015989 85.90989027030811
57.350743986 85.90989027030813
58.416357466 86.0161604895591
58.416585567 86.01616048955911
58.416611172 86.06553163891381
58.416632921 86.31723578169635
58.416845972 86.51660932478754
58.418805318 86.52608961063932
58.419071323 86.73224132319396
58.437704249 86.76662869324694
59.700044277 86.87289891249792
59.700292861 87.17397420463517
59.70349143 87.3717629356133
59.7040403 87.38282803357812
59.713076828 87.3976508548742
59.715402042 87.42197378401794
59.765483465 87.42197378401795
60.587349474 87.42197378401796
60.933824721 87.52824400326894
60.934060919 87.57761515262365
60.934089983 87.8293192954062
60.935625278 88.02710802638433
60.936170005 88.03817312434914
60.944991209 88.05299594564522
60.951658881 88.06541223517965
60.955355067 88.06541223517966
62.091408475 88.06541223517968
62.122528951 88.17168245443064
62.122763739 88.17168245443067
62.122791255 88.22105360378536
62.122921289 88.24933338118451
62.123230476 88.4727577465679
62.124381023 88.67054647754604
62.124908186 88.68161157551084
62.125399926 88.68161157551086
62.133092221 88.69643439680694
62.134068741 88.69643439680695
63.231607944 88.69643439680696
63.26785949 88.80270461605792
63.26806794 88.80270461605794
63.268104555 89.10377990819518
63.269599728 89.30156863917333
63.270586628 89.31263373713811
63.290350896 89.3274565584342
63.390668043 89.32745655843422
64.386875472 89.4337267776852
64.387121584 89.73480206982245
64.389009695 89.90901430832687
64.389556919 89.90901430832689
64.396452962 89.92926301431203
64.403904788 89.93259080080058
64.410409877 89.9325908008006
65.442029167 90.03886102005157
65.442255691 90.0882321694063
65.442281284 90.33993631218883
65.444003617 90.3677453906921
65.444282418 90.51414855069325
65.444808694 90.51414855069326
65.450940867 90.5343972566784
65.673058654 90.53439725667842
66.454230898 90.64066747592938
66.454531922 90.69003862528407
66.454588486 90.71831840268325
66.454842324 90.94174276806663
66.456243995 91.11595500657108
66.752266638 91.1159550065711
67.450413339 91.22222522582206
67.450618775 91.27159637517678
67.450727304 91.29987615257593
67.450997328 91.52330051795931
67.452163179 91.55110959646258
67.452392735 91.69751275646374
67.550096731 91.69751275646377
68.393198175 91.80378297571474
68.393482407 91.85315412506944
68.393540217 91.88143390246861
68.393794007 92.104858267852
68.394971514 92.13266734635526
68.397333411 92.16002119418901
68.397378563 92.2324479822723
68.406026349 92.26409872223691
68.411174477 92.26409872223692
68.478693401 92.26409872223694
69.111896007 92.26409872223695
69.293534534 92.37036894148792
69.293763783 92.67144423362515
69.297075768 92.67653646967187
69.297530453 92.79903394804549
69.349989907 92.7990339480455
69.976006402 92.79903394804552
70.167585733 92.90530416729648
70.167846181 92.9546753166512
70.167890543 92.98295509405035
70.168105815 93.20637945943373
70.285888333 93.20637945943375
70.470353048 93.20637945943376
71.007099686 93.38336329652147
71.008276544 93.46194812621404
71.010144165 93.54552850206373
71.012615629 93.55089125287384
71.021215151 93.55903677578279
71.132999555 93.5590367757828
71.799429852 93.66530699503377
71.799642908 93.71467814438847
71.799750603 93.74295792178765
71.800552316 93.80607731756938
71.802281293 93.8981858184128
71.804705935 93.90354856922288
71.813494198 93.91455520363156
71.906919666 93.91455520363158
72.561206782 94.02082542288255
72.561435451 94.07019657223725
72.561550361 94.09847634963643
72.561991318 94.16159574541814
72.563934031 94.25370424626158
72.565978249 94.25906699707164
72.581606474 94.25906699707166
73.046298746 94.25906699707167
73.287535845 94.36533721632264
73.287743328 94.41470836567734
73.287851766 94.44298814307652
73.290198129 94.59821603970167
73.984543725 94.70448625895264
73.984822079 94.75385740830734
73.984868385 94.78213718570652
73.98957215 94.81921274730217
73.989896874 94.8192127473022
73.990785134 94.86277830795564
73.992895071 94.90885088276704
74.044437463 94.90885088276706
74.652872782 95.01512110201801
74.653058669 95.01512110201804
74.653081805 95.06449225137274
74.653179014 95.09277202877189
74.65716989 95.12984759036758
74.660123075 95.17341315102101
75.070451862 95.17341315102102
75.295912897 95.27968337027198
75.296165449 95.32905451962668
75.296206685 95.35733429702586
75.297970191 95.36583363870068
75.302005261 95.3658336387007
75.306000808 95.3729962598799
75.306392224 95.42531655789656
75.404353541 95.42531655789658
75.681612082 95.4253165578966
75.899703871 95.53158677714754
75.899894077 95.53158677714757
75.899918464 95.58095792650226
75.899983087 95.7336202197543
76.084242786 95.73362021975431
76.488371695 95.76003208059385
76.488480896 95.83224916997281
76.48975952 95.926040707434
76.497132064 95.93320332861319
76.520300908 95.93320332861322
76.844823642 95.93320332861323
77.045581947 95.95961518945273
77.045680226 96.0318322788317
77.046223696 96.0981063507925
77.04694801 96.12562381629289
77.073165866 96.12562381629292
77.184314429 96.12562381629293
77.571010455 96.30260765338063
77.579524952 96.30761749568397
77.843454871 96.30761749568398
77.955602161 96.307617495684
78.080925167 96.33402935652352
78.081327261 96.3618297019839
78.081939265 96.38436531164105
78.082505286 96.48460133277169
78.087462262 96.4862783205415
78.100078121 96.48627832054152
78.202398983 96.48627832054153
78.454928926 96.48627832054154
78.560434626 96.51269018138105
78.560704299 96.51269018138106
78.560840476 96.54049052684145
78.56139801 96.56302613649858
78.5619404 96.66326215762925
78.599330688 96.66326215762926
78.929151044 96.66326215762928
79.011384011 96.68967401846878
79.011637042 96.68967401846879
79.011883846 96.74543712467711
79.011958549 96.82816517980855
79.014574826 96.83596141902447
79.066940424 96.83596141902449
79.31357993 96.8359614190245
79.38930724 96.83596141902451
79.43798188 96.862373279864
79.438225633 96.86237327986402
79.438360165 96.89017362532441
79.438885551 96.91270923498156
79.442496925 96.9456278685022
79.443336433 96.96184291012538
79.44518982 97.00086444120377
79.471867 97.00086444120379
79.496346276 97.00086444120382
79.842564066 97.02727630204332
79.842840669 97.02727630204333
79.842976103 97.05507664750372
79.84349923 97.07761225716088
79.84511249 97.15015901710423
79.858776377 97.15015901710426
79.905150373 97.15015901710427
79.989311822 97.15015901710429
80.227638686 97.1765708779438
80.227873426 97.17657087794382
80.228196216 97.1867829029306
80.228598725 97.22690683306134
80.231055747 97.259825466582
80.233350152 97.27604050820518
80.421466283 97.2760405082052
80.577506536 97.30245236904472
80.577709073 97.30245236904473
80.577958625 97.31266439403149
80.578297076 97.35278832416225
80.581119418 97.38570695768291
80.626732427 97.38570695768293
80.828384621 97.38570695768294
80.904176701 97.41211881852244
80.904392312 97.41211881852246
80.904619568 97.42233084350924
80.904964281 97.46245477363998
81.035954715 97.46245477363999
81.073159014 97.46245477364
81.215966434 97.48886663447952
81.216161892 97.48886663447954
81.216382654 97.49907865946632
81.219812901 97.5166669799399
81.220967794 97.5328204688938
81.262289496 97.53282046889382
81.508458084 97.55923232973333
81.508640197 97.55923232973335
81.510648222 97.5694443547201
81.511967559 97.67512747949044
81.600521042 97.67512747949046
81.786041494 97.70153934032999
81.786227623 97.70153934033
81.786448193 97.71175136531676
81.787447704 97.81303199071493
82.040980122 97.83944385155445
82.041135903 97.83944385155446
82.041372579 97.84965587654122
82.056149324 97.84965587654123
82.210334934 97.84965587654125
82.283388594 97.87606773738077
82.283535285 97.87606773738078
82.285226586 97.87710393491588
82.298307007 97.8771039349159
82.442937268 97.87710393491591
82.510517573 97.90351579575544
82.52387351 97.90351579575545
82.722386692 97.929927656595
82.723674963 98.03655024275406
82.726935922 98.03655024275409
82.91538744100001 98.0629621035936
82.929488719 98.06296210359362
82.950184801 98.06296210359363
83.099000419 98.07211721710712
83.101241918 98.07783041228646
83.110830878 98.07783041228647
83.185963192 98.07783041228649
83.269684976 98.08698552579995
83.271093487 98.10692293991684
83.429675376 98.10692293991687
83.431619847 98.11607805343033
83.441389117 98.11607805343036
83.715751893 98.21803820167528
83.718381085 98.21803820167531
