0.000359248 52.37797504510361
0.000477133 52.983017618864544
0.000505668 53.03465983484547
0.000850329 53.12194677847407
0.000974679 53.314830260158814
0.001226647 53.41331165782326
0.00214846 53.85483407510039
0.002180397 53.86067100328334
0.0038676 53.92860272707806
0.004753138 53.98083387456816
0.009902403 54.05848032971287
0.010049089 54.134830562170194
0.01156892 54.187634162911316
0.046227675 54.27379057829813
0.067403818 54.27379057829814
0.078852301 54.54514143311898
0.078881169 54.596783649099905
0.079154316 54.6840705927285
0.079251356 54.87695407441325
0.079457352 54.9754354720777
0.080200596 55.41695788935483
0.080228275 55.422794817537785
0.081595266 55.490726541332506
0.082298852 55.54295768882261
0.086323535 55.62060414396732
0.086446554 55.696954376424635
0.087645358 55.749757977165764
0.11548463 55.83591439255258
0.176060761 55.83786254472285
0.600442438 55.85565052359862
0.660907308 55.856337381274976
0.798143242 55.86278094954339
0.842259366 55.8627809495434
0.902658752 55.86661785267704
1.142020194 55.87440259041837
1.260827972 55.876898629659046
1.321442006 55.87689862965905
1.503265214 55.885834138372466
1.640843659 55.88967855620299
1.7442380800000001 55.902120283355735
1.865683523 55.92504253627316
1.984514786 55.93967290852933
2.001028713 55.93967290852934
2.044950259 55.939672908529346
2.104499667 55.94296808513435
2.163317103 55.94296808513436
2.465033696 55.98925177593023
2.587046414 55.99577168587548
2.887557934 56.0320711912446
2.904485061 56.032071191244604
3.097426299 56.46327933938835
3.097461786 56.51492155536928
3.097744938 56.602208498997875
3.097843033 56.79509198068262
3.098055199 56.89357337834707
3.098810639 57.34093272380715
3.099653104 57.34093272380716
3.100150207 57.40886444760187
3.100811852 57.46109559509198
3.104923192 57.50998674228251
3.105491453 57.538742050236685
3.105609023 57.61509228269401
3.111800618 57.647871820778505
3.131690029 57.75405229882195
5.967627086 58.264896952407256
5.967673189 58.31653916838819
5.967977373 58.40382611201678
5.968916632 58.596709593701526
5.969005211 58.63392882636362
5.969048755 59.13671340864311
5.969073018 59.14255033682606
5.970378932 59.21048206062078
5.971036204 59.26271320811088
5.974862795 59.34035966325559
5.974978443 59.41670989571291
5.976101931 59.469513496454034
6.314448849 59.47603340639928
8.761029265 59.9868780599846
8.761076136 60.038520275965524
8.76137002 60.125807219594115
8.762266612 60.31869070127886
8.7623539 60.35590993394096
8.76241003 60.86453144440339
8.763211337 60.8645314444034
8.76371999 60.93246316819811
8.764385444 60.984694315688216
8.76834123 61.03358546287874
8.768979363 61.13869100329024
8.812251429 61.13869100329025
8.867822643 61.138691003290255
11.501343094 61.644649927904865
11.501396585 61.69629214388579
11.50169242 61.78357908751439
11.502608634 61.97646256919913
11.502696068 62.01368180186123
11.502822925 62.13232943422154
11.502863471 62.174982288679075
11.503256945 62.2392939240811
11.503376802 62.23941359680206
11.503596551 62.522303312323665
11.504087965 62.590235036118386
11.504728806 62.642466183608484
11.508635116 62.691357330799015
11.515868088 62.73039341573521
11.516155096 62.75561506943189
11.546612046 62.7556150694319
12.848443054 62.755615069431904
13.543624571 62.767020708347836
13.894796 62.76702070834784
13.948924671 62.76702070834785
14.171362625 63.27297963296246
14.171402152 63.32462184894339
14.171688235 63.411908792571985
14.171792929 63.604792274256724
14.172651532 63.64201150691883
14.172771963 63.760659139279134
14.172814049 63.80331199373668
14.173200138 63.867623629138706
14.173319239 63.86774330185966
14.173560471 64.15063301738125
14.174024511 64.21856474117598
14.174663235 64.27079588866607
14.178484514 64.3196870358566
14.18559979 64.3587231207928
15.550995055 64.37012875970873
15.637623629 64.37012875970875
16.756548413 64.87608768432337
16.756591723 64.9277299003043
16.756877837 65.0150168439329
16.756980856 65.20790032561763
16.757846583 65.24511955827973
16.758000692 65.40642004509758
16.758388762 65.47073168049961
16.758508114 65.47085135322057
16.758752307 65.75374106874217
16.759202838 65.82167279253689
16.759849035 65.87390394002699
16.763596855 65.92279508721752
16.787892214 65.94771349203805
16.889471215 65.959119130954
18.882873418 65.95911913095401
19.295866262 66.46507805556861
19.29590993 66.51672027154954
19.296191648 66.60400721517814
19.29713795 66.83410992952497
19.297291996 66.99541041634282
19.297672697 67.05972205174484
19.297795073 67.0598417244658
19.298021429 67.3427314399874
19.298477904 67.41066316378212
19.299081473 67.46289431127222
19.30286125 67.51178545846275
19.352367747 67.51178545846277
19.412621637 67.52124294520841
19.419178357 67.52319109737869
19.44096684 67.5231910973787
21.587835227 67.52319109737871
21.763980146 68.04055566090926
21.764280815 68.1794848205188
21.765151059 68.40958753486564
21.76520716 68.91820904532807
21.766409216 68.98614076912278
21.767034347 69.03837191661289
21.781099411 69.08531491163315
24.173598737 69.6026794751637
24.173936136 69.74160863477323
24.174826961 69.97171134912007
24.174881471 70.4803328595825
24.176089277 70.54826458337722
24.176709284 70.60049573086732
25.208738083 70.60049573086734
26.501754289 71.11786029439787
26.50209762 71.2567894540074
26.50299075 71.48689216835425
26.503045935 71.99551367881668
26.503803039 71.99551367881669
26.510474072 71.99713372017717
26.514345136 72.10871205825578
26.603934395 72.10871205825579
28.75833068 72.62607662178634
28.758664225 72.76500578139587
28.759502934 72.9951084957427
28.759556957 73.50373000620515
28.766557454 73.50535004756563
28.791450597 73.55440656197167
28.923734333 73.55440656197169
29.063078793 73.5544065619717
31.024983153 74.07177112550224
31.025296841 74.21070028511177
31.02613208 74.44080299945861
31.026187552 74.94942450992104
31.026892123 74.94942450992106
31.033058314 74.95104455128154
31.469042766 74.95104455128156
33.244531622 75.46840911481212
33.245493872 75.60733827442164
33.24564441 75.83744098876848
33.245815035 75.99874147558633
33.246430754 76.34606249923091
33.282584114 76.34606249923092
33.284084583 76.34768254059139
33.744369714 76.3476825405914
35.33596792 76.86504710412196
35.337084818 77.00318358806823
35.33711406 77.23407897807833
35.337279283 77.39537946489617
35.337976391 77.39537946489618
35.346285322 77.44849734504568
35.350253619 77.50202877231486
35.351093168 77.56273414223448
35.511012915 77.56273414223449
37.340360358 78.08009870576505
37.341407321 78.21823518971132
37.341435284 78.44913057972141
37.341590473 78.61043106653926
37.35632457 78.76736473948178
37.511485899 78.76736473948179
39.274093657 79.28472930301236
39.275112038 79.42286578695862
39.275140116 79.65376117696871
39.275296435 79.81506166378657
39.292218713 79.88400283771172
40.51733909 79.88400283771173
41.140913916 80.40136740124227
41.141929994 80.53950388518854
41.141959114 80.77039927519863
41.142112797 80.93169976201648
41.142771979 80.93169976201649
41.159813322 80.9748028986491
41.197081798 80.97480289864912
41.816854889 80.97480289864913
42.965710832 81.49216746217968
42.966415552 81.4921674621797
42.967929228 81.63030394612595
42.96795807 81.86119933613605
42.968110863 82.0224998229539
44.0261846 82.02249982295392
44.73250529 82.53986438648447
44.733207663 82.53986438648448
44.733536802 82.67800087043074
44.733564431 82.90889626044084
44.733949662 82.9860391075387
44.734359726 83.07019674725869
46.427727293 83.58756131078923
46.428396986 83.58756131078924
46.430135699 83.59959594189162
46.431955005 83.84019437382646
46.432195115 83.95557515320243
46.43268721 84.1008943739589
46.44199584 84.11309339721184
46.451013532 84.11669346237797
46.484298268 84.11669346237798
46.508212714 84.116693462378
48.073357116 84.63405802590853
48.074056823 84.63405802590854
48.076919938 84.64609265701093
48.078678875 84.88669108894575
48.078910631 85.00207186832172
48.079397308 85.1473910890782
48.088565147 85.15959011233114
48.168269501 85.15959011233116
49.662414455 85.6769546758617
49.663025368 85.67695467586171
49.666424516 85.92958773889892
49.666667804 86.0449685182749
49.671594901 86.14338474606689
49.703181434 86.1433847460669
50.461264917 86.14338474606691
51.199182506 86.66074930959746
51.203741233 86.6692588651392
51.203848345 86.67416594199983
51.203894407 87.02876315201067
51.218161828 87.05163443978687
51.816095843 87.05163443978688
52.68779615 87.56899900331742
52.692380253 87.57750855885917
52.692496964 87.5824156357198
52.692542711 87.93701284573062
52.838376753 87.93701284573064
53.829404314 87.93701284573065
54.138478845 88.45437740926118
54.142994528 88.46288696480293
54.143091708 88.46779404166357
54.145644322 88.53455832247997
54.14605028 88.53455832247998
54.153486812 88.64196485254402
54.209257873 88.64196485254404
55.436111787 88.64196485254405
55.535249798 89.15932941607458
55.539128489 89.17274604847697
55.542201758 89.2395103292934
55.553947328 89.24889051541335
55.558333222 89.27316535511804
55.775946481 89.27316535511805
56.500613727 89.27316535511807
56.893857664 89.7905299186486
56.897795581 89.80394655105098
56.900833746 89.8707108318674
57.16620874 89.87071083186741
58.216246554 89.87071083186743
58.217996443 90.38807539539798
58.221763549 90.40149202780034
58.23563809 90.4656394163863
58.23785673 90.46825630861677
59.485297573 90.98562087214731
59.489055302 90.99903750454968
59.501740638 91.06318489313563
59.673605132 91.06318489313564
59.995479915 91.06318489313566
60.708672885 91.09107030739843
60.70880901 91.09804720721557
60.708832411 91.10769576640303
60.708989134 91.5805494566662
60.713177306 91.59396608906857
61.352669916 91.59396608906859
61.876372019 91.5939660890686
61.896913443 91.62185150333136
61.897043512 91.6288284031485
61.897067522 91.63847696233596
61.897509061 91.69498721076994
61.898470057 91.73233772373304
61.899184823 91.80085687707059
61.899756819 91.89685870625708
61.900229058 91.89685870625709
61.905493058 91.95368515243759
61.90766751 92.01479939209042
61.910053099 92.08010382411283
61.913434212 92.11582377826147
61.936136725 92.11582377826149
62.658351772 92.1158237782615
63.022637315 92.11582377826151
63.030288917 92.14370919252428
63.030413138 92.15068609234142
63.030826954 92.21684489996285
63.03132903 92.21684489996287
63.032151793 92.25419541292597
63.032849897 92.32271456626351
63.03301376 92.41871639545
63.038401137 92.4755428416305
63.040982354 92.53665708128334
63.04380946 92.60196151330574
63.06665486 92.60196151330575
64.01802256 92.60196151330577
64.137595418 92.62984692756854
64.137721931 92.63682382738568
64.138123111 92.70298263500712
64.139416086 92.74033314797023
64.140101027 92.80885230130777
64.140260952 92.90485413049427
64.145541969 92.95267190489604
64.148006637 93.0227948163276
64.152970559 93.07575978232829
65.098366245 93.0757597823283
65.190440407 93.10364519659109
65.19057287 93.11062209640822
65.190953378 93.17678090402967
65.193029139 93.3786523995168
65.19346286 93.37865239951681
65.198300557 93.42647017391857
65.200736731 93.49659308535014
65.842383464 93.49659308535016
66.223363492 93.52447849961294
66.22350119 93.53145539943007
66.223870235 93.59761420705152
66.225899554 93.79948570253866
66.231106132 93.84031581792466
66.233889214 93.87029376325607
66.273774307 93.87029376325609
67.231218549 93.89817917751887
67.231336053 93.905156077336
67.231382125 94.00526570812696
67.23388349 94.03752479541956
67.233958949 94.05719734873364
67.234159267 94.17318638044459
67.238809944 94.21401649583059
67.613326003 94.2140164958306
68.200755907 94.34898844070148
68.20338445 94.38124752799408
68.203465358 94.40092008130814
68.203635242 94.5169091130191
68.239922619 94.51690911301912
69.101674705 94.5447945272819
69.101806343 94.55177142709906
69.101848045 94.65188105789
69.104127986 94.6955819370818
69.109380134 94.72638344615856
69.111283509 94.75762246727562
69.11256973 94.81743728741323
69.68167648 94.81743728741324
69.967939073 94.83400435777499
69.967984966 94.85229960149316
69.968034782 94.95240923228411
69.970377597 95.00434087289078
69.975284545 95.02691162055268
69.977194463 95.05815064166973
69.983176717 95.10839973652367
70.589474651 95.10839973652368
70.810052746 95.24337168139455
70.812580464 95.2953033220012
70.817236941 95.3178740696631
70.820528613 95.3483642493647
70.820818022 95.34911309078015
70.851890856 95.34911309078016
71.409044608 95.34911309078018
71.608789219 95.48408503565103
71.61112407 95.62511132329165
71.700933782 95.62511132329166
72.371857802 95.76008326816253
72.376649373 95.76505617954479
72.378733111 95.83458565643112
72.382192883 95.85142872900714
72.660944908 95.85142872900715
73.103266974 95.98640067387801
73.103524604 95.99394554100742
73.110026783 96.06090306214661
73.115057246 96.07242243542838
73.561593112 96.0724224354284
73.802729081 96.1072847495083
73.802772509 96.21493924742866
73.807445211 96.23615248600491
73.809109281 96.28189676856783
73.836307767 96.28189676856785
74.469405342 96.31675908264776
74.469445515 96.42441358056811
74.474024308 96.44562681914438
74.487021991 96.4456268191444
75.117646341 96.58059876401526
75.11775689 96.58814363114465
75.130684896 96.58814363114466
75.179552473 96.58814363114467
75.722317689 96.68916475284603
75.723881618 96.70204765477823
75.724932701 96.72843060500298
75.730132486 96.72936978032233
75.73029701 96.72987403576685
76.144006887 96.72987403576687
76.300012644 96.83089515746822
76.301561575 96.84377805940042
76.302591969 96.87016100962516
76.307577775 96.87110018494452
76.308016766 96.90411558094537
76.850533506 97.00513670264672
76.852196718 97.04534173012301
76.861073334 97.04584598556752
76.869127896 97.04584598556754
76.954111547 97.04584598556755
77.372482057 97.1468671072689
77.374090378 97.1870721347452
77.46919422 97.18707213474521
77.869021722 97.28809325644654
77.870494426 97.30097615837875
77.871407172 97.32735910860349
77.910354277 97.3273591086035
78.345755772 97.42838023030485
78.348618979 97.45740417257176
78.352052424 97.46233105347436
78.388458106 97.46233105347437
78.617507433 97.46233105347439
78.80368344 97.56335217517572
78.805258844 97.57623507710792
78.806350788 97.59237611744263
78.867764168 97.59237611744264
79.236436184 97.69339723914399
79.238775381 97.71222101540631
79.263203968 97.71222101540633
79.611904962 97.71222101540634
79.643426089 97.71367482354859
79.644818051 97.91017102143661
79.652783304 97.91017102143662
80.024913473 97.91162482957888
80.026206494 97.93905558184471
80.026255761 97.95010136558145
80.027508061 98.01034441952764
80.256262663 98.01034441952766
80.372976964 98.01179822766991
80.375207241 98.03922897993574
80.375267805 98.04874041773668
80.376847459 98.06667126733223
80.698783655 98.06667126733224
80.702899252 98.06812507547447
80.703886045 98.083871091711
80.704670995 98.0955558277403
80.705351775 98.10506726554125
80.707750003 98.12066625867448
80.714437044 98.12066625867449
81.008672492 98.12212006681675
81.009654118 98.13786608305328
81.010764362 98.14955081908259
81.010824829 98.15906225688352
81.012781926 98.23966800008692
81.300248562 98.24112180822918
81.300468886 98.2411218082292
81.302733983 98.25686782446571
81.304136075 98.27806399829595
81.325362293 98.27806399829596
81.577082181 98.27951780643822
81.578000365 98.29526382267476
81.579177234 98.30993710450079
81.599865358 98.3099371045008
81.835734973 98.31139091264305
81.836697241 98.3271369288796
81.838179509 98.34156472341381
82.074859912 98.34301853155607
82.075698623 98.3587645477926
82.112246325 98.35876454779262
82.301806687 98.36021835593488
82.305150183 98.3697778648869
82.30552631 98.37543045525773
82.318207548 98.37543045525774
82.461248081 98.37543045525776
82.512501603 98.37688426340002
82.515239932 98.54564437890514
82.582290006 98.54564437890515
82.707687801 98.54709818704741
82.710095157 98.55665769599945
82.893144947 98.5581115041417
83.22273408 98.58630939370887
83.267316361 98.58630939370889
83.501657664 98.74489039671722
83.573932423 98.74489039671724
83.626096239 98.7879525468801
83.67242936 98.78795254688012
84.032778836 98.83889235469002
84.040048573 98.83889235469003
84.042722063 98.83889235469005
84.112167802 98.87784050838367
84.119444578 98.87784050838368
84.306851372 98.89299684378804
84.313519765 98.89299684378805
84.342918589 98.89299684378807
84.615398503 98.9415135567443
84.630914682 99.12796604885946
