0.000364373 49.23165275930317
0.000857639 49.33728412102064
0.001096781 49.50120429248697
0.001248911 49.79295852010349
0.002294207 49.82548187226755
0.002562368 50.209528348018374
0.002760561 50.25638525131769
0.044411285 50.27289294587681
0.079676963 50.68401355340272
0.080024174 50.78964491512019
0.080218352 50.95356508658652
0.08034596 51.245319314203044
0.081178088 51.27784266636711
0.081387283 51.66188914211793
0.081550087 51.70874604541724
0.114386672 51.72525373997638
0.174947508 51.72885539265494
0.264180169 51.75188818195773
0.296185348 51.768395876516855
0.357230337 51.76839587651687
0.507241615 51.77005892170849
0.567864381 51.778437893122295
0.599974097 51.79494558768142
0.720469787 51.80062833163817
0.903526155 51.80062833163818
0.96375185 51.81310374369829
0.97468538 51.813103743698306
1.082747591 51.81643007874242
1.143100076 51.81896869776773
1.383272169 51.824606204715174
1.503557529 51.82700485775545
1.5148640599999998 51.82700485775546
1.624352079 51.83963237105545
1.6528669520000001 51.84713965786275
1.696202552 51.86364735242187
1.775277026 51.89468927518685
1.820245739 51.91119696974597
2.175153649 51.92121902506508
2.238017455 51.928479439867814
2.339883965 51.93171392820384
2.360548848 51.952890830977786
2.419764473 51.9528908309778
2.60101159 51.962889519144106
2.6594290689999998 51.96288951914411
2.719254772 51.99507852606227
2.730633274 51.99507852606229
2.839427968 51.99821519219072
2.898962059 51.999747734277115
3.101120809 52.64850412097075
3.10148778 52.754135482688234
3.101681485 52.918055654154564
3.101817279 53.20980988177107
3.102631371 53.24233323393515
3.102844093 53.626379709685956
3.134786062 53.689744307544395
3.249936142 53.6897443075444
5.989503313 54.39033406184378
5.989896534 54.49596542356125
5.990100601 54.65988559502758
5.990238806 54.951639822644104
5.991052732 54.98416317480817
5.991266101 55.36820965055899
6.104822246 55.368209650558995
6.329713785 55.36974219264538
7.447063987 55.36974219264539
8.794284972 55.83147627931296
8.794566593 55.850896446572456
8.794596263 55.99445986572265
8.794708539 56.17749585074862
8.794913147 56.341416022214936
8.795045169 56.63317024983146
8.797077495 56.81228324048799
8.797251005 56.86524512328541
8.823263723 56.89747757840673
8.823360073 56.923854104524004
8.830208297 56.93648161782401
8.830754451 56.96049659919043
8.838994617 57.02532868663637
10.239919152 57.025328686636385
11.534144201 57.48706277330396
11.534415708000001 57.50648294056346
11.534443646 57.650046359713656
11.534546824 57.83308234473962
11.534737371 57.99700251620594
11.536645341 58.024373509837815
11.536673279 58.16452749650054
11.5368067 58.17373568215396
11.536899721 58.467869734478995
11.537851913 58.520831617276414
11.562571096 58.55306407239772
11.562667522 58.579440598515006
11.565014654 58.61608309318143
14.20623793 59.07781717984899
14.206518941 59.09723734710849
14.206548986 59.2408007662587
14.206657794 59.42383675128467
14.20685938 59.587756922750984
14.208727582 59.61512791638286
14.208755528 59.755281903045585
14.208891276 59.764490088699006
14.208985299 60.05862414102404
14.209156249 60.11158602382146
14.234205766 60.14381847894278
14.235986959 60.16779635201979
16.806499647 60.62953043868737
16.806779177 60.648950605946865
16.808504835 60.79251402509706
16.808602894 60.97555001012303
16.808777331 61.13947018158936
16.810519506 61.16684117522122
16.810545559 61.30699516188395
16.810671412 61.31620334753737
16.81075876 61.6103373998624
16.835357796 61.69553173778114
16.836098684 61.695531737781145
17.288876221 61.69553173778115
19.330507666 62.15726582444872
19.330791892 62.17668599170822
19.330820582 62.32024941085843
19.33092182 62.5032853958844
19.331098437 62.66720556735071
19.332904594 62.69457656098259
19.332933284 62.834730547645314
19.333068038 62.843938733298735
19.333152277 63.13807278562377
19.358101681 63.223267123542506
21.781954685 63.68500121021008
21.782221041 63.70442137746958
21.78225021 63.84798479661978
21.782495009 64.19494095311207
21.784288557 64.22231194674394
21.784315678 64.36246593340667
21.784444254 64.37167411906007
21.784529947 64.66580817138511
21.879833765 64.66580817138512
24.157099053 65.1275422580527
24.157370852 65.1469624253122
24.15739965 65.29052584446241
24.157665589 65.63748200095469
24.159399754 65.66485299458657
24.15942981 65.80500698124929
24.159567457 65.81421516690271
24.159658242 66.10834921922776
26.471724874 66.53837364719384
26.471977118 66.58950347315482
26.472005248 66.73306689230503
26.472253164 67.08002304879733
26.474998498 67.28215181710416
26.475101994 67.35625637878128
26.475178608 67.52903172069493
26.487519804 67.52903172069495
26.837751942 67.52903172069496
28.719160504 67.95905614866103
28.719398489 68.01018597462203
28.71942643 68.15374939377223
28.719692716 68.50070555026453
28.722356779 68.70283431857138
28.722459696 68.77693888024848
28.722534876 68.94971422216214
30.88460368 69.34409909894845
30.884700809 69.36314708331331
30.884833393 69.43086847608922
30.884861195 69.57443189523941
30.885128041 69.92138805173171
30.889163984 69.97838131930645
30.889684192 70.20441509892059
30.896235763 70.25325678147873
32.997129896 70.64764165826503
32.997330091 70.7344110354058
32.997356971 70.877974454556
32.997616579 71.22493061104828
33.00131121 71.28192387862303
33.001835467 71.50795765823717
33.010027457 71.50975385249565
33.010746069 71.51964195990841
33.019009849 71.51982873523339
33.059601621 71.5198287352334
35.051460454 71.91421361201971
35.051638378 72.00098298916048
35.051665315 72.14454640831067
35.05192107 72.49150256480297
35.0555615 72.54849583237771
35.063799097 72.77632580625033
35.064489253 72.78621391366309
37.038133854 73.18059879044938
37.038353174 73.26736816759015
37.038381807 73.41093158674035
37.042078131 73.52643036912201
37.04217898 73.81488101080738
37.050287792 74.04271098468
37.128318767 74.04271098468001
38.0520036 74.04271098468003
38.966316813 74.4370958614663
38.966494248 74.52386523860709
38.966520641 74.66742865775728
38.970175217 74.78292744013893
38.970728919 74.80504364834037
38.970808196 75.06168139046585
38.9709242 75.07137808182434
38.986303157 75.09381304752957
38.986651226 75.29443791091255
39.13776507 75.29443791091256
40.83647076 75.68882278769885
40.836650738 75.77559216483964
40.836677611 75.91915558398983
40.84022043 76.03465436637148
40.840797296 76.05677057457292
40.840865102 76.3134083166984
40.840970361 76.32310500805687
40.848249981 76.32355056810259
40.865988137 76.336852546244
40.86669593 76.37682777521698
41.051081755 76.376827775217
42.648579744 76.77121265200329
42.648767677 76.85798202914407
42.6487949 77.00154544829427
42.652238187 77.11704423067592
42.652807181 77.13916043887737
42.652867997 77.39579818100283
42.652987982 77.4054948723613
42.676677061 77.41924241054843
44.234294849 77.41924241054845
44.421657738 77.81362728733474
44.421860003 77.90039666447551
44.421887686 78.0439600836257
44.42525382 78.15945886600736
44.425826829 78.18157507420878
44.425863774 78.43821281633427
44.495556476 78.43821281633429
46.131277577 78.83259769312058
46.131440311 78.91936707026134
46.131465562 79.06293048941154
46.135901175 79.07636516375466
46.137560445 79.24662429880348
46.141980324 79.3411686360461
46.142196693 79.38249779878215
46.143404485 79.44323670426297
46.164284457 79.44323670426299
46.616986038 79.443236704263
47.794913629 79.8376215810493
47.795104885 79.92439095819007
47.796694039 80.06795437734027
47.801337085 80.08138905168337
47.802384878 80.25164818673221
47.808080869 80.4482605921917
47.860294465 80.44826059219172
49.402375164 80.84264546897802
49.402567354 81.07297826526899
49.406633581 81.08641293961209
49.408262545 81.25667207466093
49.412741613 81.29714031102118
49.412769035 81.3925455746396
49.416653889 81.40182570868714
49.423431334 81.40182570868716
50.967198626 81.79621058547346
50.967359778 82.02654338176443
50.971892037 82.03997805610753
50.972908506 82.21023719115637
50.981040238 82.3553908251826
52.499573248 82.7497757019689
52.49982027 82.79898939436924
52.500002925 82.92250003228284
52.504325392 82.99354317260295
52.505358664 83.12840239508427
52.515791851 83.2527508140271
52.522175374 83.29967580763046
52.522820041 83.30260415543017
52.551620262 83.30260415543019
52.987574567 83.3026041554302
53.966758015 83.69698903221649
53.96700432 83.74620272461684
53.967190948 83.86971336253043
53.971357789 83.94075650285056
53.972369547 84.07561572533187
53.98222245 84.1999641442747
53.988453736 84.24688913787807
54.244985672 84.24688913787809
55.398522713 84.64127401466438
55.39878976 84.69048770706473
55.398926971 85.12974060693048
55.413719421 85.1442491267226
55.689145471 85.14424912672261
56.781772966 85.5386340035089
56.782005338 85.58784769590925
56.78213224 86.02710059577501
56.836208823 86.02710059577502
57.501963729 86.02710059577504
58.109889255 86.42148547256133
58.110128766 86.47069916496167
58.110303479 86.59420980287527
58.115563724 86.61892209643423
58.116425241 86.71056032609916
58.130447828 86.72358496353952
58.130555794 86.73238966259463
58.157651474 86.73238966259464
59.386454968 86.83108912717807
59.386784501 87.04151970606001
59.387325435 87.07394573728362
59.389509668 87.21370433656902
59.391189805 87.23565727182567
59.392060109 87.32421116325384
59.392857572 87.41584939291876
59.442822055 87.41584939291877
60.621982674 87.51454885750222
60.622301762 87.72497943638416
60.62330939 87.73666953201057
60.623414051 87.75740546760775
60.625028053 87.89716406689317
60.62667701 87.91911700214982
60.62753578 88.00767089357797
60.629596566000004 88.09930912324288
60.652459035 88.0993091232429
61.815310547 88.19800858782634
61.8156501 88.40843916670828
61.816083999 88.40843916670829
61.816680394 88.42012926233471
61.819969902 88.60257673247393
61.820816012 88.69113062390211
61.82640693 88.75300318613688
61.964303654 88.7530031861369
62.954415969 88.85170265072033
62.954712619 89.06213322960227
62.95568998 89.07382332522869
62.958849385 89.25627079536793
62.959690565 89.34482468679609
62.964803383 89.39468147139631
63.783884486 89.39468147139632
64.060837324 89.49338093597977
64.061149383 89.70381151486171
64.06212105 89.71550161048813
64.065181253 89.89794908062737
64.06598949 89.98650297205553
64.071462525 90.03635975665576
65.125336003 90.13505922123919
65.125624141 90.34548980012113
65.128353027 90.35717989574756
65.131189915 90.5396273658868
65.131998095 90.62818125731495
65.152517406 90.62818125731496
65.498466792 90.62818125731498
66.148384274 90.72688072189841
66.148692309 90.93731130078035
66.14962211 90.94900139640677
66.152573078 91.13144886654601
66.156545053 91.19882419178681
66.176393444 91.19882419178683
67.138842372 91.29752365637027
67.139260892 91.3314693219978
67.139338295 91.41787012923139
67.139526673 91.5079542352522
67.1400608 91.51964433087863
67.142980878 91.70209180101787
67.155852863 91.76593339888706
67.251170854 91.76593339888707
68.083473564 91.8646328634705
68.083765868 92.07506344235244
68.084644857 92.08675353797886
68.08741386 92.2692010081181
68.117623797 92.26920100811812
68.342287682 92.26920100811813
68.988890311 92.36790047270158
68.989281572 92.40184613832909
68.989494719 92.5783310515835
68.990033151 92.59002114720992
68.993164454 92.62232802872451
68.994371145 92.65052000679175
68.99445932 92.6523982674958
68.994673939 92.72086717973235
68.999216014 92.7348143618102
69.002624615 92.74099806993512
69.002873055 92.74897215214473
69.005969004 92.75205707289504
69.037543611 92.75205707289506
69.747125019 92.75205707289507
69.855513239 92.8507565374785
69.855887733 92.88470220310602
69.856379491 92.90202352081039
69.856578806 93.04509718634947
69.859764439 93.10518409350144
69.86101411 93.13525433227272
69.861216384 93.20372324450928
69.865713554 93.21767042658712
69.869078893 93.22385413471204
69.869315277 93.23182821692166
70.104336869 93.23182821692167
70.691916845 93.33052768150512
70.692306534 93.36447334713263
70.692769225 93.381794664837
70.692961968 93.52486833037608
70.696030461 93.58495523752805
70.697268274 93.61502547629934
70.697471021 93.68349438853589
70.701862368 93.69744157061373
70.989622229 93.69744157061375
71.492633647 93.79614103519718
71.493023443 93.83008670082471
71.4934632 93.84740801852908
71.493662762 93.99048168406816
71.496635696 94.05056859122013
71.497991143 94.14910774222797
71.983362516 94.14910774222798
72.250892704 94.28175287243896
72.251371343 94.29907419014332
72.251548754 94.4421478556824
72.254490143 94.50223476283436
72.260318219 94.58648827115381
72.279644809 94.58648827115383
72.482521285 94.58648827115384
72.977741716 94.7191334013648
72.978215368 94.73645471906917
72.978376077 94.87952838460825
72.981269567 94.9396152917602
72.995653895 94.93961529176022
73.420279347 94.93961529176023
73.688791552 95.0722604219712
73.689263356 95.08958173967555
73.689414174 95.23265540521464
73.694008817 95.24496875998136
73.697032263 95.29177086167432
74.354403187 95.39047032625778
74.354796383 95.4244159918853
74.355234398 95.44173730958967
74.355402807 95.58481097512875
74.359711466 95.59712432989546
74.719254368 95.59712432989548
74.995051336 95.69582379447893
74.995399727 95.72976946010644
74.995801372 95.7470907778108
74.995975109 95.89016444334989
75.008948542 95.8901644433499
75.5981042 95.98886390793335
75.599003303 96.0129667767574
75.59943415 96.04907323883303
75.608929262 96.13877080497856
75.89813874 96.13877080497858
76.176519666 96.23747026956202
76.177642743 96.2976796004617
76.179489841 96.3306483464956
76.325246594 96.33064834649561
76.733227346 96.42774351213299
76.733435748 96.48955714197874
76.742276682 96.5032064678513
77.229633644 96.50320646785131
77.263690461 96.6003016334887
77.263871764 96.66211526333444
77.269608133 96.66211526333446
77.768802168 96.75921042897184
77.768998453 96.82102405881759
77.794657433 96.8210240588176
78.246370732 96.90500515916565
78.246463973 96.94818588389279
78.246801223 96.95374613183763
78.24721206 96.95388356415825
78.247531442 96.95388356415826
78.697824511 97.03786466450632
78.697890886 97.08104538923345
78.698237205 97.08660563717831
79.128000547 97.17058673752638
79.128083469 97.21376746225351
79.135312816 97.21832221636465
79.172260687 97.21832221636467
79.532049308 97.30230331671272
79.532114518 97.34548404143986
79.888016885 97.34548404143987
79.911342906 97.42946514178793
79.913240469 97.4515915577683
79.920519639 97.45159155776831
80.260615739 97.52968759654786
80.263157297 97.53557265811637
80.26343024 97.54963871994367
80.446135877 97.54963871994369
80.587088389 97.62773475872322
80.589556282 97.63361982029173
80.637199167 97.63361982029174
80.85730759 97.63361982029176
80.894666141 97.81596553411892
80.902128767 97.81596553411893
81.012739066 97.81596553411894
81.07651473 97.81596553411896
81.18748099 97.85036980304501
81.189970253 97.89406157289848
81.191594171 97.89502594606704
81.24676311 97.89502594606705
81.368367335 97.89502594606707
81.465858313 97.92943021499312
81.467836916 97.97312198484659
81.502240663 97.9731219848466
81.62592045 97.97312198484661
81.725252363 98.00752625377268
81.727953384 98.023619200844
81.732857666 98.02361920084401
81.752611971 98.02361920084402
81.82948904 98.02361920084404
81.966619397 98.05802346977009
81.980659726 98.0580234697701
82.088311756 98.05802346977012
82.13363808 98.05802346977013
82.193630222 98.12414813391035
82.207122802 98.12414813391038
82.379591705 98.1241481339104
82.788682174 98.17485453308166
82.852002742 98.17485453308167
82.959958808 98.20642895897065
82.969696124 98.20642895897068
83.265756862 98.51758650052756
83.402659171 98.52051798968506
83.404764557 98.52051798968509
83.845571187 98.63747733255467
83.852981675 98.63747733255468
