0.000360512 52.45932024694747
0.000442704 52.81168128173889
0.000485998 52.9645651891031
0.000511383 53.47143833567192
0.000536748 54.17172785925868
0.002785029 54.19246763373419
0.002904931 54.294951568010454
0.007055439 54.51605518148327
0.007159041 54.87246752189284
0.042175836 54.923710213976044
0.079178414 54.932635916101574
0.079206587 55.63292543968834
0.080994213 55.653665214163844
0.081091525 55.75614914844011
0.085854332 55.7628433301285
0.086840792 55.903494399300364
0.087112922 56.29957269481661
0.108294821 56.33366510232249
0.112091644 56.38490779440569
0.172710799 56.38695990361493
0.23388467 56.39735128019098
0.294764473 56.39735128019099
0.35482883 56.41857747721546
0.414988724 56.44810212646238
0.475581262 56.45141612099104
0.536847312 56.45141612099105
0.597204556 56.45663705805785
0.717772476 56.46995384040407
0.837626675 56.493130367329194
0.896784978 56.50820043869322
0.955899484 56.50820043869323
1.078047815 56.50820043869324
1.137357367 56.526819216483126
1.25823397 56.53352316688639
1.31679002 56.538751795526515
1.557652882 56.543041275126946
1.6175911200000002 56.5479767588649
1.67656542 56.573281184613144
1.7958694579999999 56.5879997589865
2.037696978 56.59056479272042
2.160402007 56.61003655715087
2.407373967 56.63201862037906
2.564536914 56.65598503522617
2.745816413 56.65598503522618
2.804568461 56.690077442732054
2.8305714650000002 56.74132013481526
3.094842941 57.03847336233858
3.094944322 57.58031588101397
3.095178202 57.69932193510208
3.096031866 57.699321935102084
3.096716867 57.75950266040084
3.096810028 57.861986594677106
3.099985988 58.083090208149926
3.100070087 58.4395025485595
3.331052792 58.44962854121826
3.37942805 58.449628541218274
3.448412057 58.47359495606538
3.622705264 58.473594956065384
3.852947565 58.47359495606539
4.427246397 58.4735949560654
5.314982814 58.55893005565448
5.9764726360000004 58.97665572082805
5.976525907 59.59046521427044
5.978315162 59.61120498874595
5.978417522 59.71368892302222
5.983635904 59.86103417388249
5.984671076 60.25711246939871
7.8117923529999995 60.25711246939872
8.143881788 60.26723846205748
8.773002091 60.76017323416137
8.773136195 61.21553572269241
8.773401495 61.334541776780526
8.774969076 61.394722502079276
8.775064567 61.49720643635554
8.782513487 61.84160269411589
8.795352882 61.94343881257353
8.816605962 61.96542087580172
11.500805581 62.456625569994955
11.500859705 63.07043506343736
11.502588734 63.091174837912874
11.502723397 63.193658772189124
11.507733294 63.34100402304939
11.508454078 63.572895866383206
11.541674351 63.577831350121144
11.547359899 63.620419383976675
11.554247877 63.63989114840712
12.163018858 63.651747218976524
12.163773549 63.65174721897653
13.287577393 63.65174721897654
14.171578042 64.1548079837392
14.171715631 64.61017047227024
14.171949142 64.72917652635834
14.173452102 64.78935725165711
14.173549598 64.89184118593336
14.180752958 65.23623744369372
14.193143642 65.33807356215135
16.768116408 65.84113432691402
16.768235842 66.29649681544505
16.770665595 66.3000121178288
16.771010987 66.33462450661045
16.771973089 66.47568359483192
16.772068217 66.57816752910817
16.778956896 66.92256378686854
16.809084982999998 66.9623401070402
19.284462841 67.46540087180287
19.284578572 67.92076336033391
19.284869563 67.92427866271764
19.285209408 67.95889105149931
19.286225297 68.09995013972078
19.286322303 68.20243407399703
19.293160005 68.54683033175738
19.392423027 68.54683033175739
21.741549735 69.04989109652003
21.741668939 69.50525358505108
21.741949617 69.50876888743481
21.742290961 69.5433812762165
21.743308384 69.68444036443795
21.743401813 69.7869242987142
21.760217168 69.93070218166046
21.762791075 70.07975717583916
21.780723504 70.07975717583918
21.786740177 70.13132055647456
24.125149798 70.63438132123721
24.125276069 71.08974380976827
24.125573498 71.093259112152
24.125917482 71.12787150093368
24.12690536 71.26893058915513
24.126999954 71.37141452343138
24.143693012 71.51519240637765
24.146222449 71.66424740055635
24.164194036 71.66424740055636
24.580721654 71.66424740055638
26.450463405 72.16730816531901
26.45059439 72.62267065385007
26.450886959 72.6261859562338
26.451235477 72.66079834501548
26.452230481 72.80185743323693
26.462003232 72.81881439230793
26.468630091 73.04811925045945
26.481262016 73.05187871156384
26.482427578 73.11104369105296
28.463197224 73.11104369105297
28.702253573 73.61410445581562
28.702368354 74.06946694434666
28.702654737 74.0729822467304
28.702978597 74.10759463551207
28.703945936 74.24865372373351
28.713387915 74.2656106828045
28.71995199 74.49491554095603
28.732811653 74.49867500206044
30.891867049 75.00173576682309
30.891983212 75.45709825535414
30.89224907 75.46061355773787
30.892556454 75.49522594651954
30.893537797 75.63628503474101
30.909144173 75.88254685196353
33.000178112 76.38560761672616
33.000299411 76.8409701052572
33.000578417 76.84448540764096
33.000879417 76.87909779642263
33.009784103 77.01806259964455
33.018246644 77.0233550885308
34.079948988 77.02335508853082
35.048772904 77.52641585329346
35.04888621 77.98177834182451
35.049168832 77.98529364420824
35.049477541 78.01990603298992
35.058122029 78.15887083621185
35.500414433 78.15887083621186
36.489228341 78.15887083621188
37.044266043 78.6619316009745
37.044379293 79.11729408950555
37.044649323 79.1208093918893
37.04492916 79.15542178067096
37.076936875 79.20607686110789
37.269550093 79.20607686110792
39.008466843 79.70913762587055
39.008578151 80.1645001144016
39.008838129 80.16801541678535
39.026663338 80.19122718781638
39.733491952 80.1912271878164
40.891394065 80.69428795257905
40.891509797 81.14965044111008
40.891781276 81.15316574349383
42.679282922 81.15316574349384
42.715638668 81.65622650825648
42.715739552 82.11158899678753
42.716008059 82.11510429917128
44.460521321 82.40650067331077
44.460702193 82.49658861361954
44.460869804 82.65977283771575
44.46159394 82.70928055966279
44.462017636 83.02143661119176
44.473958922 83.07078876748574
44.783799075 83.07078876748575
45.395564346 83.07078876748578
46.168982788 83.36218514162529
46.169131221 83.45227308193404
46.17108312 83.61545730603027
46.171750945 83.6649650279773
46.172162406 83.97712107950626
46.184403065 84.02647323580025
47.8149643 84.31786960993978
47.815132728 84.40795755024853
47.815337835 84.57114177434475
47.816400996 84.57868290796682
47.81647618 84.93280554782075
47.828714241 84.9798881385308
49.401678336 85.27128451267032
49.401821863 85.36137245297907
49.402512849 85.36625877002832
49.402593225 85.45274696472096
49.403045055 85.53209781069737
49.403122424 85.8862204505513
50.932423501 86.17761682469082
50.932564576 86.26770476499958
50.934326218 86.33805832770258
50.936690836 86.52432734929691
50.937278523 86.67167100816681
52.43945857 86.96306738230632
52.439611399 87.05315532261508
52.441078399 87.12350888531809
52.443382756 87.30977790691242
52.446330712 87.36533812014963
52.448299309 87.44693564869468
53.875255734 87.7383320228342
53.87541331 87.82841996314295
53.877339547 87.83267402918493
53.877531853 87.89877352584594
53.882186151 88.1406027606775
55.300237174 88.431999134817
55.300367623 88.52208707512577
55.3038882 88.59244063782876
55.306220818 88.72151329628656
55.306614374 88.77870965942309
55.328916891 88.8342698726603
56.659520315 89.12566624679981
56.659671011 89.21575418710857
56.661459676 89.22000825315055
56.661665753 89.28610774981156
56.667109696 89.30712869885045
56.667460632 89.34213275430142
56.673467684 89.34586416086366
56.674820174 89.36862619269013
56.675099941 89.41518040826936
56.680655913 89.45121273284454
56.785955632 89.45121273284455
57.980750214 89.74260910698406
57.980880188 89.83269704729281
57.98225212 89.90305060999582
57.98458844 90.03212326845362
59.247844604 90.32351964259313
59.247976712 90.41360758290188
59.255134383 90.50498209464376
59.255472709 90.53998615009473
59.261202718 90.54371755665696
59.262028806000004 90.56647958848345
59.263846655 90.60422561396251
59.32193536 90.60422561396253
60.472152959 90.89562198810204
60.4727468 90.98570992841078
60.479146123 91.07708444015266
60.479548556 91.11058293511049
60.479932155 91.11208849560363
60.485066226 91.11581990216587
60.488911347 91.13858193399234
60.488959813 91.17632795947141
60.534984997 91.17632795947142
61.651013392 91.46772433361093
61.651582476 91.55781227391968
61.657754798 91.64918678566157
61.658138692 91.68268528061938
61.658520713 91.68419084111254
61.663536722 91.68792224767476
61.670972737 91.72853763163798
61.830628691 91.72853763163799
62.794086962 92.0199340057775
62.794639098 92.11002194608625
62.801221909 92.23489495278595
62.80158665 92.23640051327911
62.806854318 92.24013191984133
62.85054998 92.24013191984135
63.888176314 92.53152829398086
63.888673016 92.53152829398087
63.888737435 92.62161623428962
63.895149896 92.7464892409893
63.895491 92.74799480148246
64.939402189 93.03939117562197
64.941214927 93.08449507507372
64.946793938 93.16361494074981
64.947840943 93.17083631751025
64.947865434 93.2525056206683
64.989076522 93.25250562066832
65.948951507 93.54390199480784
65.950698289 93.58900589425957
65.956172193 93.66812575993568
65.957227426 93.67534713669612
65.957369921 93.72905553055871
65.95762112 93.75701643985416
65.977361784 93.75701643985417
66.945644537 93.985063700219
66.947142609 93.98921929211723
66.947330277 94.09351671344542
66.952538608 94.17263657912152
67.009593393 94.17263657912153
67.88741969 94.40068383948636
67.888869638 94.40483943138459
67.889055493 94.50913685271279
67.896700507 94.53126380416161
67.896790759 94.534026722201
67.900633973 94.58825671838888
67.912162054 94.58825671838889
68.796915374 94.73733072740927
68.797175611 94.81630397875372
68.798160978 94.82045957065193
68.79833894 94.92475699198013
68.811215411 94.94204668418314
68.811923579 94.94688394342897
68.813251947 94.94964686146835
69.659182585 95.09872087048875
69.659799308 95.14545078928118
69.66040091 95.18184971373141
69.660574366 95.28614713505961
69.672961893 95.30343682726262
70.086874766 95.30343682726263
70.48694618 95.36192163037633
70.487026762 95.42447210167364
70.487145759 95.49924075507546
70.487737968 95.53563967952569
70.487905081 95.63993710085387
71.10754856 95.63993710085388
71.281434837 95.69842190396758
71.281513582 95.76097237526488
71.281666188 95.8357410286667
71.283546705 95.90456276893279
71.284035596 95.95241713973567
71.386816948 95.95241713973569
72.050766937 96.01090194284939
72.050860904 96.0734524141467
72.050980901 96.1482210675485
72.052701898 96.21704280781461
72.055783415 96.25791933304802
72.056078162 96.25791933304804
72.778765499 96.31640413616174
72.778852611 96.37895460745905
72.778972145 96.45372326086085
72.780631625 96.52254500112696
72.78574895 96.53431344526209
72.79005824 96.54790199908757
72.901317958 96.54790199908759
73.472218463 96.67258197524684
73.472775666 96.74370592690042
73.480174359 96.80289915397236
73.482020331 96.80865975626753
73.48321311 96.82642135548822
73.643425208 96.82642135548824
74.13937183 96.88490615860194
74.13945459 96.94745662989925
74.141018955 96.9929120043589
74.148732157 97.00889834099303
74.415111669 97.00889834099304
74.771600157 97.06738314410674
74.771681264 97.12993361540406
74.778756611 97.16698133385252
74.827824008 97.16698133385253
75.380695632 97.22546613696623
75.381390215 97.25229031335174
75.383532155 97.26621332518636
75.388040883 97.30110753702428
75.515406022 97.3011075370243
75.961372138 97.359592340138
75.962031594 97.38641651652351
75.964179809 97.40033952835812
75.964919894 97.51195372608856
75.980083741 97.51195372608858
76.297926858 97.51195372608859
76.511564683 97.57043852920229
76.512207877 97.59726270558778
76.514232916 97.61118571742242
76.519901266 97.61118571742243
76.647322681 97.61118571742244
77.033188621 97.66967052053613
77.033845014 97.69649469692163
77.038009664 97.69714316841757
77.098350123 97.69714316841758
77.491068457 97.6971431684176
77.528489524 97.75562797153128
77.528826476 97.7824521479168
77.615744735 97.78245214791681
77.807857609 97.78245214791683
78.010886618 97.84093695103049
78.013391844 97.84608051779445
78.014578755 97.86495985033032
78.023198475 97.86495985033034
78.070983279 97.86495985033035
78.312911087 97.86495985033037
78.463168339 97.92344465344404
78.464319118 97.99813630904136
78.466010326 97.99813630904137
78.527064236 97.99813630904139
78.739942321 97.9981363090414
78.886395151 98.0566211121551
78.88839086 98.06176467891903
78.889668243 98.06521149138236
78.891274154 98.06657609102452
79.256713548 98.06657609102453
79.293549011 98.1250608941382
79.296555043 98.13365127336549
79.466597734 98.1336512733655
79.674192309 98.1921360764792
79.67990327 98.20046560470963
79.684184786 98.20046560470965
80.021070723 98.25895040782333
80.105895023 98.25895040782335
80.280107904 98.25895040782336
80.346810907 98.28008960167962
80.348303549 98.29928389441649
80.350854064 98.30051788853076
80.387812546 98.30051788853078
80.478865999 98.30051788853079
80.606207716 98.3005178885308
80.651930214 98.32165708238706
80.653269013 98.34085137512393
80.687954866 98.34085137512395
80.781841774 98.34085137512396
80.939849745 98.36199056898022
80.940309174 98.36853647495639
80.944248943 98.3811848617171
80.960079493 98.38118486171712
81.213833092 98.40232405557337
81.214413676 98.40886996154954
81.219832092 98.40886996154956
81.469725707 98.41027248785542
81.473718695 98.43000915540581
81.640835186 98.43000915540584
81.708589561 98.52334453664564
81.93485251 98.52474706295153
82.522809687 98.59145002589105
82.555926838 98.59145002589106
82.693956819 98.60000807115291
82.694066644 98.7646195104103
82.720468966 98.76461951041031
82.739694374 98.76461951041033
