0.000351277 49.63608500640208
0.000564288 49.64234993947661
0.002159773 49.90589753533721
0.002193332 49.99056128745098
0.002240162 49.99390352507445
0.002303167 50.03726792042742
0.002411669 50.346929182518686
0.003123971 50.465026337095004
0.080159215 51.11112196386522
0.080305156 51.117386896939756
0.081627098 51.38093449280034
0.081657487 51.46559824491411
0.081698596 51.4689404825376
0.081753966 51.512304877890564
0.081987744 51.70851929617893
0.08241064 51.940063294558136
0.144181639 51.94947508884666
0.205749334 51.95180785065393
0.267235295 51.95180785065394
0.32898342 51.95331031504082
0.45061124 51.96393004876088
0.511927031 51.972112658438725
0.573077351 51.998431227381936
0.633415515 51.99843122738194
0.813206694 52.016222804035884
0.932047163 52.02167864645016
1.05288459 52.02821996302304
1.17200569 52.02924885755012
1.291204059 52.04856013688309
1.411712417 52.05797580969773
1.529541297 52.06465567094953
1.65062875 52.077649403972096
2.122504589 52.119308341997616
2.182346172 52.12110954432935
2.30558172 52.12510663639229
2.366976376 52.16542396173431
2.606590061 52.17078132528709
2.769915073 52.17890146364548
2.962057705 52.296998618221785
3.080941674 53.12414049476321
3.081087379 53.130405427837744
3.082367664 53.393953023698344
3.082396004 53.478616775812114
3.082436551 53.481959013435585
3.082489561 53.52532340878855
3.082586939 53.83498467087982
3.083139873 53.953081825456124
3.432142166 53.95707891751907
4.013074824 53.99739624286109
4.071025035 53.99739624286111
4.47335478 54.00275360641387
5.9691002399999995 54.065656893560515
5.96916549 54.09905646729915
5.969190954 54.65949976385349
5.969274573 54.99404142269091
5.972898575 55.19100696067703
5.9730984849999995 55.241490374295765
5.973283336 55.315502527437886
5.975358268 55.653479450095446
6.425091623 55.65747654215839
6.425531865 55.66283390571117
6.767326074 55.6977938675004
6.794819948 55.70315123105318
8.770758428 55.81036893560479
8.770816968 55.93589597601447
8.770842656 56.404211805897766
8.771122148 56.69099174689736
8.774459628 56.93571900272131
8.774657125 56.98620241634004
8.774839017 57.06021456948215
8.775592432 57.060214569482156
8.782248865 57.14179952971836
8.782303149 57.31041693437751
8.803603743 57.3578741667977
8.912870951 57.363231530350475
11.502697236 57.47044923490209
11.502755548 57.595976275311756
11.502782769 58.064292105195065
11.504876459 58.351072046194645
11.50565022 58.35107204619466
11.50799716 58.59579930201859
11.508186896 58.64628271563734
11.511728665 58.64942111268451
11.515522258 58.80187982901566
11.515573894 58.97049723367479
11.537782307 59.013957374032046
11.543062384 59.01395737403205
14.166719164 59.08842966533196
14.16677728 59.21395670574164
14.166802326 59.68227253562493
14.166877484 60.016814194462356
14.170303287 60.21377973244847
14.170495608 60.26426314606721
14.174015875 60.267401543114374
14.177767738 60.41986025944553
14.177820402 60.58847766410466
14.475946905 60.58847766410467
16.574436809 60.62658044090915
16.678639866 60.62658044090916
16.773737267 60.70105273220905
16.773795581 61.294895602502024
16.774063451 61.58167554350162
16.774674268 61.62943726133945
16.777250078 61.826402799325564
16.777434277 61.8768862129443
16.778180681 61.876886212944314
16.78091373 61.880024609991466
16.787501156 61.882875331121014
16.790328567 62.063514621567805
16.809035869 62.13967413104555
18.501087051 62.23920350778624
18.755988891 62.23920350778625
19.30747357 62.252249199149944
19.307537852 62.84609206944292
19.307797999 63.13287201044251
19.310913561 63.37759926626646
19.311101758 63.42808267988519
19.321054115 63.43407179806191
19.32383033 63.6147110885087
20.992037852 63.714240465249375
21.188696004 63.71424046524938
21.764237798 63.826815533353766
21.764297712 63.95234257376343
21.764322581 64.42065840364674
21.764576327 64.70743834464633
21.765335101 64.70743834464635
21.767637406 64.95216560047028
21.767825276 65.00264901408903
21.771154595 65.0057874111362
21.777545469 65.00863813226574
21.780276608 65.18927742271252
22.83858261 65.18927742271254
24.152593974 65.30185249081691
24.152648645 65.42737953122659
24.152679141 65.89569536110987
24.152932132 66.18247530210947
24.155929387 66.42720255793341
24.15611999 66.47768597155216
24.159405226 66.48082436859933
24.174857262 66.58319108535574
24.174908556 66.60030769438474
24.221722775 66.60030769438475
26.471430749 66.71288276248913
26.471485299 66.83840980289881
26.471509573 67.3067256327821
26.471751821 67.5935055737817
26.472463684 67.59350557378171
26.474679754 67.83823282960564
26.474862375 67.8887162432244
26.478149557 67.89185464027156
26.493610499 67.99422135702797
28.743407075 68.10679642513234
28.743466866 68.23232346554202
28.743491553 68.70063929542532
28.743738241 68.98741923642491
28.746611090000002 69.23214649224886
28.746789278 69.2826299058676
28.761373545 69.28262990586761
30.797033685 69.28262990586762
30.956765922 69.52073201438168
30.956798706 69.98904784426497
30.957048509 70.27582778526455
30.961436509 70.30685578429068
30.963108278 70.33016167098094
30.963747011 70.52055504108851
30.97113848 70.54982145166998
30.975509517 70.57103845470725
31.398681061 70.57103845470726
33.103964325 70.8091405632213
33.104010858 71.2774563931046
33.104251426 71.5642363341042
33.108201491 71.59526433313032
33.109799341 71.61857021982057
33.110497512 71.61857021982058
33.112539884 71.69319154700582
33.11760987 71.83823000050963
33.125537414 71.83864244225785
33.166519997 71.83864244225786
34.049406387 71.83864244225788
35.181966426 72.07674455077193
35.182013576 72.5450603806552
35.18274964 72.54506038065523
35.183061152 72.73040235855392
35.186076404 72.82105889765114
35.186205206 72.86286832068092
35.187838636 72.88617420737117
35.190515676 72.96079553455644
35.197947738 73.03354894136166
35.204994596 73.09994761298304
35.213596927 73.09994761298306
35.213726003 73.10459507385343
35.294455201 73.10459507385346
37.311584834 73.34269718236747
37.311626221 73.8110130122508
37.31197866 73.9963549901495
37.315565363 74.08701152924671
37.315696139 74.12882095227648
37.316309215 74.1288209522765
37.317277478 74.15212683896677
37.31990838 74.226748166152
37.327301655 74.29950157295723
37.334567513 74.36590024457861
37.34314007 74.36590024457863
38.154111622 74.36590024457864
39.293608435 74.36590024457865
39.311876716 74.60400235309268
39.311907974 75.072318182976
39.312845767 75.25766016087469
39.315695867 75.34831669997192
39.315825118 75.39012612300169
39.316408531 75.3901261230017
39.317396685 75.41343200969195
39.319987033 75.48805333687721
39.327202114 75.56080674368243
40.573843246 75.56080674368245
41.237050917 75.79890885219649
41.237088574 76.26722468207979
41.237438738 76.45256665997849
41.240924684 76.5432231990757
41.241044445 76.5850326221055
41.242554048 76.60833850879575
41.245109538 76.682959835981
41.245752431 76.68295983598102
41.258553763 76.68629137830877
41.261728362 76.75055376546598
41.483774538 76.750553765466
42.435446289 76.75055376546601
43.121258856 76.98865587398005
43.121298845 77.45697170386335
43.12503803 77.5731489777066
43.125172652 77.77477964388906
43.126669531 77.79808553057931
43.129118813 77.87270685776458
43.153223049 77.87603840009234
44.902100629 78.1141405086064
44.902138614 78.58245633848969
44.905767186 78.69863361233291
44.905796933 78.8584548554856
44.905912394 78.90026427851538
44.906463357 78.9002642785154
44.907379272 78.92357016520566
44.909746621 78.9981914923909
44.978557005 78.99819149239093
46.610481359 79.23629360090499
46.610531685 79.70460943078828
46.614191984 79.82078670463153
46.614331592 80.02241737081397
46.614887122 80.02241737081398
46.616370463 80.04572325750422
46.623207402 80.12034458468949
48.271848025 80.35844669320355
48.271889922 80.82676252308687
48.27537716 80.94293979693009
48.275527067 81.14457046311256
48.284828417 81.21718828062805
48.303807183 81.21718828062806
49.857405062 81.4552903891421
49.857453822 81.9236062190254
49.860863876 82.03978349286865
49.860998287 82.24141415905112
49.87067176 82.3140319765666
50.086909907 82.31403197656662
51.391810582 82.55213408508065
51.391850438 83.02044991496398
51.395295692 83.06004181230351
51.395380166 83.33825785498966
51.395908028 83.33825785498968
52.82542674 83.33825785498969
52.8988373 83.57635996350373
52.898872191 84.04467579338703
52.903917052 84.0999204142021
52.904112898 84.27154237912316
52.909341404 84.2892889582194
52.917148935 84.36248373341274
54.335147268 84.6005858419268
54.335189678 85.0689016718101
54.340029465 85.12414629262514
54.340219255 85.29576825754623
54.344764688 85.31351483664247
54.348051693 85.31595000429255
55.763031868 85.5540521128066
55.763072054 86.0223679426899
55.76755114 86.07761256350494
55.767753934 86.24923452842603
56.179421374 86.24923452842606
57.122159446 86.48733663694011
57.122203948 86.95565246682341
57.126654393 87.01089708763845
57.126848038 87.18251905255954
58.429684131 87.4206211610736
58.429907405 87.71667611252141
58.431917281 87.78901884020831
58.432330314 87.80631030783516
58.432842292 87.80631030783519
58.43305634 87.80955627689309
58.439638395 87.82936013693453
58.440108134 87.85345615427585
58.444297369 87.88268528221431
58.454574105 88.01273410915644
58.782611761 88.01273410915647
59.71406276 88.25083621767052
59.714282614 88.54689116911834
59.71459841 88.5676769639202
59.715000537 88.63652536443209
59.715757882 88.63977133349002
59.722421122 88.65957519353145
59.722890833 88.68367121087275
59.723385225 88.68367121087276
59.871157781 88.68367121087277
60.334478796 88.68367121087279
60.935069128 88.92177331938683
60.935270112 89.21782827083467
60.935558777 89.23861406563651
60.936466451 89.30746246614842
60.937159046 89.31070843520635
60.943214804 89.33051229524776
60.958798682 89.35460831258908
61.358457134 89.3546083125891
62.116316696 89.59271042110315
62.116521081 89.88876537255098
62.116813096 89.90955116735283
62.124117883 89.94661029698888
62.124344988 90.00144939696408
62.555356311 90.00144939696409
63.251240914 90.23955150547815
63.251456931 90.53560645692598
63.251756993 90.55639225172783
63.258906548 90.59345138136388
63.266242047 90.63985113749705
63.272357339 90.63985113749706
63.928214481 90.63985113749708
64.346838506 90.87795324601113
64.347053866 91.17400819745896
64.351893337 91.1904854110496
64.355706352 91.23185312189686
64.99919264 91.23185312189688
65.395922529 91.46995523041093
65.396129222 91.76601018185876
65.400849412 91.7824873954494
66.272037295 91.78248739544941
66.409980512 92.02058950396345
66.410181466 92.31664445541128
66.427767471 92.32496872855378
67.291575106 92.3249687285538
67.395169922 92.56307083706784
67.395352012 92.85912578851567
67.414082018 92.85912578851568
68.232724463 92.8591257885157
68.327103906 93.09722789702974
68.327294617 93.39328284847757
68.363528382 93.39328284847758
69.229178589 93.48144275744752
69.229259145 93.56027920572636
69.230064683 93.75242069876474
69.230681554 93.79939193987714
69.233416368 93.8435940323557
69.234948625 93.9045767752772
69.59998389 93.90457677527722
70.09397783 93.99273668424715
70.094085133 94.07157313252598
70.097578497 94.09906426560714
70.10077617 94.1391522991241
70.101053123 94.21978170402622
70.10392173 94.21978170402623
70.106238044 94.23067934704216
70.550582868 94.23067934704217
70.926082183 94.3188392560121
70.926156914 94.39767570429093
70.92971356 94.42516683737209
70.932834443 94.46525487088905
70.932905352 94.54588427579117
71.184923883 94.54588427579118
71.294130689 94.5458842757912
71.714310685 94.63404418476114
71.714384158 94.71288063303997
71.717857076 94.74037176612113
71.723870708 94.77790507787101
71.725428743 94.77984413132783
71.727153175 94.83551485750569
72.409085806 94.8355148575057
72.472157368 94.92367476647563
72.472231205 95.00251121475446
72.475431967 95.03000234783563
72.47899572 95.06947471304234
72.479020473 95.08496340425727
73.092317537 95.08496340425728
73.198179722 95.1731233132272
73.198269255 95.25195976150604
73.201365777 95.2794508945872
73.204256384 95.31953892810415
73.218317866 95.31953892810418
73.893660376 95.4076988370741
73.893744867 95.48653528535294
73.896773092 95.5140264184341
73.899622828 95.61018241571387
73.900008209 95.6101824157139
74.556566714 95.69834232468384
74.556633487 95.77717877296267
74.559580393 95.80466990604383
74.562802343 95.81236894399045
74.565160018 95.84220321779371
74.59121007 95.84220321779372
75.18586897 95.93036312676367
75.187320538 95.95721495442666
75.189239276 96.06120146489191
75.262387822 96.06120146489192
75.788153608 96.14936137386186
75.789590002 96.17621320152486
75.79108814 96.2268426068376
75.791251942 96.25568895522186
75.79455299 96.2633879931685
76.368453971 96.35154790213842
76.369819049 96.37839972980143
76.371234583 96.45787548349843
76.493479652 96.45787548349844
76.925097282 96.54603539246837
76.92540243 96.54603539246838
76.927021755 96.56266342223434
76.927840002 96.59896895647864
76.929963193 96.63731172424798
76.93247146 96.64553523434843
77.007714631 96.64553523434844
77.451743827 96.73369514331839
77.453601622 96.75032317308435
77.454352666 96.78662870732865
77.457009872 96.82497147509798
77.466681175 96.824971475098
77.943836414 96.91313138406794
77.945785807 96.92975941383388
77.946474597 96.97434919904545
77.951628928 96.9854898188533
77.952215722 96.9885637190683
78.067327721 96.98856371906831
78.415616256 97.07672362803825
78.418097123 97.13794144301576
78.422600208 97.14908206282364
78.683995162 97.14908206282365
78.864293056 97.2372419717936
78.866369532 97.27795225554058
78.866736893 97.29017553580383
78.870876184 97.52393814545064
78.914022653 97.52393814545066
79.293567819 97.6120980544206
79.295980509 97.66503161843085
79.395046337 97.66503161843086
79.705034629 97.7531915274008
79.711016453 97.78269370477413
79.7419581 97.78269370477415
80.088658102 97.87085361374407
80.088889125 97.87085361374409
80.301311548 97.8708536137441
80.435792773 97.95901352271403
80.764322289 97.97925200417866
80.764471196 98.00813922266623
80.764827767 98.01970964837129
80.766584254 98.02574262703659
80.767460743 98.03933219433078
80.88344521 98.0393321943308
81.069855963 98.05957067579544
81.069956898 98.08845789428298
81.070340169 98.10002831998804
81.072083526 98.10606129865334
81.073223787 98.10687258282593
81.102605869 98.10687258282594
81.365499579 98.12711106429059
81.365642 98.15599828277814
81.365992289 98.1675687084832
81.367648023 98.1736016871485
81.643249615 98.19384016861314
81.643346694 98.22272738710069
81.64369545 98.23429781280575
81.66477766 98.23429781280576
81.900472313 98.2545362942704
81.901138769 98.25714884064845
81.904715866 98.27521501757063
81.924084424 98.27521501757064
82.137453512 98.29545349903529
82.137925462 98.29806604541334
82.165165231 98.29806604541335
82.363426404 98.318304526878
82.575218686 98.33562291496571
82.955145514 98.36650017061005
83.032303049 98.36650017061007
83.066056806 98.36650017061008
83.124103514 98.59637504257397
83.19645006 98.59637504257398
83.227351148 98.596375042574
83.559818828 98.6393974039197
83.560771418 98.63939740391973
84.083738864 98.69626349568124
84.487929345 98.72310836731222
84.488038941 98.73937989694454
