0.000353803 43.41345448579889
0.000433935 45.07654539809788
0.000564724 45.484727654099984
0.000863222 45.71663378462753
0.000949849 45.775810081981945
0.001064044 45.80494033736035
0.014967866 45.83949938927415
0.02018824 45.97149380589366
0.079091428 46.648777028389375
0.079175287 47.05695928439147
0.079411371 47.28886541491903
0.079482778 47.34804171227343
0.079576842 47.37717196765183
0.094536284 47.54372543618514
0.154832363 47.57814948831984
0.398808444 47.58609318190753
0.516260916 47.587159078561996
0.576129172 47.587852873180424
0.814044548 47.62024091035289
1.049533522 47.63644946830716
1.169497067 47.67194463933242
1.2872900999999999 47.67941720770729
1.525218016 47.708547463085694
1.6429697349999999 47.732960024569294
1.704167873 47.743106514999496
1.763265573 47.7431065149995
1.824155126 47.749677860319906
1.9422738019999999 47.751970409956
2.003558848 47.751970409956016
2.185455991 47.752107841390504
2.419657589 47.808418000260254
2.541946709 47.80841800026026
2.719187623 47.82777370189507
2.839123577 47.875100931619
3.065202464 48.760766559320075
3.065321143 49.16894881532218
3.065607406 49.40085494584973
3.065764443 49.48916149858255
3.076396289 49.52372055049635
3.082225688 49.532584445452855
3.083014923 49.53258444545286
3.6514751629999997 49.53270347964216
3.655862567 49.60543433447541
3.770220348 49.60543433447542
5.261121996 49.60825030595741
5.261881671 49.60825030595742
5.31921696 49.60825030595743
5.704618686 49.61215458881105
5.714618029 49.646713640724855
5.720477359 49.65557753568136
5.721223727 49.65557753568137
5.935305247 50.61690902388698
5.935424329 51.02509127988909
5.93570459 51.25699741041665
5.94637304 51.37986301506326
5.952960785 51.38872691001977
6.288174827 51.392631192873395
6.345714465 51.3926311928734
6.734727916 51.417043754356996
6.735500961 51.417043754357
6.958111454 51.4271902447872
6.958894776 51.427190244787205
7.070178112 51.42719024478721
7.404882782 51.43376159010761
7.405658901 51.433761590107615
7.852086214 51.4360541397437
8.300302855 51.43605413974372
8.729694824 52.44242030803718
8.729796351 52.85060256403927
8.730060384 53.08250869456683
8.73021145 53.170815247299636
8.747137552 53.21423819416995
11.450052359 54.22289691209953
11.450157196 54.63107916810162
11.450407586 54.86298529862917
11.450553366 54.95129185136197
11.48551022 54.95129185136199
14.119951179 55.20626385959751
14.120088323 55.472586963257925
14.120115339 55.53645338140626
14.120311882 55.67138237905775
14.120369678 55.925478116839685
14.121378715 55.94493915943961
14.122183904 55.94493915943962
14.123179327 55.95995056929155
14.123628703 56.208367198329256
14.123692799 56.21287304594925
14.124253774 56.35265668746948
14.126162344 56.45926705923431
14.130646758 56.49907649312843
14.131134524 56.500276990090626
14.141595133 56.50960811377139
14.146813093 56.600038955821205
16.733650385 56.72579304208416
16.733879406 56.95612151703524
16.73407678 57.528095022223056
16.735029066 57.593686263898846
16.735847431 57.59368626389885
16.7373352 57.857114302788474
16.737399526 57.861620150408484
16.737984873 58.001403791928695
16.739841939 58.10801416369354
16.743928406 58.14902409454986
16.754774795 58.15835521823061
16.75549437 58.15835521823062
16.760382939 58.206694638247384
19.258858781 58.461666646482925
19.258991619 58.72798975014332
19.259020265 58.79185616829166
19.259210864 58.926785165943144
19.25955428 58.98609712022406
19.260049902 59.18088090372508
19.260261535 59.200341946325025
19.261050034 59.20034194632503
19.262447195 59.463769985214654
19.262512267 59.468275832834664
19.26306221 59.608059474354874
19.264900407 59.71466984611972
19.269214029 59.754479280013825
19.279549065 59.76501090065679
19.280251678 59.7650109006568
19.328438144 59.765010900656804
19.384872291 59.76501090065681
21.719589377 59.890764986919756
21.719788 60.121093461870835
21.719977595 60.69306696705865
21.720721229 60.69306696705866
21.720871396 60.75865820873444
21.721680246 60.758658208734445
21.723061899 61.02208624762408
21.723123905 61.02659209524408
21.723697781 61.1663757367643
21.725483336 61.27298610852913
21.729712697 61.31279554242325
21.747589226 61.32332716306621
21.836172499 61.32332716306622
23.97061856 61.323327163066224
24.09777566 61.44908124932916
24.097987853 61.67940972428024
24.098162895 62.25138322946807
24.099100014 62.31697447114386
24.099874862 62.316974471143865
24.101282086 62.58040251003349
24.101350236 62.5849083576535
24.101857908 62.72469199917371
24.103618955 62.83130237093854
24.104355831 62.83130237093855
24.10780315 62.87111180483266
24.200386522 62.871111804832665
26.31371238 62.87111180483267
26.414259718 62.99686589109563
26.414451053 63.227194366046696
26.414621715 63.79916787123452
26.416224398 63.864759112910306
26.417576432 64.12818715179995
26.417643633 64.13269299941996
26.418154599 64.27247664094017
26.419935526 64.379087012705
26.42063774 64.37908701270501
28.698186482 64.50484109896796
28.698387597 64.73516957391904
28.698579816 65.30714307910687
28.700189063 65.37273432078264
28.701490023 65.63616235967227
28.701553682 65.64066820729228
28.702096032 65.7804518488125
28.703815402 65.88706222057733
30.867270352 66.14203422881288
30.867403766 66.40835733247329
30.86743042 66.47222375062162
30.867616109 66.60715274827311
30.867668168 66.86124848605505
30.868545488 66.88070952865499
30.870546434 67.14413756754462
30.870610619 67.14864341516463
30.871127592 67.28842705668484
30.874592685 67.29592331567862
30.875721631 67.33226372044562
30.87723557 67.37654297939102
30.902068247 67.38617956856642
30.933161727 67.38617956856643
32.979018792 67.64115157680196
32.979144536 67.90747468046237
32.979170267 67.9713410986107
32.979349532 68.10627009626218
32.97939933 68.36036583404413
32.980239787 68.37982687664406
32.982206231 68.64325491553369
32.982270111 68.6477607631537
32.982792236 68.78754440467392
32.986155566 68.79504066366769
32.987265618 68.83138106843471
32.988758384 68.8756603273801
33.071145062 68.87566032738012
35.053925921 69.13063233561566
35.054046669 69.39695543927606
35.054072131 69.46082185742439
35.054257664 69.59575085507586
35.054309001 69.8498465928578
35.055155815 69.86930763545774
35.057096297 70.13273567434737
35.057164431 70.13724152196738
35.057681928 70.2770251634876
35.060995189 70.28452142248138
35.062094524 70.32086182724838
35.064156622 70.36514108619377
35.103823474 70.36514108619379
37.031446992 70.49089517245673
37.032011641 70.96336233543217
37.032137497 71.06678568195375
37.032660516 71.35878839427143
37.034614258 71.62221643316106
37.034677592 71.62672228078107
37.035195522 71.76650592230128
37.038466165 71.77400218129506
37.039554901 71.81034258606206
38.060226543 71.81034258606208
38.958384953 72.0653145942976
38.958507471 72.33163769795802
38.95869796 72.53043311375782
38.958748144 72.78452885153976
38.959558014 72.8039898941397
38.961434883 73.06741793302933
38.961502772 73.07192378064934
38.962008707 73.21170742216957
38.965178213 73.21920368116334
40.814463907 73.47417568939888
40.814588569 73.74049879305929
40.814776202 73.93929420885911
40.815611878 74.21285098924098
40.817474468 74.4762790281306
40.817541611 74.48078487575062
40.818059016 74.62056851727084
41.750318665 74.62056851727085
42.622038501 74.7463226035338
42.622724036 74.82120799475108
42.623122542 74.83707713499581
42.62314909 75.15873403305127
42.623198224 75.61421582534848
42.62507723 75.62827283353394
42.625115384 75.88214971185812
42.630238592 75.93011755201684
42.631773084 75.93047471995214
42.671502394 75.93047471995216
44.369759227 76.18544672818769
44.369879046 76.45176983184808
44.370069822 76.6505652476479
44.370869567 76.92412202802979
44.372640336 76.93817903621525
44.372679002 77.19205591453941
44.377540812 77.24002375469813
44.378135338 77.24002375469814
44.379071734 77.24038092263345
44.554442038 77.24038092263346
46.065004334 77.36613500889642
46.065658507 77.44102040011371
46.067113877 77.45688954035842
46.067142368 77.77854643841388
46.067192321 78.2340282307111
46.068938718 78.24808523889656
46.069210478 78.31214544074572
46.069599826 78.49745626960073
46.073756426 78.54992995737945
47.319511411 78.54992995737946
47.710565863 78.80490196561499
47.710823951 78.88626322491537
47.710868945 79.27002048507521
47.711452345 79.27002048507522
47.711965405 79.287925989462
47.713318068 79.3730122507934
47.713390086 79.3889546192985
47.71364549 79.62169447549171
47.713998474 79.80700530434672
47.732615147 79.84311725799652
47.764076610000004 79.84311725799654
49.298227068 80.09808926623208
49.298507312 80.17945052553246
49.29854737 80.5632077856923
49.299649343 80.58111329007909
49.300956234 80.66619955141049
49.30102639 80.6821419199156
49.301281892 80.9148817761088
49.315219706 80.9586596684068
49.322253134 80.95865966840681
50.83575233 81.21363167664235
50.836000304 81.29499293594273
50.836038208 81.67875019610257
50.838382686 81.78174196182076
50.838453638 81.79768433032586
50.838739964 81.94755306315804
50.839193378 82.03042418651907
51.080346763 82.03042418651908
52.322554384 82.28539619475461
52.322798125 82.36675745405499
52.323117066 82.62912095659622
52.323406982 82.75051471421484
52.325255167 82.79641021758408
52.325852244000004 82.81547432541916
52.328057026 82.87597418537703
52.329395978 82.96549377186376
52.335338917 83.02979440422259
52.33558371 83.10191167110452
53.75945437 83.35688367934004
53.759700739 83.43824493864042
53.760039127 83.70060844118167
53.760656561 83.74853705385414
53.761786539 83.77626745035086
53.762121066 83.86789770216951
53.762567343 83.88696181000459
53.764679216 83.94746166996246
53.765929621 84.0369812564492
53.771819756 84.10128188880802
53.780013823 84.11135231650783
53.808581116 84.11135231650785
55.16997854 84.36632432474337
55.170231975 84.44768558404375
55.170957769 84.64951783228827
55.171199895 84.75797769925747
55.172624005 84.87733834757285
55.175011258 84.88397042284245
55.17523326 84.9569023153658
55.176506758 85.04642190185253
55.204179237 85.04642190185254
56.52494884 85.30139391008807
56.525233257 85.38275516938845
56.525953364 85.58458741763296
56.526203873 85.69304728460214
56.528632077 85.70043489259119
56.529929805 85.81904000818713
56.530143697 85.89197190071049
56.537799515 85.89199006523897
56.617060134 85.89199006523899
57.840820135 86.14696207347451
57.841098097 86.22832333277489
57.843705122 86.4301555810194
57.843957239 86.5386154479886
57.84625652 86.54600305597764
57.847479432 86.66460817157359
57.847696725 86.73754006409693
58.583808174 86.73754006409695
59.117748489 86.99251207233247
59.117985335 87.07387333163285
59.118654845 87.27570557987737
59.118981466 87.28838741617069
59.11940227 87.38416544684655
59.121270876 87.3915530548356
59.122540454 87.51015817043154
59.123052131 87.51015817043155
59.136997029 87.53255100973529
59.137059236 87.55673280944428
59.333539555 87.5567328094443
60.344688195 87.81170481767982
60.344935391 87.8930660769802
60.345749901 88.06429470029464
60.345804327 88.2033581921939
60.358020709 88.32935091577889
60.381635803 88.3293509157789
60.586250836 88.32935091577892
61.522916388 88.58432292401444
61.523517723 88.58432292401446
61.523632034 88.66568418331482
61.523959223 88.83691280662927
61.524076468 88.88019826785266
61.524491423 88.97597629852852
61.955223884 88.97597629852854
62.663934925 89.23094830676406
62.664626904 89.31230956606444
62.664922757 89.48353818937888
62.66507223 89.52682365060228
62.675233552 89.536714139442
62.680580235 89.61796136722633
63.756577129 89.87293337546186
63.756845953 89.95429463476223
63.759193453 90.12552325807668
63.759345526 90.16880871930007
63.768227259 90.20562356212889
64.300169498 90.2056235621289
64.81228713 90.46059557036442
64.812545362 90.5419568296648
64.813290856 90.71318545297923
64.813420311 90.75647091420264
64.929780782 90.75647091420265
65.174430463 90.75647091420267
65.826351621 91.09280418173857
65.827789935 91.12026089772245
65.828219616 91.12026089772246
65.8334502 91.25188535404146
65.833788665 91.27014056588689
66.707951162 91.2701405658869
66.800044724 91.39429995569785
66.800151738 91.6064738334228
66.801097462 91.63393054940668
66.804024961 91.73475770062794
66.806639397 91.7655550057257
67.108420147 91.76555500572572
67.747512789 92.10188827326162
67.748882087 92.12934498924551
67.75167697 92.23017214046675
67.758320235 92.25658291422558
68.584952305 92.25658291422559
68.649020358 92.38074230403654
68.649138732 92.5929161817615
68.650078315 92.62037289774538
68.653258903 92.72120004896662
68.670591225 92.72120004896664
69.520202922 92.84535943877758
69.520340918 93.05753331650253
69.523027843 93.08499003248642
69.534686463 93.11718865384456
69.552533145 93.11718865384458
70.201958627 93.1171886538446
70.355857686 93.24134804365553
70.355965393 93.45352192138049
70.356852646 93.48097863736437
70.390193968 93.48097863736439
70.438547282 93.4809786373644
71.157681796 93.60513802717536
71.157798502 93.8173119049003
71.158664205 93.84476862088418
71.188494704 93.8447686208842
71.566490342 93.84476862088421
71.915781817 94.1811018884201
71.92442272 94.18276859220316
71.93481754 94.18276859220317
72.524095408 94.18276859220319
72.646844222 94.30692798201412
72.646975783 94.38893984385884
72.648619763 94.4073767379572
72.649658854 94.42313556863131
72.649980076 94.47655621063497
72.651337533 94.51660701018669
72.665761041 94.5166070101867
72.722531843 94.51660701018672
73.294450744 94.51660701018673
73.348819633 94.64076639999766
73.348944681 94.72277826184238
73.350554476 94.74121515594074
73.351578718 94.75697398661484
73.354351885 94.77997072802269
73.360845575 94.79090657416774
73.374147576 94.79090657416775
73.705951595 94.79090657416776
74.01681237 94.9150659639787
74.016945979 94.99707782582342
74.018530967 95.01551471992178
74.01983049 95.0312735505959
74.024327776 95.05427029200374
74.136988018 95.05427029200375
74.64929851 95.17842968181469
74.64943104 95.26044154365941
74.652919612 95.27887843775777
74.658261273 95.29180308433793
74.670505826 95.29180308433794
74.756287082 95.29180308433796
75.038448254 95.29180308433797
75.264763005 95.41596247414891
75.264901888 95.49797433599363
75.266349822 95.51641123009199
75.275285752 95.52251266766055
75.322804073 95.52251266766056
75.399108022 95.52251266766058
75.854881309 95.64667205747152
75.855018336 95.72868391931624
75.856461423 95.7471208134146
75.968566573 95.74712081341461
76.406957475 95.87128020322557
76.407071182 95.95329206507029
76.411799251 95.9587856620144
76.926698737 96.08294505182536
76.927265714 96.16495691367008
76.930833522 96.27426200863252
77.423905078 96.39842139844349
77.424429795 96.48043326028821
77.902413301 96.60459265009918
77.903119646 96.64014219008288
77.906159358 96.65071920096574
78.356828936 96.7748785907767
78.357378858 96.81042813076043
78.36297361 96.8119534713094
78.363939425 96.81283976863347
78.790810916 96.93699915844444
78.791337718 96.97254869842816
78.796803863 96.97407403897712
79.198390878 97.09823342878809
79.198885204 97.13378296877181
79.582825481 97.25794235858278
79.583295724 97.27934178308264
79.584974841 97.2807926570252
79.929125057 97.40495204683617
79.929602245 97.42635147133605
80.255253211 97.550510861147
80.257729901 97.55169154010153
80.559406612 97.67585092991249
80.571722384 97.6758509299125
80.85091154 97.7907719633387
81.123110331 97.82434477159109
81.123798819 97.83562022513026
81.124237663 97.84883936855064
81.124384536 97.8498811630072
81.127132646 97.8741423254107
81.127167854 97.88480970495932
81.127220995 97.90065408883258
81.381339557 97.93422689708497
81.381908615 97.94550235062414
81.382366385 97.95872149404453
81.383117324 97.95976328850108
81.383659407 97.9597632885011
81.385055754 97.98402445090458
81.385105215 97.9946918304532
81.619978697 98.0282646387056
81.620507653 98.03954009224476
81.62092031 98.05275923566515
81.621057795 98.0538010301217
81.735112357 98.05380103012172
81.847282629 98.09864929191326
81.848189374 98.11186843533366
82.061295818 98.15671669712522
82.258883015 98.15776144261632
82.259166776 98.1902895053776
82.44320522699999 98.19133425086872
82.445113732 98.20577255057013
82.615409882 98.20681729606123
82.672855278 98.20681729606125
83.295018386 98.27905008191215
83.400142737 98.32137284322314
83.4023745 98.32137284322316
83.801854792 98.3634668822377
83.821915544 98.36346688223772
83.860245256 98.46987980836572
83.869763648 98.46987980836573
83.912639281 98.71344512605907
83.928260245 98.71344512605909
83.958860323 98.76479561762001
83.965470789 98.76479561762002
84.034911258 99.02790806699602
84.056381326 99.02790806699603
