0.000356473 43.866693698513316
0.000434813 44.46443327523193
0.000478463 44.48504082877539
0.000506043 44.64944385137158
0.000609274 45.20895062025907
0.000971783 45.47128453894992
0.016043475 45.49830204235837
0.016365282 45.597273182726745
0.078878512 46.09307051148933
0.078917154 46.113678065032786
0.078939452 46.278081087628976
0.079016634 46.837587856516464
0.079307048 47.099921775207314
0.090990566 47.126939278615765
0.09125562 47.22591041898414
0.152387773 47.227634970833954
0.273765337 47.23428658969474
0.524633709 47.236213102430646
0.643954252 47.25018463502165
0.753446447 47.26263042009442
0.993122908 47.27538551262386
1.05408002 47.27538551262387
1.2308574349999999 47.276148316208335
1.350580726 47.28204812815371
1.421734515 47.289726445901366
1.480355299 47.30139087589083
1.588698839 47.32903625695852
1.649324504 47.33067352340265
1.708000467 47.34193271000506
1.8270412409999999 47.34360390420622
2.073778694 47.35085807000799
2.183358318 47.370621407614664
2.244840402 47.37062140761467
2.4267863419999998 47.38405405196449
2.486710154 47.396720761969014
2.619205242 47.406052250818334
2.730001181 47.45747507024053
2.793265997 47.457475070240534
3.082411208 47.512361288657544
3.082452291 48.110100865376154
3.082490982 48.13070841891961
3.082520616 48.2951114415158
3.082614623 48.85461821040329
3.083105448 48.8845437224584
3.083794884 49.11695212909413
3.105214762 49.23082329512844
3.126864417 49.230823295128445
3.21017469 49.244255939478265
3.359026203 49.24425593947827
5.953089261 49.37256317617132
5.953131031 49.970302752889936
5.953170561 49.99091030643339
5.9531939529999995 50.15531332902958
5.953283868 50.71482009791707
5.953748189 50.744745609972185
5.954397158 50.97715401660791
5.979481141 51.01760416436618
8.742217233 51.159344045409064
8.742269116 51.75708362212768
8.742306198 51.77769117567114
8.742333276 51.94209419826733
8.742425808 52.50160096715481
8.742743822 52.76393488584565
8.775229389 52.76393488584566
11.463872513 52.90567476688854
11.463918056 53.503414343607155
11.463957288 53.52402189715061
11.463982503 53.6884249197468
11.464073198 54.24793168863428
11.464542411 54.2778572006894
11.465533343 54.32794674280192
11.466561086 54.400948292813645
11.466729556 54.42929212321332
11.477365165 54.442047215742775
11.477597971 54.44281001932725
11.478028828 54.49569796007743
11.496398545 54.50859441312397
14.14192398 54.53156190417627
14.141967442 54.53267587988909
14.141991586 54.97993853270217
14.142234079 55.1939400458417
14.144847744 55.253654962988314
14.144937809 55.89868448822174
14.145083581 56.072606270080236
14.145871493 56.07260627008024
14.146105392 56.14560782009196
14.146266018 56.17395165049165
14.157059698 56.240357487355745
14.209038814 56.24035748735575
16.729060142 56.26332497840804
16.729108007 56.26443895412087
16.729133313 56.711701606933936
16.729384745 56.92570312007347
16.730205106 56.92570312007348
16.730436071 56.98541803722008
16.730529712 57.630447562453504
16.730678971 57.804369344312
16.731463245 57.80436934431201
16.731701147 57.87737089432374
16.731860138000002 57.90571472472342
16.884767304 57.905714724723424
19.260988144 58.0474546057663
19.261044837 58.577904783394835
19.261070725 58.665801736028364
19.261652769 58.830204758624554
19.261741473 59.38971152751204
19.262195178 59.41963703956716
19.26309013 59.46972658167967
19.263815307 59.46972658167968
19.268345633 59.501442315541105
19.273855711 59.542728131691405
19.284361161 59.57107196209108
19.854928202 59.57107196209109
21.731964887 59.712811843133956
21.732022756 60.243262020762494
21.732047511 60.331158973396036
21.732071707 60.495561995992226
21.732161698 61.0550687648797
21.732629248 61.084994276934815
21.733540522 61.135083819047345
21.734264553 61.13508381904735
21.738709696 61.16679955290878
21.752182575 61.19894898501533
24.137266602 61.3406888660582
24.137327641 61.87113904368674
24.137352529 61.95903599632027
24.137375404 62.12343901891646
24.137464696 62.682945787803945
24.137936271 62.71287129985906
24.138857677 62.76296084197158
24.139575285 62.762960841971584
24.180328067 62.76296084197159
25.433781755 62.7629608419716
26.495330145 63.435150900642995
26.495373917 63.52304785327654
26.495398722 63.68745087587273
26.49548607 64.24695764476022
26.495923489 64.27688315681532
26.516708982 64.32697269892785
26.676958061 64.32697269892786
28.83047062 64.99916275759928
28.830514882 65.08705971023282
28.83053914 65.25146273282901
28.8306246 65.81096950171649
28.831063967 65.8408950137716
31.039567748 66.56065804988927
31.039678543 66.73617186873551
31.044710585 67.18500211671599
31.049537617 67.26275726132019
31.066300201 67.28678393229556
31.108624219 67.28678393229558
32.874191335 67.28678393229559
33.294814322 68.00654696841325
33.294900516 68.18206078725947
33.29565305 68.18206078725949
33.297964328 68.63089103523997
33.302816465 68.70864617984417
35.387840698 68.70864617984418
35.390851382 69.42840921596185
35.39092534 69.60392303480808
35.39392358 70.05275328278854
35.422027363 70.07784112153809
35.620006583 70.0778411215381
37.361595717 70.79760415765577
37.361732706 70.83858983546489
37.362436786 70.973117976502
37.36482211 71.02430633029302
37.364982253 71.03428857150847
37.365175599 71.07069091918379
37.36544259 71.42194822448249
39.29115027 72.14171126060016
39.291279196 72.18269693840926
39.29365087 72.30915546887289
39.294262916 72.36841343323741
39.294412889 72.37839567445286
39.294593956 72.41479802212818
39.296920209 72.4295786295565
39.297282425 72.47793863535772
39.297508026 72.64910845233015
39.301543966 72.74526194828144
39.338507597 72.74526194828145
41.141646953 73.46502498439912
41.141770722 73.50601066220823
41.144100257 73.63246919267186
41.144657065 73.69172715703638
41.144823813 73.70170939825184
41.145020108 73.73811174592714
41.147264529 73.75289235335546
41.147642204 73.80125235915668
41.147860533 73.97242217612911
41.162374644 73.98127164474958
41.162424157 74.01128626467256
41.199544216 74.01128626467258
42.946170083 74.1947807753826
42.946211041 74.32457786176798
42.946327959 74.51466328600168
42.948083656 74.65404480185923
42.948390302 74.73104930079023
42.948477555 74.77203497859935
42.951548867 74.80739113214813
42.952428675 74.89722423619376
42.953109753 74.90264172080423
42.953343518 74.96251323669466
42.953391749 75.06727667554779
42.953644294 75.23844649252023
42.966717833 75.2472959611407
42.969602544 75.27530971192336
44.68898924 75.45880422263339
44.689036167 75.58860130901878
44.689201558 75.63318795099293
44.689256654 75.91806824911002
44.689543416 75.99507274804104
44.689633587 76.03605842585016
44.693320713 76.07141457939893
44.693676396 76.16124768344456
44.694385844 76.16666516805503
44.694604978 76.22653668394547
44.694856101 76.50246993977103
46.386366394 77.2222329758887
46.386508921 77.26321865369782
46.389293332 77.26957225951024
46.389349905 77.29376983029664
46.389385311 77.44893514852595
46.389540532 77.4589173897414
46.396164957 77.71458424888512
47.496122153 77.71458424888513
48.03226436 78.43434728500279
48.035091056 78.46870831346585
48.035162935 78.47444988446105
48.035254163 78.50588413941072
48.035291028 78.66104945764005
48.035454705 78.6710316988555
48.043402984 78.69816794744597
48.04352964 78.83120782502661
48.107696397 78.83120782502662
49.52843042 78.83120782502664
49.625930874 79.01470233573666
49.625964998 79.14449942212205
49.626130475 79.1890860640962
49.626191529 79.4739663622133
49.626487546999996 79.55097086114431
49.629516343 79.6273126925022
49.630383046 79.71714579654783
49.632598289 79.74711622263766
49.632681473 79.7513344208632
49.632704341 79.7543538122079
49.636045443 79.81479152358749
49.636251443 79.88256423356935
49.646295669 79.9103359232631
51.058057569 79.91033592326312
51.162034053 80.09383043397314
51.162066544 80.22362752035852
51.162224888 80.26821416233267
51.162276925 80.55309446044977
51.162553943 80.63009895938077
51.165615555 80.65897567317954
51.1658801 80.66445998784384
51.166425529 80.79627389478429
51.169352236 80.82624432087412
51.169414869 80.83046251909967
51.169438216 80.83348191044436
51.174312111 80.85680113201802
51.174929962 80.86876977355953
51.175058048 80.89391962182395
51.183541937 80.92311948478513
51.18417599 80.96169233180584
51.749723328 80.96169233180585
52.662318316 81.14518684251588
52.662357472 81.27498392890126
52.662517887999996 81.31957057087541
52.662570751 81.6044508689925
52.662860674 81.6814553679235
52.666115314 81.71581639638659
52.666797366 81.75940110255178
52.669027853 81.76069809383192
52.669542803 81.87760072941687
52.669598606 81.88181892764241
52.6744696 81.90815754056077
52.675050521 81.92012618210228
52.683376706 81.97447589332788
54.071203633 81.97447589332789
54.111326315 82.15797040403793
54.111359987 82.2877674904233
54.11152892 82.33235413239746
54.111652592 82.33758353944492
54.111863351 82.69423892944556
54.115070479 82.72859995790863
54.117704607 82.89038429093891
54.11824239 82.89460248916446
54.122516326 82.92094110208281
54.123129916 82.93290974362432
55.511290816 83.11640425433434
55.511332654 83.24620134071974
55.511494483999996 83.29078798269389
55.511598226 83.29601738974135
55.511804506 83.65267277974198
55.514964041 83.68703380820506
55.517756527 83.73191550565039
55.518270724 83.84881814123533
55.518763817 83.85303633946087
55.522881129 83.87937495237922
55.529192165 83.88935719359468
55.537926238 83.88935719359469
56.145212458 83.8893571935947
56.878621185 84.07285170430472
56.878665076 84.20264879069012
56.878827455 84.24723543266427
56.878922934 84.25246483971173
56.879350498 84.53211573078136
56.882705923 84.56867062168102
56.884975662 84.68836295562078
56.885467159 84.80526559120571
56.885957919 84.80948378943125
56.912601998 84.80948378943127
58.191148628 84.9929783001413
58.191222142 85.06174637752999
58.191348266 85.16736202850085
58.191465163 85.17259143554831
58.192969336 85.27115678290056
58.194636104 85.34560605261909
58.194800746 85.36863491165371
58.195188477 85.4887972175176
58.197495482 85.60848955145735
58.197956534 85.7253921870423
59.463269757 85.90888669775232
59.463343983 85.97765477514099
59.46345771 86.08327042611185
59.463569733 86.08849983315933
59.465048375 86.18706518051157
59.466687668 86.26151445023011
59.466841962 86.28454330926473
59.467223979 86.4047056151286
59.469484948 86.52439794906836
59.475455552 86.53684897112669
59.480801775 86.56230276397264
59.487119387999996 86.58382504589042
59.660096011 86.58382504589044
60.694781561 86.76731955660046
60.694829844 86.89711664298585
60.694982542 86.94170328496
60.695090179 86.94693269200746
60.696580533 87.04549803935971
60.697858956 87.14297616811287
60.698692796 87.26313847397675
60.705359003 87.26962037793153
60.705950584 87.27364159698904
60.70605083 87.31962514576693
60.706679309 87.37065079959534
60.71691113 87.3828308079165
61.192369551 87.38283080791652
61.881063844 87.56632531862653
61.881140736 87.6350933960152
61.88126997 87.74070904698605
61.881371953 87.74593845403352
61.882819842 87.84450380138577
61.884513057 87.94198193013892
61.884896912 88.06214423600281
61.892659855 88.11863090779299
61.916169473 88.118630907793
62.374873038 88.11863090779302
62.969105838 88.11863090779303
63.02822273 88.30212541850304
63.028291019 88.37089349589172
63.028423739 88.47650914686258
63.028534436 88.48173855391005
63.029898003 88.5803039012623
63.03157062 88.67778203001545
63.031954165 88.79794433587934
63.04028964 88.80165039368167
63.04120662 88.80165039368168
63.045258946 88.80442623983411
63.049253991 88.8084474588916
63.242809232 88.80844745889162
64.073816094 88.80844745889164
64.147466457 88.99194196960163
64.147531191 89.06071004699031
64.14765322 89.16632569796117
64.147764513 89.17155510500864
64.149105666 89.27012045236089
64.150726364 89.36759858111404
64.151075968 89.48776088697792
64.158878216 89.49146694478026
64.159789272 89.49146694478027
64.163300754 89.4942427909327
64.200567912 89.49424279093272
64.756503689 89.49424279093273
65.207522472 89.67773730164275
65.2075948 89.74650537903142
65.207704363 89.85212103000228
65.207812089 89.85735043704975
65.209148271 89.955915784402
65.211057838 90.17355621901903
65.218235142 90.17726227682137
65.219137588 90.17726227682138
65.24017278 90.1772622768214
66.201999791 90.17726227682141
66.232366037 90.36075678753143
66.232431471 90.4295248649201
66.232635278 90.54036992293842
66.234341764 90.63893527029067
66.235995075 90.66199495555605
66.236225898 90.85657570490771
66.256777775 90.85657570490773
66.801345784 90.85657570490774
67.223895948 91.04007021561776
67.224138886 91.21968335102477
67.226723179 91.30173828219985
67.227241752 91.31056635958998
67.227461165 91.3413083836424
67.238205566 91.41883535705854
68.162555365 91.60232986776855
68.162802507 91.78194300317556
68.165297953 91.86399793435064
68.170927888 91.86938042332612
68.174914825 91.87282601174078
68.175458572 91.88271936168526
68.175481526 91.88621608343558
68.179884214 91.90356803579319
68.221636427 91.9035680357932
69.068002037 92.08706254650322
69.068252442 92.26667568191023
69.070696745 92.34873061308531
69.076351706 92.3541131020608
69.080520945 92.36745204041993
69.08054564 92.37094876217026
69.442365967 92.37094876217027
69.944131146 92.55444327288028
69.944374624 92.73405640828727
69.946753692 92.81611133946235
69.980870355 92.81611133946237
70.083132767 92.81611133946238
70.793031483 92.99960585017241
70.793277126 93.17921898557942
70.803291442 93.1968851537938
70.819676705 93.19688515379381
71.61148426 93.38037966450385
71.611672951 93.55999279991086
71.62739035 93.57765896812523
72.133212481 93.57765896812525
72.387295932 93.76115347883527
72.387520437 93.94076661424226
72.462101213 93.94076661424228
72.564796998 93.94076661424229
73.124346221 93.97820944689074
73.124412998 94.0778679454938
73.125656689 94.1764571943912
73.126244255 94.21356698479724
73.131188957 94.2169099059131
73.134908887 94.2533322402369
73.149077496 94.25333224023692
73.813519394 94.25333224023693
73.832883168 94.29077507288538
73.832930844 94.39043357148843
73.833302815 94.39043357148844
73.834006231 94.48902282038584
73.834593126 94.52613261079188
73.834970922 94.52613261079189
73.839454543 94.52947553190774
73.843102293 94.564908706137
74.140311754 94.56490870613702
74.512385669 94.6023515387855
74.512442269 94.70201003738855
74.513527522 94.80059928628594
74.514072004 94.837709076692
74.518724722 94.84105199780784
74.725509369 94.84105199780785
75.148318355 94.87849483045632
75.148731426 94.97815332905937
75.149417183 95.07674257795678
75.150312104 95.11385236836281
75.157790006 95.11719528947866
75.729499467 95.11719528947867
75.767165334 95.15463812212712
75.768210064 95.35288586962758
75.774900867 95.38032427822334
75.856767726 95.38032427822336
76.351306785 95.41776711087184
76.352335746 95.61601485837228
76.367502088 95.6160148583723
76.905863858 95.65345769102076
76.907110774 95.7172212130013
76.90764951 95.83023155294703
76.911810719 95.83809265834033
76.91183321 95.84454198889938
76.911873624 95.84997587380458
76.914641659 95.85094142271112
76.925598013 95.85094142271113
77.386535373 95.85094142271114
77.43119633 95.88838425535961
77.432399955 95.95214777734013
77.432575454 96.06515811728586
77.436856933 96.07301922267915
77.436880187 96.07946855323821
77.43691146 96.08490243814343
77.439734545 96.14915155869424
77.539843332 96.14915155869426
77.927865804 96.18659439134274
77.929129861 96.25035791332326
77.929331464 96.36336825326899
77.933627119 96.37122935866228
77.933652678 96.37767868922134
77.933673734 96.38311257412653
77.953381935 96.38311257412656
78.407401554 96.42055540677502
78.408565372 96.48431892875556
78.408894803 96.54482169417356
78.409086742 96.59732926870127
78.412723683 96.60519037409458
78.412747483 96.61163970465364
78.478968046 96.61163970465365
78.750012863 96.61163970465367
78.859725124 96.64908253730214
78.860958648 96.82585639922839
78.930620609 96.8258563992284
79.291149732 96.86329923187688
79.292258486 96.9270627538574
79.293436204 96.96659959939107
79.293460679 96.9969712849829
79.295522652 97.03482540669845
79.303578382 97.03482540669846
79.695897023 97.07226823934691
79.697434784 97.09305244530078
79.698026732 97.17556860686113
79.698050481 97.20594029245294
79.713898105 97.20594029245296
79.791062994 97.20594029245298
80.077817664 97.24338312510145
80.079483303 97.26090470019994
80.079737389 97.27060274482679
80.08336169 97.30852671042452
80.08446611 97.35065676994326
80.160871135 97.35065676994327
80.174495264 97.35065676994328
80.426165041 97.38809960259177
80.427788857 97.40562117769026
80.427986579 97.41531922231711
80.428908085 97.42256622234675
80.430343235 97.45324318791481
80.452943479 97.45324318791482
80.471282778 97.45324318791484
80.568312534 97.45324318791485
80.750761265 97.49068602056332
80.752307458 97.50820759566182
80.752525576 97.51790564028866
80.755554749 97.57105567555877
80.780570979 97.57105567555878
80.916900576 97.5710556755588
81.0520663 97.57105567555881
81.061005326 97.60849850820728
81.062497571 97.62602008330578
81.062695306 97.63571812793262
81.063546822 97.64296512796226
81.090278492 97.64296512796227
81.096233247 97.64296512796228
81.129200442 97.6429651279623
81.354057572 97.68040796061075
81.355525096 97.69792953570925
81.35572776 97.7076275803361
81.361559489 97.70762758033611
81.422256635 97.70762758033612
81.503864871 97.70762758033614
81.627193977 97.7450704129846
81.628583636 97.7625919880831
81.665204217 97.76259198808314
81.886171122 97.8000348207316
81.888768027 97.81052489012625
81.922367701 97.81052489012626
82.054703116 97.81052489012627
82.127092437 97.83526468583891
82.128134136 97.83573900967205
82.132916375 97.83573900967208
82.200598858 97.8357390096721
82.351744234 97.86047880538474
82.354802633 97.86047880538476
82.422657364 97.86047880538477
82.561612241 97.97064238327648
82.577805176 97.97064238327651
82.760290697 98.16948072824616
82.816533159 98.16948072824617
82.911411971 98.16948072824619
82.946314563 98.17355924576725
82.947201384 98.17355924576727
82.950686755 98.17355924576728
82.964353004 98.1735592457673
82.967035105 98.17355924576731
83.274780833 98.19561721278669
83.278019105 98.1956172127867
83.682821648 98.24629523118085
83.79894143 98.56468039931525
84.168481512 98.66018310308739
84.363400066 98.7049412504124
