0.000354497 52.65637195467925
0.000463265 53.7760250457708
0.002771908 53.93439610626047
0.003002995 54.349495583397534
0.004718732 54.649972852136024
0.004880121 54.66986302385708
0.009155449 54.669915790448805
0.009448808 54.8020143334008
0.009701359 55.048563580326494
0.080423755 55.265823928587245
0.080561123 55.4241949890769
0.080750509 55.839294466213964
0.082155633 56.13977173495247
0.082288066 56.15966190667353
0.085737553 56.15971467326525
0.085968626 56.29181321621723
0.086178333 56.538362463142924
0.206616369 56.54062221039397
0.266983566 56.540622210393984
0.32665102 56.5455782709025
0.387146681 56.54702733420255
0.505856703 56.54863015089761
0.565454608 56.548630150897615
0.625012467 56.54925069681
0.975729638 56.56111872425968
1.092548959 56.58675504256258
1.150358747 56.586755042562594
1.2093390290000001 56.589656629076494
1.4446127180000001 56.59590370094299
1.505222128 56.61659098938161
1.5640724879999999 56.62359509090788
1.680854989 56.63569358618275
1.740907948 56.63792121927322
1.85874304 56.641425585933
1.919817352 56.64142558593301
1.978006439 56.64876199966833
2.036562543 56.6490461532697
2.153988529 56.6498610816922
2.213331332 56.65382681909211
2.33020345 56.659557419297734
2.5026244970000002 56.70855229646882
2.560880002 56.75096962118749
2.6823479 56.75856296012699
2.801054897 56.79612113194383
2.860769485 56.89570156742234
3.031712545 57.41437251938354
3.031935887 57.82947199652059
3.033364607 58.12994926525909
3.039504185 58.14121095056414
3.042539369 58.19024536924665
3.042592223 58.249634893439854
3.061611213 58.351558361357654
3.061843182 58.35915170029714
3.068770293 58.396709872113995
3.182523326 58.39741863330955
3.2796270290000002 58.50096480618797
3.602325971 58.555690283564665
3.942120021 58.59810760828335
4.391933701 58.605700947222836
5.296101622 58.64325911903969
5.858681419 59.36332780717024
5.8589171 59.778427284307305
5.8603531669999995 60.078904553045795
5.866323678 60.090166238350825
5.869317257 60.13920065703335
5.879305194 60.17313911886473
5.888336514 60.30810698808384
5.894857948 60.3456651599007
6.666936257 60.353258498840184
8.627018244 61.11088535878759
8.627389879 61.12989041471946
8.627420248 61.141099541253176
8.628090619 61.52598483592465
8.628702137 61.82646210466316
8.634537806 61.83772378996817
8.63751953 61.88675820865071
8.647263503 61.920696670482094
8.660251273 61.93852716550722
8.664363129 61.938527165507224
8.673912261 62.05566453970119
11.312324471 62.82088473858807
11.312678362 62.83988979451994
11.314194377 62.851098921053655
11.314998328 62.934199285667965
11.315077248 62.98922118054171
11.315447658 63.536461484463636
11.321092218 63.547723169768666
11.32399934 63.59675758845119
11.345860066 63.64852654530771
11.402347774 63.64852654530772
13.936015142 64.41374674419461
13.936407887 64.43275180012648
13.937281557 64.5270612912745
13.937366044000001 64.58208318614824
13.94284635 64.63423052463764
13.943121981 64.75694750823097
13.943327593 64.81855582739352
13.943439904 65.01586405755201
13.943530395 65.1405851753752
13.964839208 65.18671800754382
15.868687071 65.18671800754383
16.486828291 65.95193820643071
16.487175996 65.97094326236257
16.489755177 66.0652527535106
16.489833047 66.12027464838434
16.495154495 66.17242198687374
16.495600587 66.35674728962962
16.49571381 66.55405551978808
16.49844674 66.63896194892435
16.514451833 66.63896194892436
16.523118512 66.67272164167342
16.572761285 66.67272164167343
18.979914624 67.43794184056033
18.981020662 67.55125638764022
18.981102327 67.60627828251395
18.98187154 67.60627828251397
18.986439585 67.65842562100337
18.986908708 67.84275092375925
18.987028133 68.04005915391772
18.989730939 68.12496558305399
19.00551525 68.124965583054
21.409950413 68.89018578194089
21.411081682 69.00350032902078
21.411163485 69.05852222389451
21.416315461 69.11066956238392
21.416779774 69.2949948651398
21.416894757 69.49230309529828
21.419533661 69.57720952443455
23.774213773 70.34242972332143
23.775356423 70.45574427040133
23.775438781 70.51076616527506
23.780580898 70.542739068882
23.780948919 70.74723880652034
23.781049447 70.94454703667883
23.809817666 71.02745294547026
24.981448953 71.02745294547027
26.063209853 71.79267314435714
26.064340621 71.90598769143703
26.064422229 71.96100958631078
26.069605086 71.99298248991772
26.069957152 72.19748222755607
26.070061489 72.39479045771455
26.203580794 72.39479045771456
28.317217358 73.16001065660146
28.318238401 73.27332520368135
28.318317437 73.32834709855508
28.323285679 73.36032000216203
28.323644554 73.56481973980037
28.330766635 73.63228040885677
30.469326599 74.13822522467983
30.469926191 74.39750060774367
30.470221883 74.51081515482356
30.47029742 74.5658370496973
30.475156818 74.59780995330424
30.475520565 74.80230969094258
30.517555571 74.8023096909426
32.5641899 75.30825450676564
32.564831708 75.56752988982949
32.565142394 75.68084443690937
32.565218714 75.73586633178311
32.571012103 75.78782813153691
32.571494719 75.84900183619348
32.575337792 75.88498954219537
32.575969962 75.88498954219538
32.58599327 75.920764604313
33.325770959 75.92076460431302
34.593527805 76.42670942013608
34.59414204 76.68598480319991
34.594438137 76.79929935027981
34.594513876 76.85432124515354
34.600210826 76.90628304490735
34.600680055 76.96745674956392
34.604500616 77.0034444555658
34.670957696 77.00344445556581
36.564957617 77.76866465445269
36.565949717 77.88197920153259
36.566707974 77.93700109640633
36.571553702 77.98896289616013
36.572001183 78.0501366008167
36.584878188 78.08612430681859
37.588279688 78.0861243068186
38.468766923 78.85134450570547
38.469803234 78.96465905278536
38.475340152 79.07164274741291
38.475816331 79.13281645206946
38.587479418 79.13281645206948
39.403291375 79.13281645206949
40.326235985 79.89803665095636
40.338382733 79.92510841040945
40.338863937 80.14730702951381
40.482860314 80.14730702951383
42.099841803 80.65325184533687
42.100703051 80.67656891479702
42.101754298 80.83363854778752
42.10342379 80.89261510970283
42.113128335 80.91629256202113
42.125287047 81.00327019650453
42.12567131 81.0804438884246
42.298634534 81.08044388842461
43.163760096 81.08044388842463
43.832224195 81.58638870424768
43.833038333 81.60970577370783
43.833124151 81.76677540669833
43.834300124 81.82575196861364
43.844041552 81.84942942093193
43.844605333 81.84942942093194
43.855779132 81.93640705541534
44.462845648 81.93640705541536
45.513104326 82.44235187123839
45.513869559 82.46566894069854
45.513953621 82.62273857368905
45.514557205 82.62273857368906
45.51507587 82.68171513560435
45.524749546 82.70539258792265
45.525299766 82.70539258792266
45.558276999 82.70539258792267
47.129367673 83.21133740374572
47.129995465 83.21133740374573
47.131341118 83.23465447320588
47.131422666 83.39172410619638
47.132492079 83.4507006681117
47.149091011 83.47075793863958
47.16172184 83.47437812042998
47.237933337 83.47437812042999
47.993997071 83.47437812043
48.698297966 83.98032293625303
48.699029424 84.0036400057132
48.699128212 84.1607096387037
48.700272214 84.21968620061901
48.716614779 84.2397434711469
49.260666276 84.23974347114691
50.211820225 84.74568828696995
50.212614053 84.7690053564301
50.212704699 84.92607498942061
50.213782378 84.98505155133591
50.243607777 84.98505155133593
50.262316111 84.98505155133594
51.67900163 85.49099636715898
51.679736463 85.51431343661915
51.679827753 85.67138306960965
51.693261111 85.67710085712997
51.722769658 85.67710085712999
53.095868807 86.18304567295303
53.096578242 86.20636274241318
53.096666279 86.36343237540369
53.11774457 86.36410685621624
53.146179435 86.36410685621625
54.496578246 86.8700516720393
54.497130235 86.87005167203931
54.497284671 86.89336874149946
54.49738136 87.05043837448997
54.884540229 87.05043837448999
55.831256408 87.55638319031304
55.831977064 87.57970025977319
55.832099784 87.59012205768526
55.832147606 87.67856109407522
55.832629203 87.7367698927637
57.123664586 88.24271470858673
57.13068975 88.29725807719986
57.133605799 88.33054469526151
57.134699711 88.36203795799224
57.135161702 88.36203795799226
57.140454875 88.36228802378625
57.144768508 88.39632651438917
57.170250624 88.39632651438919
58.29066717 88.3963265143892
58.370366573 88.80079797787234
58.370415833 88.90227133021223
58.377683169 88.95681469882535
58.380460391 88.99010131688699
58.381127599 89.02159457961774
58.381545392 89.02159457961776
58.839135844 89.02159457961777
59.51509986 89.02159457961778
59.576772412 89.42606604310092
59.576821018 89.52753939544081
59.583971298 89.58208276405392
59.587259998 89.61536938211557
59.58791026 89.64686264484632
60.177396663 89.64686264484635
60.740293241 90.15280746066937
60.746890809 90.20735082928249
60.750083104 90.24063744734414
61.129798671 90.24063744734416
61.422429851 90.24063744734417
61.857485128 90.74658226316718
61.871137516 90.7465822631672
61.965946401 90.74658226316721
62.067491932 90.74658226316723
62.946306233 91.02102178219369
62.946471523 91.16880753351734
62.946860959 91.25252707899027
62.980263708 91.25252707899028
63.980791195 91.54940607061437
63.980901521 91.6487249984225
63.984761543 91.7430208297781
64.022075456 91.74302082977812
64.972598701 92.13921874921031
64.97313416 92.13921874921033
64.974690499 92.18108654490756
64.975338634 92.18108654490757
64.977412253 92.20190253743554
64.992466704 92.23351458056594
65.731445034 92.23351458056595
65.951281475 92.62971249999816
65.95326571 92.6715802956954
65.955980523 92.69239628822336
66.031689173 92.69239628822338
66.777237786 92.69239628822339
66.909747247 93.08859420765558
66.910232962 93.0885942076556
66.911693514 93.13046200335285
67.251847347 93.13046200335286
67.802831927 93.52665992278507
67.80474697 93.56852771848231
68.648897557 93.7305689982546
68.649206937 93.95277851066548
68.650471019 93.96119578633575
68.655486624 93.98436546712144
68.704542588 93.98436546712145
69.461832991 94.14640674689373
69.462477524 94.14911795221418
69.464419816 94.24946866939898
69.464540384 94.37703353497486
69.838334039 94.37703353497487
70.248431643 94.53907481474718
70.249044773 94.54178602006763
70.252131789 94.64360225546108
70.260259948 94.73223519294157
70.912415451 94.73223519294159
70.99255955 94.89427647271387
70.993147894 94.89698767803432
70.996042493 94.99880391342778
71.111087001 94.99880391342779
71.709700839 95.16084519320007
71.710278335 95.16355639852056
71.713805706 95.21671850970925
71.719093724 95.25922949728233
72.062622515 95.25922949728235
72.395301885 95.42127077705463
72.395861007 95.4239819823751
72.399289747 95.4771440935638
72.405798307 95.51014958796026
72.536632834 95.51014958796027
73.04997387 95.67219086773255
73.050537704 95.67490207305303
73.053928135 95.72806418424173
73.386915342 95.72806418424175
73.677826827 95.89010546401404
73.678392372 95.8928166693345
73.684671214 95.92657605919288
73.684769373 95.94577891857413
74.076307996 95.94577891857415
74.276514996 96.10782019834643
74.277049428 96.1105314036669
74.282987471 96.14429079352527
74.283092046 96.16349365290652
74.652104685 96.16349365290654
74.85597581 96.24844149691658
74.856248406 96.31465712659015
74.856489033 96.32824613799929
74.862254301 96.36200552785768
75.408022094 96.44695337186772
75.408287271 96.51316900154129
75.408509367 96.52675801295044
75.923347388 96.61170585696048
75.923612662 96.67792148663405
75.923831745 96.6915104980432
75.926919353 96.70305534307288
75.927994865 96.75373381199977
76.409920451 96.83868165600983
76.410176376 96.90489728568338
76.410398251 96.91848629709253
76.424263682 96.91848629709254
76.881739998 97.00343414110259
76.881989131 97.06964977077614
76.88214108 97.09478362721497
76.88224548 97.14546209614187
77.328967928 97.23035112914586
77.329014496 97.29662556982548
77.749751881 97.38151460282945
77.751152449 97.42526922240178
77.751287057 97.43406686918702
77.753050667 97.49015796064478
78.145789987 97.57504699364875
78.147047272 97.61880161322108
78.147234569 97.6275992600063
78.155030927 97.62759926000632
78.521515455 97.7124882930103
78.523137002 97.7183319017267
78.5981709 97.71833190172671
78.86216264 97.71864098339428
78.862832775 97.73504473295274
78.863527098 97.78042755048813
78.864112856 97.79394343935884
78.864787886 97.7992774807608
78.866862036 97.80322093473069
78.875893935 97.8032209347307
79.181997827 97.80353001639826
79.182651238 97.8199337659567
79.183347641 97.86531658349209
79.18391827 97.87883247236282
79.184552862 97.88416651376477
79.487716507 97.88447559543233
79.488334296 97.90087934499078
79.489010713 97.94626216252617
79.489570239 97.9597780513969
79.490046331 98.07829128995978
79.496256004 98.0782912899598
79.772408515 98.07860037162735
79.773001427 98.0950041211858
79.773644028 98.14038693872118
79.77418473 98.1539028275919
79.925425039 98.15390282759192
80.042782084 98.15421190925944
80.043392744 98.17061565881792
80.044024438 98.2159984763533
80.164331192 98.21599847635332
80.293131074 98.21630755802087
80.293690972 98.23271130757934
80.2966016 98.23461495824557
80.297064112 98.24124254505833
80.404585226 98.24124254505834
80.529929809 98.2415516267259
80.530451974 98.25795537628436
80.533569338 98.2598590269506
80.639844729 98.25985902695061
80.749374234 98.25985902695062
80.75194885 98.27657185817662
80.773427196 98.27657185817664
80.802531689 98.27657185817665
80.961264588 98.28596297440838
80.961379132 98.2863086915618
80.969261216 98.28630869156181
81.139321177 98.28630869156183
81.153884691 98.29252147658356
81.165024649 98.29252147658357
81.335053882 98.43779607005031
81.352220061 98.43779607005033
81.36251292 98.43779607005034
81.802257733 98.51879909494238
81.893916765 98.5187990949424
82.276956704 98.56664292147516
82.32235266 98.56664292147518
82.45591574 98.59464785590396
82.459427201 98.59464785590399
82.535924528 98.63614302582593
82.558629581 98.63614302582594
82.669626378 98.90341899291013
82.691471666 98.90341899291016
82.77756249 99.1107458830085
82.785982885 99.11074588300853
82.896732413 99.12993786366336
82.918357815 99.12993786366337
