0.000354175 46.84874009875949
0.000446842 46.96503500559256
0.000475546 47.646140938105724
0.00050125 48.323089385491734
0.000526121 48.54975491472956
0.000627897 48.58270507292397
0.000867933 48.803044931362386
0.001034788 48.979560542357646
0.010241039 49.00321208607938
0.014788979 49.14831704716648
0.017405275 49.164907004211386
0.024491548 49.30612002564074
0.079297028 49.85227467654809
0.079324978 50.07894020578592
0.079402921 50.11189036398033
0.079594609 50.332230222418744
0.079733188 50.508745833414004
0.086934722 50.53239737713574
0.090423664 50.67750233822284
0.092452494 50.694092295267744
0.098119283 50.835305316697095
0.280952688 50.85106801525507
0.40182335 50.85433597886489
0.523573663 50.857233626345945
0.58421694 50.85723362634595
0.645260139 50.86057726886172
0.766380333 50.86822066724667
0.886954488 50.87597007612113
1.027970742 50.88297338245723
1.188397904 50.88297338245724
1.249642814 50.88422881258345
1.43026406 50.88422881258346
1.490081203 50.89059510896204
1.550649354 50.91407012934644
1.667648467 50.91528356441818
1.848476953 50.91528356441819
1.907552559 50.9639692513962
2.026551289 50.97751808297254
2.2659983710000002 51.03208784578166
2.386749416 51.04592373071545
2.627783807 51.06471462877351
2.86849941 51.101170026456586
3.094548066 51.19978554205434
3.094583792 51.87673398944036
3.094606956 52.10339951867818
3.094692488 52.13634967687259
3.094893545 52.35668953531101
3.095026013 52.533205146306265
3.102013547 52.556856690028
3.105420612 52.7019616511151
3.107379056 52.718551608160006
3.112700408 52.85976462958936
5.964841881 53.06201137050036
5.964884816 53.73895981788638
5.964909193 53.965625347124195
5.965000206 53.998575505318605
5.965210963 54.21891536375702
5.965351931 54.39543097475228
5.972259568 54.41908251847401
5.977643354 54.56694155167222
5.978186579 54.58077743660601
5.985358929 54.59956833466407
6.099170546 54.59956833466408
8.772212187000001 54.82060597363313
8.772260617 55.497554421019146
8.772285648 55.72421995025697
8.772377048 55.757170108451376
8.772573546 55.97750996688979
8.772716475 56.15402557788505
8.779582446 56.177677121606784
8.784791427 56.339372039738784
9.003689914 56.33937203973879
9.122891536 56.3393720397388
11.505576338000001 56.56040967870784
11.505625639 57.23735812609386
11.505650154 57.46402365533169
11.505739174 57.49697381352609
11.505931033 57.71731367196451
11.506068272 57.89382928295977
11.51285523 57.917480826681505
11.52309086 57.997221265494254
11.630872459999999 57.99722126549427
13.891039158 57.997221265494275
14.175303242 58.21825890446331
14.175344891 58.895207351849336
14.175371725 59.121872881087164
14.175468107 59.15482303928157
14.175671296 59.37516289771999
14.17581915 59.55167850871525
14.182500533 59.57533005243698
14.205586188 59.58169634881557
15.187067602 59.581696348815576
15.757581673 59.58169634881558
16.759623771 59.80273398778463
16.759663297 60.479682435170645
16.759687419 60.70634796440847
16.759775639 60.739298122602875
16.759966843 60.959637981041304
16.76010369 61.136153592036564
18.304136922 61.13615359203657
18.354072057 61.13615359203658
19.280114011 61.35719123100562
19.280174655 62.03413967839164
19.280201374 62.26080520762947
19.280303071 62.29375536582387
19.280516575 62.51409522426229
19.284902232 62.53151404127052
19.287394172 62.563981529238234
19.2901278 62.63554003217838
19.290865101 62.63554003217839
19.389646759 62.6355400321784
20.223095582 62.635540032178405
21.74297215 62.85657767114746
21.743010551 63.53352611853347
21.743034253 63.7601916477713
21.74312262 63.7931418059657
21.743322139 64.01348166440413
21.74824538 64.03090048141235
21.74997383 64.06336796938007
21.760040095 64.13342402580871
21.760658268 64.13492647232022
24.140177873 64.35596411128927
24.140222734 65.03291255867529
24.140247411 65.25957808791311
24.140336006 65.29252824610752
24.140535309 65.51286810454593
24.147033102 65.56275440952187
24.24076043 65.56275440952189
26.471336215 65.78379204849094
26.471385247 66.46074049587696
26.471410275 66.68740602511477
26.471499715 66.72035618330918
26.4717017 66.9406960417476
26.482340837 66.94424922390954
26.484134791 66.9641547604947
26.515242019 66.96415476049471
28.722565013 67.18519239946377
28.722606909 67.86214084684978
28.722655135 67.89187275150329
28.7228558 67.96830400371195
28.722909824 68.34209639272042
28.72361457 68.34209639272044
30.997540118 68.56723007170267
30.997637353000002 68.7228066590895
30.998155129 68.83294430474497
30.99829329 68.84521296619104
30.999021166 68.98582334955758
30.999212412 69.07511793311397
30.999238728999998 69.11326777571843
30.999311184 69.26640289654341
30.999638501 69.42275707922589
31.002159924 69.46586274789516
31.002235367 69.4756762393422
31.005063084 69.54812332399827
31.005332704 69.54830424012273
31.016313012 69.67436723209522
31.019672131 69.67821394639387
33.156151877 69.90334762537613
33.156229059 70.05892421276296
33.15664239 70.16906185841843
33.156736778 70.1813305198645
33.157307671 70.32194090323104
33.157525821 70.41123548678743
33.15755275 70.44938532939189
33.157631535 70.60252045021687
33.15792877 70.75887463289935
33.160468586 70.8019803015686
33.160551436 70.81179379301565
33.163560548 70.8844217937962
33.164147251 70.88442179379621
33.175810446 71.01048478576868
35.216664134 71.23561846475093
35.216752965 71.39119505213776
35.217182854 71.50133269779323
35.21729607 71.5136013592393
35.217872065 71.65421174260584
35.218098109 71.78165616876669
35.218174197 71.93479128959167
35.218479883 72.09114547227415
35.220972221 72.1342511409434
35.221050909 72.14406463239045
35.223731439 72.21651171704653
35.224018735 72.216692633171
35.224574768 72.21669263317101
35.245284391 72.22851456854431
35.324724039 72.22851456854433
37.241120319 72.45364824752657
37.241210172 72.6092248349134
37.241638174 72.71936248056888
37.242315776 72.87224152538148
37.242545392 72.96153610893788
37.242571838 72.99968595154233
37.242621705 73.15282107236732
37.242922355 73.3091752550498
37.245471818 73.35228092371905
37.245553674 73.3620944151661
37.248286261 73.43454149982217
37.248563354 73.43472241594664
37.280037782 73.43472241594665
39.181783068 73.6598560949289
39.181868521 73.81543268231574
39.182281168 73.9255703279712
39.182906456 74.07844937278381
39.183137763 74.20589379894466
39.183209574 74.35902891976966
39.183495834 74.51538310245213
39.185913292 74.55848877112139
39.185993462 74.56830226256844
39.189197329 74.64074934722451
39.189413453 74.64093026334899
41.048757212 74.86606394233122
41.048835514 75.02164052971806
41.049210373 75.13177817537353
41.050051944 75.37395180374253
41.050078593 75.41210164634698
41.050137667 75.56523676717197
41.050401262 75.72159094985446
41.052764551 75.76469661852371
41.052841745 75.77451010997076
41.059676289 75.81694441246505
41.063834542 75.84371847900111
41.643047204 75.84371847900113
42.866117986 76.1681287616692
42.866283099 76.22222552994036
42.866432194 76.46271905221528
42.867415314 76.61488986199913
42.86748052 76.76802498282412
42.867743635 76.9243791655066
42.870028072 76.96748483417585
42.870102998 76.9772983256229
42.876733851 77.01973262811718
42.895167102 77.04228105983732
42.916612618 77.04228105983734
44.635748123 77.3666913425054
44.63593058 77.42078811077656
44.637797051 77.66128163305147
44.638773724 77.81345244283533
44.638839266 77.96658756366031
44.639116305 78.1229417463428
44.641297614 78.16604741501206
44.641373147 78.1758609064591
44.710826748 78.17586090645912
45.784933956 78.17586090645914
46.371503711 78.5002711891272
46.37167856 78.55436795739837
46.371812623 78.79486147967329
46.372779106 78.94703228945714
46.372840825 79.10016741028211
46.373096001 79.2565215929646
46.380827058 79.29962726163386
46.403492499 79.3094407530809
48.026102563 79.63385103574899
48.026270479 79.68794780402015
48.026415088 79.92844132629507
48.027370381 80.08061213607893
48.027433223 80.23374725690391
48.027696155 80.39010143958639
48.091858535 80.3901014395864
49.617746406 80.77081170595548
49.618127817 80.88094935161094
49.618916097 81.1612728225844
49.618983222 81.31440794340938
49.62056876 81.35964055128446
49.633069668 81.38958578686545
49.633588281 81.38958578686547
49.636889762 81.39111496270313
50.15377136 81.39111496270314
51.163265214 81.77182522907222
51.163704119 81.88196287472769
51.165291032 82.10191218229693
51.165995245 82.36065407440122
51.179673465 82.39059930998222
52.660627331 82.77130957635133
52.660990969 82.88144722200678
52.662603934 83.01514634675607
52.663087776 83.10139652957601
52.663274952 83.36013842168032
52.677623195 83.3748580202464
52.690453555 83.3900836572613
54.117788419 83.77079392363038
54.118161135 83.88093156928585
54.119735638 84.01463069403513
54.12021321 84.01463069403515
54.120371158 84.35962276895938
54.133741285 84.37434236752547
54.591657718 84.37434236752549
55.544556719 84.75505263389456
55.544926864 84.86519027955003
55.548032859 84.99888940429932
55.548499695 84.99888940429933
55.548649975000004 85.34388147922357
55.769256035 85.34388147922358
56.910429637 85.72459174559265
56.910761686 85.83472939124812
56.912280197 85.9684285159974
56.91277094 85.96842851599742
56.914721853 86.0999742055721
56.916774191 86.12657393918668
56.919480949 86.23154208370275
56.936346018 86.31342059092164
58.096642211 86.31342059092165
58.231966958 86.69413085729073
58.232294151 86.80426850294619
58.234159277 86.93796762769547
58.234644702 86.93796762769549
58.236407537 87.06951331727016
58.238453537 87.09611305088475
58.241217065 87.20108119540082
58.345706064 87.20108119540083
59.516797166 87.57958824634007
59.516960103 87.82008176861498
59.518568349 87.82562823217465
59.519018485 87.82562823217467
59.520713042 87.95717392174934
59.522708674 87.98377365536393
59.531822807 88.08369274842008
59.606051116 88.08369274842009
60.746117474 88.46440301478917
60.747866713 88.70823978519392
60.750498319 88.8397854747686
60.75247913 88.86638520838319
61.046383544 88.8663852083832
61.944966722 88.99455912437348
61.945294142 89.07274479735369
61.945399851 89.24709547475229
61.946558199 89.49093224515703
61.960769934 89.64761763880816
61.966423719 89.64761763880817
62.426976648 89.64761763880819
63.099597501 89.77579155479845
63.099906999 89.85397722777867
63.100021512 90.02832790517726
63.101172265 90.27216467558199
63.101601264 90.272164675582
63.114413537 90.33810909447102
64.217792531 90.35711869370417
64.217996856 90.54446868344152
64.219208652 90.96265613124486
64.237671824 91.00176989027528
64.30205316 91.0017698902753
65.276507396 91.12994380626557
65.27679027 91.2081294792458
65.277777297 91.45691331858731
65.278006018 91.62631692704913
65.359121085 91.62631692704915
66.304447578 91.75449084303942
66.304729195 91.83267651601965
66.306716856 91.86893193121354
66.308105129 91.90588040783352
66.309167381 92.06192498677123
66.309971389 92.08146035536114
66.312481366 92.15553584410067
66.317781319 92.25086396382297
66.346947774 92.25086396382298
67.319130458 92.37903787981325
67.319411295 92.45722355279348
67.321760452 92.49347896798737
67.322740212 92.53042744460735
67.324169528 92.68647202354506
67.32703091 92.7800828808745
67.33466809 92.78008288087452
68.269814547 92.9082567968648
68.270114419 92.98644246984502
68.271854651 93.02269788503891
68.273216793 93.05964636165889
68.274211644 93.2156909405966
68.655122674 93.21569094059662
69.188735809 93.34386485658689
69.189026442 93.4220505295671
69.191738459 93.45199150407127
69.192059518 93.49525442138098
69.19400827 93.52440909030354
69.195545155 93.53235624772365
69.195592721 93.59419799153584
69.195774087 93.61177462995408
69.205187882 93.63885324496162
70.058707625 93.63885324496164
70.061188113 93.76702716095191
70.06143654 93.84521283393214
70.064014182 93.87515380843631
70.064319332 93.91841672574601
70.066207381 93.94757139466856
70.066585877 93.94757139466857
70.072662151 94.00363968310339
70.074395672 94.01736029590087
70.077827706 94.0349369343191
70.892762764 94.03493693431912
70.894561875 94.16311085030938
70.89726516 94.27123749779378
70.897598563 94.31450041510348
70.899405853 94.34365508402604
70.909228617 94.35869436553563
70.909849656 94.39972337246084
70.921932282 94.39972337246085
70.95407568 94.39972337246087
71.692830504 94.52789728845113
71.695545654 94.63602393593553
71.695871823 94.67928685324523
71.697634725 94.70844152216779
71.71659149 94.7084415221678
72.458787604 94.83661543815809
72.461364577 94.94474208564249
72.461649287 94.98800500295219
72.463364713 95.01715967187474
73.193012199 95.14533358786503
73.195635327 95.15160431404756
73.195779106 95.20211800344696
73.195860014 95.2967231526591
73.198855833 95.30853840455734
73.895735028 95.32754800379048
73.896401947 95.35016534327535
73.89773891 95.41025354390054
73.898261041 95.44298304673016
73.898415462 95.49349673612954
73.898472514 95.58810188534169
73.908095664 95.5881018853417
73.992860139 95.58810188534171
74.400621944 95.58810188534173
74.563168044 95.60711148457486
74.563794716 95.62972882405974
74.5650894 95.68981702468493
74.566158522 95.86284117378779
74.757884141 95.8628411737878
75.174164546 95.86284117378781
75.226519903 95.88185077302094
75.227124819 95.90446811250581
75.228403318 95.96455631313103
75.228895468 95.99728581596062
75.229045794 96.04779950536002
75.229109889 96.13701446629808
75.25135791 96.1370144662981
75.379680236 96.13701446629811
75.858633958 96.15602406553124
75.859242482 96.17864140501614
75.860474943 96.23872960564132
75.861000539 96.34646671903444
75.865313395 96.40918638992564
75.877303616 96.40918638992565
76.461235034 96.42819598915877
76.461812395 96.45081332864366
76.462136709 96.51966443481872
76.464654492 96.68416040026027
76.487502584 96.68416040026028
76.830284483 96.6841604002603
76.92840194 96.68416040026031
77.012491059 96.70316999949343
77.013049286 96.72578733897832
77.014186286 96.78587553960348
77.017559683 96.8154877572072
77.019447796 96.85902326294102
77.041052386 96.85902326294105
77.470229271 96.85902326294107
77.548547553 96.8780328621742
77.549088677 96.90065020165909
77.55018246 96.96073840228428
77.552650309 96.9714289819853
77.553330637 96.99035061988796
77.55606355 97.0042854799261
77.557967127 97.0140301178355
77.565625917 97.01403011783552
77.736882672 97.01403011783553
78.052409228 97.03303971706866
78.052927039 97.05565705655353
78.054035438 97.11574525717873
78.05680271 97.12643583687976
78.057127548 97.13693637437827
78.06230438 97.14535747478243
78.17443654 97.14535747478244
78.412128497 97.14535747478246
78.532614775 97.16436707401557
78.533119135 97.18698441350047
78.53414131 97.24707261412566
78.537063566 97.2744332401297
78.564763007 97.27443324012971
78.709759949 97.27443324012972
78.985519116 97.29344283936284
78.986014721 97.31606017884774
78.987008399 97.37614837947292
78.993405267 97.39733949667244
79.0281431 97.39733949667246
79.148726606 97.39733949667247
79.36161246 97.39733949667249
79.41472303 97.4163490959056
79.415218537 97.4389664353905
79.416194045 97.49905463601569
79.45828119 97.4990546360157
79.605809497 97.49905463601571
79.824419214 97.51806423524883
79.824898274 97.54068157473372
79.827960918 97.58894437855156
79.858889046 97.58894437855157
80.012228713 97.58894437855159
80.208044002 97.60795397778472
80.208489129 97.63057131726961
80.210379649 97.65826014252761
80.213627866 97.66300838112782
80.213863192 97.67077173374912
80.255125865 97.67077173374913
80.555371963 97.68978133298228
80.555798375 97.71239867246715
80.557633388 97.74008749772517
80.560592141 97.74483573632534
80.566986928 97.74483573632537
80.884198507 97.7638453355585
80.884605804 97.7864626750434
80.885172294 97.88591956574342
80.88878851 97.90306646751728
81.1941616 97.9220760667504
81.194595701 97.9446934062353
81.196218883 97.97238223149333
81.220432424 97.97238223149334
81.246832418 97.97238223149336
81.48771391 97.99139183072649
81.488083035 98.01400917021138
81.490739912 98.03192493784456
81.603316479 98.03192493784458
81.741351388 98.0319249378446
81.764745923 98.05093453707771
81.765083414 98.0735518765626
81.775933486 98.07355187656262
81.960568756 98.07355187656263
82.022308847 98.09256147579575
82.022712641 98.15352871513534
82.022784215 98.18866543749233
82.027936157 98.18866543749235
82.066720635 98.18866543749236
82.264072759 98.20767503672549
82.264247557 98.25074322232082
82.273844414 98.25074322232084
82.418390275 98.25074322232085
82.492499611 98.26975282155398
82.495033361 98.27807998827984
82.49557328 98.28856447116944
82.500062664 98.28856447116945
82.504183662 98.28856447116947
82.702595046 98.30757407040261
82.705633105 98.35122535001268
82.788504227 98.3512253500127
82.900509682 98.37023494924583
82.901847389 98.38487606221268
82.980246957 98.3848760622127
83.086826829 98.40388566144583
83.11173308 98.40388566144584
83.183942659 98.40388566144586
83.418213237 98.73283845824939
83.445059278 98.7328384582494
83.456674109 98.73283845824942
83.564401547 98.89550512309586
83.673841913 98.89550512309587
83.943599119 98.93302305914978
83.943639095 98.93726755101008
83.943658406 98.94332760757334
83.96541936 98.94332760757335
84.309719429 99.08412050347287
84.448025763 99.151579954859
84.497449761 99.15157995485902
84.603668686 99.17850069665822
84.628131487 99.17850069665823
