0.000354644 50.14272226377916
0.000526911 50.32470296566392
0.000738818 50.340975043340094
0.000797773 50.395994417870554
0.001000674 50.85487968661376
0.078515335 51.72839190806235
0.078613967 51.9103726099471
0.078776915 51.92664468762328
0.078828714 51.98166406215374
0.07899417 52.44054933089694
0.139677821 52.446461820548066
0.260067438 52.44981620015234
0.381026795 52.45616122036661
0.618767937 52.46160248196641
0.714664206 52.46160248196642
0.8577423 52.46236229954957
0.978371985 52.466690325361824
1.039280628 52.46669032536184
1.099948705 52.46796570754835
1.15996779 52.46796570754836
1.219722275 52.48541080886265
1.27972013 52.485410808862675
1.4585090649999999 52.48820038674265
1.579008874 52.505935277165264
1.697024439 52.533562470540545
1.815478902 52.55939445624814
1.875384012 52.55939445624816
1.935299889 52.56106491413657
1.9944583420000002 52.567978924330944
2.173994189 52.59451706603916
2.233190339 52.60703040534287
2.356889962 52.62752868520416
2.4168237169999998 52.62752868520418
2.6026068430000002 52.62834372302359
2.662452734 52.628343723023605
2.881747983 52.66703590449552
3.084224154 52.91468390639963
3.08441102 53.17573820173402
3.084730488 53.38600313142102
3.084971343 53.503485208283394
3.085546894 53.5135505606399
3.085856147 53.8927985113979
3.086173101 54.01210515623205
3.086282206 54.15996589406036
3.092618392 54.2204583501219
3.097098603 54.2258996117217
3.097508851 54.32369158600345
3.107912034 54.391825814959475
3.107938807 54.3926408527789
3.120477118 54.440499940905354
5.962974166 54.7351919931165
5.963175185 54.99624628845089
5.963495741 55.20651121813789
5.964287745 55.334058647356784
5.964641664 55.44380971098748
5.964897416 55.83261324294892
5.965003362 55.980473980777234
5.971302208 56.04096643683877
5.9720858759999995 56.04096643683879
5.975744615 56.046407698438585
5.976148065 56.144199672720305
5.992549916 56.19183562181503
5.993021818 56.21314893949577
6.211377034 56.21396397731519
7.00518415 56.2139639773152
8.767514467 56.50865602952635
8.767723058 56.769710324860725
8.768066156 56.979975254547725
8.768848006 57.10752268376662
8.769165054 57.4867706345246
8.769492469 57.60607727935876
8.769602132 57.75393801718707
8.775779982 57.814430473248606
8.780088154 57.81987173484842
8.78050714 57.91766370913014
8.800219893 57.91933416701857
8.808825087 57.96529965822488
11.49451565 58.24910844677116
11.494719773 58.510162742105535
11.495030848 58.72042767179255
11.49581157 58.84797510101143
11.496133033 59.227223051769414
11.496518663 59.49439043443188
11.50258322 59.55488289049342
11.503345988 59.55488289049343
11.506825447 59.56032415209323
11.507276804 59.56108396967639
11.515502962 59.60465694729207
11.525883622 59.659786584263394
13.96285867 59.66981442785924
13.982434645 59.67148488574767
13.993771062 59.70493703765027
14.165786038 59.95529367429396
14.165983982 60.21634796962834
14.166331642 60.42661289931534
14.167098106 60.55416032853423
14.167422081 60.933408279292216
14.167826699 61.20057566195468
14.173851937 61.26106811801622
14.178063444 61.26650937961603
14.17853543 61.26726919719918
14.186755801 61.31084217481487
15.950257815 61.37599965538204
16.37596738 61.411122265173056
16.749485587 61.606349264845456
16.749675802 61.86740356017983
16.751759943 61.90696088869189
16.752339953 62.205215919085724
16.752643205 62.58446386984371
16.753021504 62.851631252506174
16.758699227 62.91212370856771
16.762786003 62.917564970167525
16.763246279 62.91832478775067
16.794984445 62.918324787750684
16.872878955 62.91838262835556
16.882113311 63.01784506052571
17.68975934 63.01860487810885
17.891956275 63.01860487810887
19.284708612 63.31335215055629
19.284899482 63.574406445890666
19.285341705 63.61396377440273
19.285914114 63.91221880479656
19.286229484 64.29146675555454
19.286623739 64.55863413821702
19.292426991 64.61912659427855
19.296475171 64.62456785587837
19.29693197 64.62532767346151
19.376218438 64.62532767346153
21.757828458 64.9208347634921
21.758046201 64.92339868008595
21.760136933 65.22144638733855
21.760676429 65.51970141773238
21.760975049 65.89894936849036
21.764182796 66.02122522612122
21.768031331 66.11027540624245
21.793243438 66.16653299696802
24.168639473 66.4620400869986
24.168878209 66.46460400359244
24.169330544 66.76265171084503
24.169923962 67.06090674123887
24.170237479 67.44015469199685
24.174213775 67.52316812267227
24.177437391 67.65148072974897
26.534686392 67.68353346321607
26.53487381 67.9495517363734
26.535271238 68.24759944362599
26.53586243 68.5458544740198
26.536426102 68.56115441028828
26.536520329 68.63062871898117
26.536598429 68.70162959857308
26.539660694 68.82194629589277
26.540121595 69.00811585545321
26.57385701 69.06342464137875
28.875864926 69.06916143265168
28.876017805 69.09547737484584
28.876059807 69.36149564800317
28.876465849 69.65954335525576
28.877022723 69.95779838564958
28.877587536 69.97309832191807
28.877723703 70.11357351020285
28.881093419 70.420059767083
28.927385584 70.42005976708302
31.105183352 70.4521125005501
31.105355857 70.71813077370743
31.105744438 71.01617848096002
31.106282251 71.31443351135384
31.106833901 71.32973344762232
31.106977575 71.47020863590711
31.110284212 71.77669489278728
33.200389707 71.88078200246403
33.200453833 72.07220198281786
33.200653052 72.07476589941169
33.201070596 72.3728136066643
33.201626833 72.66995309662491
33.202129367 72.68636857332658
33.202260007 72.82684376161137
33.20755549 73.03531969134247
33.208197556 73.03531969134248
33.217621082 73.11273427021897
35.239677157 73.2168213798957
35.239902916 73.41080527684339
35.240802839 73.70885298409597
35.241368048 74.00599247405661
35.241958995 74.16288313904307
35.247849277 74.28200663087104
35.258826873 74.39128680021044
35.936154322 74.39128680021045
37.231096934 74.49537390988716
37.231325323 74.68935780683485
37.231682747 74.98740551408746
37.232248255 75.28454500404807
37.232827652 75.44143566903453
37.239254187 75.56055916086251
37.249910761 75.6698393302019
37.308671279 75.66983933020191
37.328407357 75.66983933020192
39.153229266 75.77392643987865
39.153477348 75.96791033682634
39.153824845 76.26595804407894
39.154391793 76.56309753403956
39.15496535 76.71998819902602
39.161161736 76.839111690854
39.172764136 76.92846412875711
39.188754531 76.92846412875713
39.197431598 76.92846412875714
40.207558895 76.92846412875716
41.031485393 77.03255123843388
41.031730059 77.22653513538154
41.032096566 77.52458284263415
41.03263634 77.82172233259476
41.033218891 77.97861299758122
41.039623084 78.09773648940921
41.048146923 78.09773648940924
41.052562614 78.11746628344122
42.061714121 78.11746628344123
42.778986536 78.11746628344125
42.832223221 78.22155339311797
42.832452883 78.41553729006566
42.832814295 78.71358499731824
42.833339808 79.01072448727885
42.833887785 79.16761515226534
42.840803294 79.28673864409332
42.91045986 79.28673864409333
44.343419646 79.28673864409335
44.582921504 79.39082575377005
44.583169382 79.58480965071773
44.583541643 79.88285735797034
44.584059377 80.17999684793095
44.584622803 80.33688751291741
44.721826659 80.33688751291744
46.282329733 80.44097462259414
46.282560402 80.63495851954183
46.2846112 80.9330062267944
46.285314287 81.0375561210361
46.287797085 81.1642726052305
46.28813108 81.35228583572543
46.387371063 81.35228583572545
47.627932469 81.35228583572547
47.920329492 81.45637294540221
47.92054662 81.65035684234986
47.92087989 81.94840454960247
47.922050038 82.05295444384419
47.926405118 82.19526545466002
47.93122068 82.22539902097513
47.931459549 82.29564952408418
47.941397821 82.35080630004856
47.952858261 82.35080630004857
49.399829988 82.35080630004859
49.498412107 82.45489340972533
49.498632417 82.64887730667299
49.498984569 82.9469250139256
49.501624507 83.00853914313193
49.504120774 83.19378591898311
49.508171686 83.22391948529823
49.510832907 83.22545690171516
49.511495169 83.25561539905739
50.978680449 83.2556153990574
51.02785257 83.35970250873412
51.028068241 83.5536864056818
51.02863501 83.55368640568182
51.029121965 83.63493960489153
51.029206783 83.71933513186282
51.030053308 83.7213742184076
51.03049445 83.91334824214074
51.031391459 84.08300049137047
51.033602215 84.09859501799193
51.039963655 84.12649103804033
51.040182588 84.13026600072398
51.047556326 84.14875400292517
51.108171072 84.1487540029252
52.511677969 84.25284111260193
52.511910428 84.44682500954958
52.512450245 84.4468250095496
52.512924818 84.52807820875931
52.513412854 84.52807820875933
52.513784974000004 84.5438643152359
52.514251293 84.54386431523591
52.514731025 84.58877642308504
52.514858953 84.80648684600853
52.517253778 84.99173362185971
52.524165292 85.01962964190811
52.524358439 85.02340460459176
53.389060339 85.02340460459178
53.402764836 85.02340460459179
53.951720859 85.12749171426852
53.951960905 85.3214756112162
53.952981987 85.40272881042593
53.953796931 85.41851491690251
53.954255849 85.68113744767514
53.955130347 85.85078969690487
53.957226925 85.86638422352632
53.972575716 85.8942802435747
54.299718021 85.89428024357471
55.343723147 85.99836735325145
55.343940033 86.19235125019914
55.344916389 86.27360444940886
55.345704579 86.28939055588543
55.346608251 86.33430266373456
55.346737216 86.55201308665806
55.349050045 86.73725986250925
56.685511724 86.84134697218599
56.685743544 87.03533086913367
56.686756458 87.1165840683434
56.687561103 87.13237017481997
56.688447724 87.1772822826691
56.688600408 87.3949927055926
56.694404574 87.48005425752058
56.694672803 87.56464495482234
56.929666838 87.56464495482236
58.000049857 87.66873206449908
58.000258787 87.86271596144675
58.003270832 87.94396916065648
58.004009682 87.95975526713306
58.004826313 88.00466737498219
58.006067646 88.09100695381451
58.009302432 88.17793920517818
58.010527608 88.30743934983367
58.021382169 88.31886244713203
58.024307765 88.31886244713205
58.047187759 88.31886244713206
59.103517289 88.31886244713208
59.2883835 88.4229495568088
59.288596559 88.61693345375649
59.289945424 88.69818665296621
59.290687768 88.7139727594428
59.291120514 88.75888486729193
59.292555475 88.77134780619262
59.292778158 88.84522444612425
59.295986661 88.93215669748791
59.297317722 89.04389995976294
59.312923277 89.06165684214339
59.50416483 89.0616568421434
60.518513546 89.16574395182013
60.518726281 89.3597278487678
60.519631217 89.44098104797753
60.520360356 89.45676715445411
60.521191308 89.50167926230324
60.52257845 89.51414220120394
60.525505468 89.67495109249923
60.527176118 89.78669435477426
60.542352073 89.78669435477427
61.265908364 89.78669435477428
61.702114448 89.89078146445101
61.702326792 90.0847653613987
61.703638838 90.16601856060842
61.704339755 90.181804667085
61.70477607 90.22671677493413
61.706140379 90.23917971383483
61.709369678 90.39998860513012
61.71564782 90.46686167817722
61.725045015 90.51173186740515
62.255442746 90.51173186740516
62.854348585 90.61581897708187
62.854566974 90.80980287402956
62.855041806 90.80980287402957
62.855840057 90.8910560732393
62.856550915 90.90684217971588
62.856976792 90.95175428756501
62.858340688 90.9642172264657
62.861438416 91.125026117761
62.867493679 91.1918991908081
63.944255695 91.29598630048484
63.944469722 91.48997019743251
63.946791365 91.63192161096795
63.948119355 91.64438454986865
63.948818164 91.84173500076187
65.003935658 91.94582211043861
65.004396773 92.05542834325887
65.004577724 92.13980600738628
65.006412872 92.28175742092172
65.007743934 92.29422035982242
65.012336634 92.43800188374738
65.053901 92.43800188374739
65.577643105 92.4380018837474
66.01569665 92.54208899342413
66.016011111 92.54880664881401
66.016341983 92.7360728903718
66.018168914 92.87802430390724
66.022399963 92.88792680838881
66.025106695 92.89429439088727
66.036380158 92.89821896470721
66.166451014 92.89821896470723
66.665849311 92.89821896470724
67.015408515 93.00230607438394
67.015721005 93.00902372977384
67.016173482 93.09262049207338
67.016693978 93.0926204920734
67.017553608 93.137271892514
67.017862145 93.33824138486708
67.02452342 93.35451147184709
67.024868185 93.3545114718471
67.029736084 93.35451147184712
67.164898308 93.35451147184713
67.841424597 93.35451147184715
67.981115992 93.45859858152387
67.981424302 93.46531623691376
67.981731192 93.52765905367751
67.981889772 93.54891299921331
67.983309148 93.56257977971093
67.983510423 93.79453389200698
67.989904373 93.81080397898702
68.031653217 93.81080397898704
68.887692039 93.91489108866377
68.887829488 93.98395156081739
68.888413099 94.0052055063532
68.889704967 94.07835600417127
68.889983475 94.25082639914687
68.907731277 94.25082639914689
69.764982797 94.35491350882361
69.765122285 94.42397398097724
69.765270472 94.42397398097725
69.765715287 94.44522792651306
69.76697487 94.51837842433112
69.767123449 94.51837842433113
69.767576608 94.56056655307779
69.770108936 94.56524257301704
69.774248443 94.6058003051016
69.777101673 94.61848688041826
69.78037262 94.6824948985402
70.36550728 94.68249489854021
70.606289799 94.78658200821695
70.606433514 94.85564248037058
70.607009634 94.8768964259064
70.608790777 94.99223505247112
70.611339231 94.99691107241037
70.615303308 94.99705189389266
70.615751575 95.00917005985117
71.232766624 95.00917005985119
71.399476182 95.1132571695279
71.399605935 95.18231764168152
71.400131057 95.20357158721734
71.401325033 95.2767220850354
71.401886863 95.31891021378208
71.404298719 95.32358623372133
71.408062324 95.32372705520362
71.438910194 95.32372705520363
72.166829343 95.42781416488037
72.16696527 95.496874637034
72.167100543 95.49687463703401
72.167498374 95.51812858256982
72.169159819 95.63346720913454
72.175133167 95.64529074758242
72.190015198 95.64529074758244
72.377812202 95.64529074758245
72.888908205 95.74937785725916
72.889042367 95.8184383294128
72.889556655 95.8396922749486
72.89118612 95.95503090151333
72.905823284 95.95503090151335
73.550662742 95.95503090151337
73.5921312 96.05911801119008
73.592266684 96.1281784833437
73.592386462 96.12817848334372
73.592800285 96.14943242887952
73.597314437 96.20215465688092
73.59979253 96.22258292669758
73.626802364 96.2225829266976
73.82009125 96.22258292669761
74.258208884 96.32667003637434
74.258450223 96.39573050852799
74.258849675 96.41698445406378
74.263262595 96.46970668206518
74.505012205 96.4697066820652
74.893226263 96.57379379174193
74.893362441 96.64285426389556
74.895981286 96.66410820943136
74.901688751 96.71437873087045
75.500588748 96.81846584054718
75.501530313 96.9087802582366
75.50577999 97.04878440337626
75.517966985 97.04878440337627
75.775578175 97.04878440337629
76.084538747 97.15287151305301
76.085459192 97.24318593074244
76.095911532 97.26558369351508
76.217042242 97.2655836935151
76.468942903 97.26558369351511
76.634394377 97.36967080319184
76.635292981 97.45998522088126
76.645965917 97.45998522088128
76.760990893 97.4599852208813
77.155947326 97.56407233055802
77.158258946 97.56674242741867
77.159884669 97.61187522179213
77.162157196 97.61983181423545
77.173635444 97.61983181423547
77.323904304 97.61983181423548
77.649801288 97.72391892391222
77.651963039 97.72658902077289
77.653540695 97.77172181514634
77.656342126 97.77653734976778
77.920732252 97.77653734976779
78.126681951 97.8806244594445
78.128794436 97.88329455630517
78.130362077 97.92842735067863
78.337088698 97.92842735067865
78.576892317 98.03251446035537
78.578943506 98.03518455721604
78.926975462 98.03518455721606
79.001537491 98.13927166689278
79.146282175 98.1392716668928
79.401765397 98.18827630732339
79.40246878 98.21835390216214
79.637575602 98.21835390216215
79.7802586 98.26735854259275
79.783567419 98.29419557547618
79.997882388 98.2941955754762
80.018288859 98.29419557547621
80.125459446 98.34320021590679
80.125722654 98.3432002159068
80.126603529 98.35399463387576
80.129160395 98.36956631806366
80.131248874 98.36956631806368
80.235550531 98.36956631806369
80.42385362 98.3695663180637
80.451533817 98.39163215804379
80.451744845 98.41857095849429
80.452579239 98.42936537646325
80.455765323 98.43312357603328
80.461882028 98.4331235760333
80.542208782 98.43312357603331
80.759396662 98.45518941601341
80.759596848 98.4821282164639
80.760415368 98.49292263443286
80.840930082 98.49292263443287
81.006375243 98.49292263443289
81.046649073 98.5419272748635
81.051409646 98.55257674176806
81.136900777 98.55257674176808
81.251589535 98.55257674176809
81.321872177 98.5533590285117
81.322442755 98.59349559879233
81.516217412 98.59349559879234
81.577805783 98.59427788553593
81.578588828 98.6035540535017
81.579672355 98.61868124665752
81.603718819 98.61868124665753
81.817969653 98.61946353340113
81.818404427 98.6287397013669
81.819481253 98.72434824763155
82.042927387 98.72513053437517
82.0433347 98.73440670234093
82.250006664 98.86424410441529
82.443568405 98.90119050900327
82.462398065 98.90119050900329
82.626618953 98.9019727957469
