0.000362236 47.107866504949925
0.000455388 48.3456058769992
0.000608981 48.77610388457711
0.000700842 49.20906795517645
0.002245846 49.21073154808607
0.009150553 49.49243092266205
0.014460181 49.52638382854609
0.026375116 49.636656443528494
0.07919146 49.89477577790289
0.079308171 50.32527378548079
0.079381791 50.75823785608013
0.08061526 50.75990144898975
0.086061093 51.041600823565744
0.090166464 51.07555372944978
0.099415742 51.18582634443217
0.160945448 51.185826344432186
0.222012479 51.23847753198598
0.283290095 51.23847753198599
0.344957369 51.24624206556892
0.406241917 51.26202438265399
0.646149986 51.262927632795794
0.705680975 51.27222772545329
0.940829261 51.286652148628875
1.060937571 51.32056168831579
1.120796541 51.320561688315806
1.298805843 51.32662111946742
1.358995732 51.32662111946743
1.418129859 51.34846412145865
1.6580121509999999 51.351297999351075
1.71940052 51.35847355357852
1.839179645 51.36323363791581
1.898122822 51.363233637915826
1.9569812199999999 51.375408344303494
2.313224733 51.39862269766839
2.495320004 51.3986226976684
2.55408106 51.40936125018753
2.7935131269999998 51.453391305986386
3.07645977 51.9403909765708
3.076613828 52.37088898414869
3.0769679 52.44441135845433
3.077252666 52.54227506826861
3.078408424 52.644009296628056
3.078828674 52.805516647657655
3.083275553 53.08721602223363
3.087255606 53.12116892811767
3.099499713 53.165198983916525
3.134029988 53.16519898391654
3.159380338 53.165198983916554
3.561321459 53.16803286180895
3.5950172179999997 53.16803286180897
3.675000545 53.1752084160364
3.708310346 53.17520841603641
3.903725167 53.179968500373704
3.90543274 53.17996850037372
4.135761266 53.19214320676137
4.137407644 53.192143206761386
4.361683691 53.270126168444264
4.476703755 53.27012616844428
5.952279851 53.80728441523843
5.952440193 54.23778242281632
5.95279909 54.31130479712196
5.953085594 54.409168506936254
5.953811983 54.672410086325286
5.958991252 54.954109460901265
5.962970134 54.9880623667853
5.974886059 55.03209242258417
8.757623626 55.624019277696306
8.757771942 56.054517285274216
8.758113277 56.128039659579855
8.758386004 56.225903369394146
8.759094906 56.48914494878318
8.764170515 56.77084432335917
8.771119502 56.79405867672408
11.484960242 57.38598553183621
11.485135308 57.635943334742976
11.485217116 57.74131626579539
11.485306075 57.758010086541276
11.485478944 57.89000591371975
11.485751798 57.98786962353405
11.486438057 58.251111202923084
11.491523381 58.53281057749908
14.136944659 59.12473743261123
14.137118921 59.37469523551799
14.13927365 59.480068166570405
14.139345 59.496761987316276
14.139500699 59.62875781449476
14.140380172 59.9898631036981
14.148713348 60.24461825542923
14.149488322 60.244618255429245
14.150190192 60.2546276875491
16.729839449 60.846554542661224
16.730019339000002 61.096512345568
16.730101805 61.201885276620416
16.730194531 61.21857909736629
16.73036932 61.35057492454477
16.73127431 61.71168021374811
16.739690892 61.96643536547924
16.777677585 61.966435365479256
17.331548037 61.96643536547927
19.254725637 62.55836222059139
19.254904949 62.80832002349817
19.256767676 62.91369295455057
19.256845383 62.930386775296455
19.257015558 63.062382602474926
19.257889481 63.42348789167826
19.266000771 63.678243043409395
19.320392932 63.67824304340941
20.595200359 63.678243043409424
21.711459001 64.27016989852154
21.711670255 64.62550063248071
21.711748072 64.6421944532266
21.711917925 64.77419028040507
21.713154037 64.97378821857882
21.716293568 65.07922480827276
21.729326179 65.08596211354896
21.729411995 65.13234109205035
21.737027742 65.14719755249568
21.737594825 65.31381432533418
21.738077208 65.36214828819669
21.738547478 65.36820771934832
21.928140375 65.36820771934833
24.091451628 65.96013457446047
24.091672218 66.31546530841966
24.091749088 66.33215912916553
24.09191761 66.46415495634402
24.093158061 66.66375289451776
24.096311685 66.7691894842117
24.096956548 66.82230576798928
24.11744596 66.83716222843462
24.118262318 66.84557351470879
24.118494874 67.05211296413563
24.136495334 67.05211296413565
26.406789308 67.64403981924777
26.407023469 67.99937055320694
26.407109605 68.01606437395282
26.407277799 68.1480602011313
26.408511855 68.34765813930503
26.411591284 68.45309472899898
26.424912311 68.45983203427517
26.425000043 68.50621101277656
26.432229408 68.5210674732219
26.434039561 68.68768424606041
26.477621072 68.68768424606043
26.675489465 68.68768424606044
28.66607894 69.27961110117256
28.666320422 69.63494183513176
28.666388865000002 69.65163565587763
28.666552999 69.78363148305611
28.667797825 69.98322942122984
28.670874969 70.08866601092379
28.671509554 70.14178229470137
28.69051359 70.1566387551467
30.470525294 70.15663875514672
30.887096395 70.74856561025884
30.887320459 71.10389634421801
30.887416521 71.1205901649639
30.887602691 71.25258599214237
30.89089654 71.36955894240145
30.891849881 71.55762052001005
30.903978584 71.56435782528624
30.904065965 71.61073680378763
30.92823893 71.61073680378765
32.69546207 71.61073680378766
33.085097415 72.20266365889978
33.085321876 72.55799439285897
33.085400728 72.57468821360484
33.085570621 72.70668404078332
33.088681884 72.82365699104241
33.089623862 73.01171856865099
33.102306011 73.01845587392718
33.105641659 73.03952612358844
33.113598545 73.03952612358846
33.12021935 73.05517638093076
34.834873409 73.05517638093077
35.17384011 73.6471032360429
35.174056979 74.00243397000207
35.174132553 74.01912779074796
35.174304323 74.15112361792643
35.187065702 74.3373448750757
35.187528688 74.36673187813595
35.190331298 74.42648277953445
35.190600781 74.4628954510703
35.193861051 74.48396570073156
35.439225352 74.48396570073157
36.838316863 74.48396570073159
37.174381134 75.07589255584372
37.174607846 75.1899113835562
37.174687855 75.44791711054877
37.174860001 75.57991293772726
37.187131559 75.7955211979368
37.200291241 75.85527209933527
37.209785598 75.89168477087112
39.136655718 76.48361162598327
39.136871668 76.59763045369574
39.137045839 76.68284997520028
39.137095288 76.9876320078668
39.157581233 77.0319015145593
39.161346811 77.15544563353671
40.381485677 77.15544563353673
41.03773839 77.74737248864886
41.037952395 77.86139131636133
41.038098704 77.94661083786588
41.038147429 78.2513928705324
41.05716214 78.2956623772249
41.064565006 78.39265095973724
42.750091327 78.39265095973725
42.870972307 78.98457781484937
42.871196007 79.09859664256184
42.871274311 79.35660236955444
42.871438257 79.48859819673291
42.890992242 79.53286770342542
43.692953658 79.53286770342544
44.62904961 80.12479455853754
44.62926782 80.23881338625002
44.631474212 80.32403290775456
44.631521406 80.62881494042108
44.688244848 80.6288149404211
44.7577876 80.62881494042111
44.973714008 80.62881494042112
45.143395093 80.62881494042114
46.333536204 80.64058075335119
46.333923948 80.6783159871907
46.333999795 81.10059126113318
46.334679461 81.34866565884077
46.335107452 81.42072653074914
46.335170479 81.60754343552924
46.340444667 81.67270494526277
46.367115045 81.67646678309389
47.828568452 81.6764667830939
48.015797787 82.268393638206
48.016010302 82.38241246591848
48.016193298 82.46763198742302
48.016770838 82.46763198742303
48.017241834 82.4683783734219
48.017308257 82.655195278202
48.049698432 82.65519527820202
48.277188544 82.65519527820203
49.632447199 82.6669610911321
49.632751437 82.70469632497161
49.634464054 83.12697159891407
49.635010884 83.37504599662167
49.63541937 83.44710686853004
49.637856975 83.47776347746068
49.645517457 83.61728755395758
49.664997434 83.61728755395761
50.196233858 83.61728755395762
51.201900624 84.20921440906974
51.202104892 84.23332144385007
51.202131382 84.32323323678222
51.20229083 84.40845275828676
51.203253297 84.40919914428564
51.205605415 84.43985575321629
51.222726682 84.57937982971319
51.41175012 84.5793798297132
52.691911224 84.59114564264326
52.692233417 85.05115615042526
52.692763597 85.29923054813284
52.693180615 85.37129142004123
52.695607415 85.40194802897187
52.754075861 85.40194802897189
52.98537515 85.4019480289719
54.135543035 85.99387488408402
54.135740803 86.01798191886436
54.135767 86.10789371179649
54.136331406 86.1078937117965
54.137561263 86.12664915294192
54.138041151 86.12664915294194
54.155699109 86.12664915294195
54.15923441 86.15167763008779
54.187157992 86.1516776300878
55.44900853 86.15167763008782
55.561423932 86.74360448519994
55.561617559 86.76771151998028
55.56164421 86.85762331291241
55.562200049 86.85762331291242
55.563621606 86.87637875405784
55.564082859 86.87637875405785
55.580781127 86.87637875405787
56.887830055 86.87637875405788
56.917760991 87.46830560917
56.917947267 87.49241264395035
56.917974603 87.58232443688247
56.918515214 87.58232443688249
56.919699622 87.6010798780279
57.120765409 87.60107987802792
58.230936569 87.61284569095798
58.231285978 87.62814342413594
58.232129313 87.78185465171671
58.232688009 87.8651396674014
58.233415676 87.86513966740141
58.23396729 87.90143133359817
58.234094854 87.97346668215752
58.234158074 88.19300673314005
58.243431405 88.21711376792037
58.243985438 88.30702556085252
58.640765217 88.30702556085254
59.508550373 88.31879137378259
59.508901321 88.33408910696052
59.509694659 88.48780033454129
59.510183094 88.571085350226
59.510730238 88.57108535022601
59.511241819 88.60737701642277
59.511371024 88.67941236498213
59.512052224 88.69778451434031
59.513475758 88.75239421323376
59.513762609 88.82546275924922
59.51384934 88.86248713302324
59.513894038 88.89122482531552
59.514082551 88.89536020517123
59.531724841 88.91403020016347
60.278476928 88.9140302001635
60.731587049 88.92579601309356
60.731755198 88.99688854376294
60.732755596 89.09480497385226
60.733232512 89.17808998953697
60.734243813 89.21438165573375
60.73437331 89.2864170042931
60.736410922 89.35939885254473
60.736706016 89.43246739856019
60.736791259 89.46949177233421
60.736836563 89.49822946462649
60.737029059 89.5023648444822
61.912853937 89.5786878405994
61.913244371 89.71700375270709
61.913827261 89.7170037527071
61.914097785 89.76642463385565
61.91461305 89.76642463385566
61.915095181 89.80271630005245
61.91521561 89.8747516486118
61.917134614 89.94773349686344
61.91742737 90.0208020428789
61.917511866 90.05782641665292
61.917557107 90.0865641089452
61.917744485 90.09159197067669
61.941084291 90.0915919706767
62.399256516 90.09159197067672
63.057414794 90.10335778360678
63.057562613 90.17445031427616
63.05888801 90.19871638199979
63.058943488 90.3556517600502
63.059469614 90.35565176005021
63.059949787 90.39194342624697
63.060087765 90.46397877480632
63.062014552 90.53696062305795
63.073075361 90.65091271221209
63.075514381 90.6509127122121
64.146895302 90.66267852514218
64.147045814 90.73377105581156
64.148326585 90.75803712353519
64.148373381 90.9149725015856
64.148876815 90.91497250158561
64.149466477 91.02329951634172
64.151329757 91.09628136459338
64.165444882 91.18627491949164
64.482642382 91.18627491949165
65.209302165 91.1980407324217
65.209630087 91.21333846559966
65.209748203 91.26913326309108
65.210045749 91.40091382771652
65.210572078 91.40091382771654
65.210850659 91.45033470886511
65.211314268 91.45033470886513
65.211858007 91.55866172362124
65.213678926 91.63164357187287
65.227721916 91.63164357187289
65.248445062 91.6316435718729
65.317196738 91.63164357187291
66.229090029 91.64340938480296
66.229236139 91.71450191547237
66.230470394 91.73876798319597
66.230517721 91.89570336124638
66.231005847 91.89570336124639
66.231578957 92.00403037600253
66.246495083 92.0286408961755
66.279983279 92.02864089617552
66.636139105 92.02864089617553
67.211414958 92.0404067091056
67.211561403 92.11149923977497
67.212769535 92.1357653074986
67.212817061 92.29270068554901
67.213828418 92.40102770030514
67.229344885 92.40102770030515
67.569330151 92.40102770030516
68.152737465 92.41279351323523
68.152879945 92.4838860439046
68.155808463 92.50815211162823
68.155857485 92.66508748967864
68.158508481 92.67641950766874
68.159255345 92.76081982590581
68.159658388 92.76081982590583
68.575817396 92.76081982590584
68.967353705 92.76081982590586
69.059011706 92.8436781695053
69.060141804 92.8679442372289
69.060505114 92.92084904543216
69.060588061 92.94246982045128
69.060653429 93.02487961527932
69.063949219 93.07191728690583
69.0673796 93.12061195150652
69.304538049 93.12061195150653
69.930738444 93.20347029510596
69.931865249 93.22773636282959
69.932236667 93.28064117103283
69.932319929 93.30226194605197
69.932659508 93.35504953792177
69.933017804 93.35504953792179
69.933088258 93.39600375887012
69.933361968 93.44183328163759
70.571513393 93.4418332816376
70.758248484 93.52469162523705
70.759335111 93.54895769296066
70.759695807 93.60186250116392
70.75978351 93.62348327618304
70.760145421 93.67627086805287
70.762954416 93.75293074263759
71.212030914 93.7529307426376
71.557541351 93.83578908623706
71.55862307 93.86005515396066
71.558947061 93.91295996216392
71.559040641 93.93458073718304
71.559398829 93.98736832905287
71.562294186 94.05063117617264
71.564796692 94.05063117617266
71.568202687 94.05505981571373
71.569194295 94.05771582069347
71.615895033 94.0577158206935
72.322237525 94.14057416429293
72.323311243 94.16484023201656
72.323626926 94.2177450402198
72.323701261 94.23936581523891
72.32545749 94.26280271099176
72.325786984 94.29201655751447
72.3269762 94.35541625422854
72.33783256 94.35984489376959
72.347960107 94.3598448937696
72.421272178 94.35984489376962
72.87505001 94.35984489376963
73.054894782 94.44270323736906
73.055939032 94.46696930509269
73.056244032 94.51987411329596
73.056320678 94.54149488831507
73.058279278 94.59414563059063
73.059439601 94.65754532730467
73.061760619 94.65754532730469
73.182671557 94.6575453273047
73.632654279 94.65754532730472
73.761980566 94.74040367090417
73.762375068 94.87218423552962
73.763649765 94.89198291371999
73.766282496 94.95524576083979
74.424839786 95.03810410443923
74.425795973 95.06237017216286
74.426098453 95.1152749803661
74.426180185 95.13689575538524
74.426488828 95.18968334725504
74.426788502 95.18968334725506
74.432634195 95.24892568737197
74.810315465 95.24892568737198
75.05664834 95.33178403097143
75.057598448 95.35605009869504
75.057914794 95.4089549068983
75.058002551 95.43057568191742
75.058293823 95.48336327378725
75.474379552 95.48336327378726
75.669996322 95.56622161738672
75.670919405 95.59048768511032
75.671232397 95.64339249331358
75.671308202 95.6650132683327
75.671585541 95.7086719303005
75.671950291 95.72127123614294
76.062276721 95.72127123614295
76.247965725 95.8041295797424
76.24881947 95.88430968886108
76.249185721 95.90292123068838
76.249457073 95.9426523539314
76.383199324 95.94265235393141
76.62575923200001 95.94265235393142
76.8037434 96.02551069753086
76.804622184 96.04977676525449
76.804879956 96.10268157345773
76.804974801 96.12430234847687
76.812230153 96.16159549116338
76.940785332 96.1615954911634
77.167762826 96.16159549116341
77.326513616 96.24445383476288
77.327360114 96.26871990248648
77.327637597 96.32162471068972
77.329505449 96.4166419693953
77.331183578 96.44451493003433
77.334927001 96.44451493003434
77.466118634 96.44451493003436
77.822874141 96.52737327363381
77.823463591 96.53628938406557
77.823706586 96.55163934135744
77.823937235 96.61703447159552
77.824374496 96.63979115215646
77.829006564 96.64412935267588
77.831336644 96.64910881724687
78.298019205 96.73196716084634
78.298840597 96.75623322856994
78.299105374 96.80913803677318
78.304161962 96.82215249992329
78.377437752 96.8221524999233
78.752534923 96.90501084352276
78.753344007 96.92927691124636
78.753591835 96.98218171944963
78.934610399 96.98218171944964
79.183295176 97.06504006304908
79.184015356 97.08930613077271
79.18883653 97.1166370087854
79.588340392 97.19949535238487
79.589045314 97.2237614201085
79.970667325 97.30661976370794
79.971334223 97.32869197537633
80.316096136 97.4115503189758
80.640871212 97.46769264330135
80.641866952 97.4762166423715
80.64217518 97.4803041939692
80.644001978 97.48570883565928
80.653189578 97.4857088356593
80.947981737 97.58620342718395
81.237624086 97.66686609334965
81.405441314 97.66686609334967
81.509576758 97.76079956849867
81.540747314 97.7607995684987
81.666218724 97.76079956849871
81.763780687 97.8254658918944
81.764050671 97.8295534434921
81.840309686 97.82955344349212
82.000974178 97.89031555558532
82.13855822 97.89031555558533
82.223838021 98.00919718719489
82.352247776 98.00919718719491
82.432411004 98.0560072267482
82.432611544 98.06119056133842
82.628678885 98.10800060089174
82.810815162 98.24871699702413
83.284083884 98.34371481748964
84.224163384 98.4706098061662
84.474702443 98.79596291663147
84.509098048 98.84200430951772
84.509125941 99.16662801250094
84.512185321 99.16662801250095
84.517054882 99.16662801250096
