0.000357618 44.753890866784964
0.000444183 45.18604795388894
0.000488562 45.34581855399977
0.000529613 45.6965187457541
0.002145447 45.91537579031935
0.014400366 46.01098610480906
0.015434525 46.010986104809064
0.033440314 46.0710343373798
0.078679721 46.34322151096888
0.078708667 46.775378598072855
0.078742928 46.9351491981837
0.078835926 47.122851718621796
0.07885851 47.13322408335707
0.078964517 47.19700605951798
0.07913028 47.19766292332502
0.07946942 47.28196464613399
0.079603839 47.285849389938015
0.080130878 47.50470643450327
0.089902282 47.600316748992974
0.090722562 47.60031674899298
0.104572614 47.60031674899299
0.10477799 47.66036498156372
0.225343121 47.6681543040586
0.347122738 47.66815430405862
0.467757937 47.67229701077274
0.587234248 47.682099702880876
0.706998539 47.686377426503405
0.826007608 47.68653366047772
1.127756223 47.729359349900804
1.245751798 47.72935934990082
1.366812596 47.741633941013504
1.486386531 47.76912955319132
1.604229971 47.780006899067715
2.077693527 47.80131448636946
2.194733993 47.80134325375715
2.491364804 47.8379057363132
2.726008889 47.89092114789449
3.060562639 48.383243979141476
3.060605956 48.81540106624545
3.060644549 48.97517166635628
3.060686832 49.325871858110595
3.061554085 49.32587185811061
3.062103143 49.37497747042128
3.063079696 49.50657946488025
3.088458797 49.5234669704229
3.099762105 49.59774431425716
3.445910962 49.59774431425717
3.906118305 49.5998937095824
4.368188795 49.62120129688415
4.699152193 49.693354628746874
5.942806951 50.20528018498143
5.942852461 50.63743727208541
5.942891628 50.79720787219624
5.94293027 51.14790806395055
5.944250234 51.36676510851581
6.318942313 51.424663945761296
8.763201403 52.00771366583379
8.763245298 52.439870752937765
8.763283302 52.5996413530486
8.763321291 52.95034154480291
8.764625195 52.99944715711358
8.769383303 53.06065220295578
8.770250015 53.111299752122676
8.830259813 53.11129975212269
10.19087161 53.13363650744921
11.499111108 53.25544768920285
11.499165208 54.171180069952214
11.499205797 54.33095067006303
11.499243868 54.68165086181736
11.505286439 54.79196151997023
11.506551975 54.831731723260745
11.506850832 54.842609069137126
14.15409947 54.964420250890754
14.154140957 55.880152631640115
14.154178024 56.03992323175093
14.154252848 56.22762575218903
14.15427729 56.2379981169243
14.154388644 56.30178009308523
14.154569646 56.302436956892265
14.155368005 56.30243695689227
14.157731615 56.34870685670944
14.160203488 56.50093408165813
14.523095121 56.500934081658144
16.766968651 56.62274526341177
16.767021412 57.538477644161134
16.767060168 57.698248244271966
16.767174415 57.88595076471006
16.767202283 57.896323129445335
16.767328707 57.96010510560626
16.767520651 57.9607619694133
16.770717598 58.007031869230474
16.773186921 58.023007688996714
16.77332321 58.11199944715922
16.77383836 58.15925909417915
19.297326836 58.28107027593278
19.297370474 59.19680265668214
19.297407739 59.35657325679297
19.297496651 59.544275777231064
19.297522802 59.55464814196634
19.297633842 59.61843011812725
19.297810869 59.6190869819343
19.300851548 59.665356881751464
19.309974006 59.70012788366077
19.310548114 59.72902169925849
19.326189164 59.74649183121561
19.326287172 59.77460218330275
20.267703519 59.774602183302754
20.407654423 59.77460218330276
21.760054168 59.89641336505639
21.760106066 60.81214574580575
21.760143961 60.97191634591658
21.760234568 61.15961886635468
21.76026026 61.16999123108995
21.76038277 61.23377320725086
21.761325014 61.23443007105791
21.763626688 61.28069997087508
21.772620087 61.31547097278438
21.773172015 61.3443647883821
21.793012638 61.36183492033921
22.316131362 61.36183492033923
24.159090764 61.483646102092855
24.159140307 62.399378482842216
24.159180227 62.55914908295305
24.159270423 62.74685160339114
24.159296579 62.75722396812642
24.159411332 62.82100594428733
24.162530963 62.86793270791154
24.171438971 62.90270370982085
24.171989942 62.93159752541857
26.519513215 63.053408707172196
26.519556497 63.96914108792156
26.519591993 64.12891168803237
26.519676036 64.31661420847047
26.519701519 64.32698657320574
26.519821022 64.39076854936667
26.522844657 64.43769531299088
26.663130313 64.4376953129909
28.785129317 64.55950649474454
28.785169934 65.47523887549389
28.785205854 65.63500947560472
28.785318959 65.83308436077809
28.785433447 65.89686633693901
28.788464863 65.9015483907588
28.789134918 65.94379310056323
30.977156472 66.06560428231685
30.977201299 66.9813366630662
30.977237216 67.14110726317703
30.977333863 67.3391821483504
30.977448399 67.40296412451133
31.005872763 67.44476822343889
33.127187166 67.56657940519254
33.127226658 68.48231178594192
33.127262147 68.64208238605275
33.12736811 68.8401572712261
33.127477842 68.90393924738703
35.232576665 69.02575042914067
35.232631817 69.94148280989002
35.232670105 70.10125341000085
35.232771894 70.2993282951742
35.232890529 70.36311027133512
36.285749377 70.36311027133513
37.246684427 70.42896087082377
37.246751093 70.81568067232513
37.247287972 70.97283506649607
37.248731133 71.14285120747348
37.248951819 71.71014562384137
37.25677356 71.74084367318352
37.263554392 71.81022723828525
37.266602769 71.81534482264534
39.151169123 71.881195422134
39.151245384 72.26791522363534
39.151748678 72.4250696178063
39.15313799 72.59508575878371
39.153353779 73.16238017515157
39.161924993 73.1930782244937
39.167977345 73.26246178959545
40.997910031 73.3283123890841
40.99797662 73.71503219058545
40.998467205 73.8721865847564
40.999829206 74.04220272573382
41.000090029 74.26832725519158
41.000114686 74.47471980670666
41.000652591 74.60949714210169
41.007648404 74.64019519144382
41.017883469 74.66340412545675
41.034123469 74.70957875654555
41.996661337 74.70957875654557
42.80600384 74.7754293560342
42.806069659 75.16214915753555
42.806563613 75.3193035517065
42.807908489 75.4893196926839
42.808167415 75.71544422214168
42.808192598 75.92183677365676
42.81556145 76.08731215839393
42.825237617 76.11052109240684
43.076289542 76.11052109240686
44.292583138 76.11052109240687
44.551952376 76.17637169189551
44.552013105 76.56309149339687
44.552499722 76.72024588756781
44.553785806 76.89026202854522
44.554047492 77.116386558003
44.554073083 77.32277910951808
44.561365598 77.48825449425524
46.250908516 77.55410509374389
46.251503112 78.09797928941617
46.25277954 78.26799543039358
46.25307063 78.49411995985136
46.253608391 78.70051251136643
46.270044573 78.73513561200755
46.28134343 78.75544330112216
46.283173375 78.86598789610359
46.670086161 78.8659878961036
47.899036962 78.93183849559223
47.899643556 79.47571269126455
47.90090085 79.64572883224194
47.901182553 79.87185336169972
47.901724664 80.0782459132148
47.917837323 80.1128690138559
47.982356207 80.11286901385593
49.468082365 80.11286901385594
49.483802524 80.17871961334458
49.484293134 80.72259380901689
49.485523113 80.8926099499943
49.485925829 80.96070933077287
49.486071489 81.02134316683727
49.486325769 81.11873447945206
49.486350614 81.32512703096714
49.512916492 81.32512703096715
49.515088057 81.3321054571572
49.533188954 81.33210545715721
51.021501215 81.39795605664585
51.022005802 81.94183025231816
51.023228521 82.11184639329556
51.02365713 82.17994577407414
51.023796396 82.24057961013854
51.024048918 82.54436347426841
51.049555176 82.54436347426842
52.513882697 82.61021407375708
52.51439559 83.15408826942937
52.515540485 83.32410441040678
52.515948713 83.39220379118537
52.516095987 83.45283762724975
52.517414355 83.46250934457012
52.520533205 83.51142138958826
52.538340155 83.5540339929778
52.540649953 83.63352360884623
52.569476544 83.63352360884625
53.946249249 83.69937420833489
53.947166928 83.77856563660305
53.947316199 83.78547383805744
53.947354025 83.83464181668464
53.947915875 83.83464181668465
53.948027774 84.4132645449846
53.948430959 84.48136392576318
53.948577470000004 84.54199776182757
53.949871227 84.55166947914793
53.965512575 84.55166947914795
53.96975305 84.64319412755562
53.997901597 84.64319412755563
55.382930746 84.70904472704427
55.383770074 84.78823615531243
55.383912196 84.79514435676683
55.383951191 84.84431233539402
55.38446376 84.84431233539404
55.38457581 85.42293506369398
55.384956131 85.49103444447256
55.386382995 85.56133999785732
55.401771545 85.56133999785733
55.762448242 85.56133999785735
56.767080734 85.627190597346
56.76797848 85.70638202561416
56.769154029 85.71329022706855
56.769199626 85.76245820569575
56.769846836 85.88859125569172
56.7701283 85.92304547381427
56.770173855 85.97526679204209
56.770380137 85.98272379282251
56.771400063 86.29756131671505
56.77181914 86.3410809339957
56.771998917 86.47948586815903
56.798672844 86.47948586815905
58.09486427 86.54533646764769
58.095678073 86.62452789591585
58.095822385 86.63143609737024
58.095858184 86.68060407599745
58.09649405 86.80673712599342
58.096747182 86.84119134411596
58.096794962 86.89341266234379
58.097015314 86.90086966312421
58.100567539 87.2327822834737
58.101079935 87.294824426678
58.112430705 87.304401984578
58.114603232 87.32732618507598
58.166428744 87.32732618507599
58.937688843 87.327326185076
59.376754794 87.39317678456464
59.37756305 87.4723682128328
59.377714206 87.4792764142872
59.377749491 87.5284443929144
59.378380255 87.65457744291037
59.37863465 87.6890316610329
59.378685479 87.74125297926075
59.382116237 88.08062260039065
59.382618091 88.14266474359496
59.394092753 88.15224230149495
59.861850907 88.15224230149497
60.519922208 88.15224230149498
60.601354524 88.21809290098362
60.602129413 88.2972843292518
60.602268713 88.30419253070619
60.602304034 88.35336050933338
60.604317741 88.38281576624743
60.604548053 88.56339248688184
60.606492203 88.90553871680963
60.606971579 88.96758086001394
60.631171261 88.96758086001395
61.691972483 88.96758086001397
61.78217268 88.99804515689111
61.782261135 89.0334314595026
61.78434294 89.11262288777075
61.784485013 89.11953108922515
61.784518415 89.16869906785236
61.78644125 89.1981543247664
61.786654744 89.37873104540081
61.788520476 89.7208772753286
61.794040981 89.78291941853291
61.835586153 89.78291941853293
62.064785251 89.78291941853294
62.929954901 89.8133837154101
62.930284056 89.92796144628973
62.930438021 89.93486964774412
62.930476473 89.98403762637133
62.932667247 90.19406960391979
62.934552751 90.53621583384758
62.939990413 90.53940866774163
62.969646393 90.53940866774164
63.182864088 90.53940866774165
64.024186689 90.5698729646188
64.024500152 90.68445069549846
64.024628255 90.69135889695285
64.024664813 90.74052687558006
64.028142675 90.78969700129205
64.028349247 90.81129180621706
64.028458019 90.86237315689975
64.02852118 90.91080273931217
64.028542225 90.93642838631558
64.028666348 91.29270508305629
64.135987019 91.2927050830563
64.262267184 91.29270508305632
65.075651978 91.3231693799335
65.076091328 91.44465531226753
65.076138079 91.49382329089474
65.076973455 91.5033499593152
65.077305433 91.65441055901324
65.080568869 91.70269838356089
65.080978923 91.7026983835609
65.085027286 91.72530663031371
65.091267388 91.76562446701294
65.09130467 91.85294914873695
65.379660313 91.85294914873697
66.095565242 91.88341344561414
66.095968747 92.00489937794818
66.096014994 92.05406735657537
66.096800117 92.21465462469388
66.100141306 92.26294244924154
66.104616541 92.28555069599436
66.111020512 92.32586853269359
66.112494362 92.32595064973535
66.152547218 92.32595064973536
66.800250975 92.32595064973538
67.094357629 92.35641494661255
67.094762467 92.47790087894657
67.09481168 92.52706885757377
67.095242559 92.52706885757378
67.095591757 92.68765612569229
67.09889611 92.73594395023994
67.103267421 92.75855219699277
67.109598352 92.798870033692
67.581027033 92.79887003369201
68.040957199 92.82933433056917
68.041215095 92.94391206144881
68.041348783 92.9508202629032
68.041392596 92.9999882415304
68.042155237 93.00951490995087
68.042453827 93.16057550964891
68.044844956 93.17026410526253
68.044869245 93.19588975226593
68.045348525 93.20886333419656
68.049126004 93.20886333419658
68.049532497 93.23147158094939
68.068284836 93.2314715809494
68.867620415 93.23147158094942
68.941877492 93.26193587782657
68.942114328 93.37651360870622
68.942263736 93.38342181016061
68.942307769 93.43258978878782
68.943081419 93.44211645720829
68.943358458 93.59317705690633
68.945725806 93.60286565251994
68.945750456 93.62849129952335
68.946186478 93.64146488145398
69.380542884 93.641464881454
69.806832714 93.67192917833115
69.807067167 93.7865069092108
69.807203311 93.7934151106652
69.807246429 93.8425830892924
69.808010598 93.85210975771285
69.808261059 94.00317035741091
69.810508826 94.01285895302452
69.810535865 94.03848460002793
69.815086754 94.05145818195857
70.628084047 94.05145818195858
70.641570776 94.08192247883575
70.641902675 94.20340841116978
70.641950582 94.25257638979697
70.642651144 94.41316365791548
70.651482569 94.42285225352909
70.651835276 94.4484779005325
70.699835615 94.44847790053251
70.80488614 94.44847790053252
71.438178172 94.4789421974097
71.438507044 94.60042812974373
71.438550783 94.64959610837093
71.43931834 94.65912277679139
71.439548268 94.81018337648943
71.470746863 94.81018337648945
72.198602773 94.8406476733666
72.198932869 94.96213360570064
72.200527038 95.01130158432785
72.201325005 95.04939699433586
72.207992212 95.12006398052021
72.209135098 95.15212035477155
72.928221117 95.18258465164872
72.928542842 95.30407058398276
72.928588554 95.35323856260997
72.929293175 95.39133397261799
72.935914582 95.46200095880234
72.938600918 95.47881735221853
73.626005038 95.5092816490957
73.626304712 95.63076758142974
73.626350184 95.67993556005695
73.627041171 95.71803097006496
73.633527764 95.78869795624931
74.301560977 95.81916225312648
74.301858361 95.94064818546052
74.302521846 96.02791157409574
74.310431576 96.09046055142049
74.37075147 96.0904605514205
74.95074358 96.12092484829766
74.951033772 96.2424107806317
74.951700797 96.32967416926692
74.964676377 96.32967416926694
75.563613754 96.3601384661441
75.56419841 96.48162439847813
75.566266008 96.5126917159606
75.569840994 96.53790694124145
75.686201372 96.53790694124146
76.144315502 96.56837123811862
76.144890463 96.68985717045265
76.14669049 96.72092448793512
76.150256365 96.73929408315024
76.184297509 96.73929408315026
76.692484384 96.76975838002743
76.693046294 96.89124431236145
76.694796368 96.92231162984392
76.700245643 96.92308721361329
76.701472227 96.93441315059675
76.701928705 96.93482668760245
76.828765813 96.93482668760247
77.220109489 96.96529098447964
77.220667761 97.08677691681366
77.223737629 97.11784423429613
77.228748948 97.1186198180655
77.22992702 97.12994575504896
77.270672643 97.12994575504898
77.725691979 97.16041005192615
77.726888797 97.23331603443421
77.727102931 97.23331603443422
77.727291398 97.27630293388751
77.727939264 97.31296330174264
77.733396324 97.31373888551201
77.733687989 97.31373888551202
78.210584924 97.3442031823892
78.211928435 97.41710916489727
78.212325911 97.46009606435055
78.212748635 97.4967564322057
78.66587699 97.52722072908287
78.666996719 97.60012671159095
78.667553136 97.64311361104424
78.668217005 97.69833474478224
79.094748007 97.72879904165941
79.095842509 97.80170502416749
79.096193451 97.84469192362079
79.101694703 97.84920062074953
79.118269378 97.84920062074954
79.505403669 97.8796649176267
79.506436561 97.92175126073853
79.506785267 97.99555779958808
79.888381314 98.02602209646525
79.889338204 98.06810843957709
79.892754732 98.07636955056807
79.89409525 98.0928765298001
79.894371869 98.11210610135645
79.902489764 98.11210610135646
80.232803746 98.14257039823363
80.23419931 98.1555220396318
80.23434778 98.16375707590514
80.236908817 98.18576058155294
80.238096257 98.20942483156847
80.238239458 98.27264380863001
80.556509948 98.30310810550718
80.557884888 98.31605974690535
80.560514832 98.34629828882649
80.56176325 98.36996253884202
80.624088964 98.36996253884203
80.864629559 98.4004268357192
80.865949848 98.41337847711738
80.869012937 98.44361701903851
81.110996389 98.44361701903853
81.152279019 98.4740813159157
81.153585518 98.48703295731387
81.157699132 98.4961353458812
81.397746588 98.49613534588121
81.426651112 98.49665012144705
81.426872352 98.51292459935952
81.427281461 98.53955128415656
81.667318654 98.53955128415657
81.68282661 98.5400660597224
81.683132172 98.55634053763488
81.684019453 98.59400928856054
81.684158526 98.59446111061756
81.688631191 98.59446111061757
81.92370011 98.5949758861834
81.923937754 98.61125036409588
81.925768456 98.62075521761463
82.02196542 98.62075521761464
82.149651075 98.63754447109295
82.239432912 98.63754447109297
82.360476817 98.64816226020297
82.363229305 98.65019740813098
82.416559192 98.65019740813099
82.557973187 98.660815197241
82.739758192 98.95769617363547
82.743428031 98.9576961736355
