0.000355424 49.670271725987526
0.000455999 50.2484522052537
0.000801229 50.33648921012615
0.000923977 50.59636001065849
0.002743745 50.60739965608442
0.002810123 50.66784234807319
0.005535961 50.84180235775324
0.005684076 50.85931328501856
0.024076397 50.96169646072297
0.043090453 50.98985620866284
0.078333085 51.23919201036004
0.078371506 51.81737248962621
0.0786376 51.90540949449866
0.078735908 52.16528029503101
0.08019559 52.176319940456935
0.080248962 52.236762632445696
0.082394559 52.41072264212574
0.082511806 52.428233569391075
0.096873337 52.53061674509548
0.112032955 52.55877649303535
0.233113591 52.56651679807059
0.293652774 52.566516798070595
0.367011258 52.5772790873688
0.532640829 52.57727908736881
0.589998535 52.584841724124026
0.783200491 52.58484172412403
0.81646327 52.586011472395484
0.831654797 52.61417122033536
0.891310636 52.639129925469305
1.1276831330000001 52.66558605132452
1.245418572 52.665586051324524
1.366562023 52.68776067116642
1.486970084 52.70248436172229
1.72531791 52.72121203393746
1.845390739 52.7265297388361
2.02412542 52.726529738836106
2.084164962 52.74404066610142
2.26372228 52.74404066610143
2.434745508 52.75176610592758
2.462010447 52.779925853867454
2.694912514 52.821314527015
2.7669960209999998 52.84642384180583
3.08663779 53.30143970775669
3.086687924 53.879620187022866
3.08746694 54.106605690883136
3.087952186 54.22752799242766
3.08861612 54.238567637853585
3.090039568 54.29646702114342
3.090787156 54.472970339522405
3.091677478 54.49048126678773
3.111205007 54.52636645455376
3.142917641 54.59286444249214
4.589473413 54.611384172219616
5.953337082 55.14824027038663
5.953427674 55.68194814167365
5.953673494 55.81445775452525
5.954149093 55.953406253513066
5.954890515 55.98227383630459
5.955217185 56.08536820048352
5.95665549 56.14326758377335
5.959932626 56.232371088785555
5.9603635520000005 56.25882721464077
5.993368933 56.281001834482666
6.002829304 56.314453197253705
6.00446372 56.31977090215235
7.30224834 56.32953797266539
7.30305098 56.3295379726654
7.683754356 56.329537972665406
7.863878117 56.34805770239287
8.357561555 56.34805770239288
8.757275917 56.91320060080041
8.757325552 57.49138108006658
8.75762475 57.579418084939036
8.75811213 57.71836658392686
8.758839133 57.747234166718385
8.759196479 57.850328530897315
8.760590467 57.908227914187144
8.761547457 58.04596216489646
8.762041888 58.084731232566135
11.478833516 58.649874130973664
11.478928954 59.183582002260685
11.479190531 59.316091615112285
11.479684355 59.4550401141001
11.480403178 59.48390769689163
11.480754761 59.58700206107056
11.482122426 59.644901444360386
11.485257747 59.73400494937258
11.538587214 59.7340049493726
14.145144272 60.29914784778013
14.145232357 60.832855719067155
14.145470297 60.965365331918754
14.145945374 61.10431383090657
14.146662506 61.13318141369809
14.147178379 61.23396358896742
14.148338543 61.294175161166855
14.166967228 61.30292523374509
14.196896986 61.3029252337451
14.635471954 61.30292523374511
16.741541662 61.86806813215264
16.741640427 62.401776003439664
16.743680712 62.534285616291264
16.74415807 62.67323411527908
16.744811622 62.7021016980706
16.745315708 62.80288387333993
16.746422262 62.86309544553936
16.788221705 62.86309544553937
17.794242148 62.86309544553938
19.261075957 63.42823834394691
19.261162616 63.96194621523393
19.261399263 64.09445582808553
19.262348126 64.20853663442394
19.262542277 64.26227190986486
19.267918533 64.3393653731069
19.274153785 64.39503364322977
19.306590222 64.39503364322978
19.649219541 64.3950336432298
21.700171056 64.96017654163732
21.700274509 65.49388441292434
21.700522395 65.62639402577594
21.701485044000002 65.74047483211434
21.701694104 65.79421010755529
21.707220809 65.87130357079731
21.707928457 65.87130357079732
21.724809217 65.91306019682749
21.97591713 65.9130601968275
24.117532537 66.47820309523505
24.117620199 67.01191096652207
24.117863078 67.14442057937366
24.118778936 67.25850138571205
24.118973652 67.312236661153
24.124144786 67.38933012439502
24.144647465 67.38933012439503
26.487809888 67.38933012439504
26.539064826 67.95447302280257
26.539151081 68.4881808940896
26.539386211 68.62069050694117
26.54029006 68.73477131327958
26.540482967 68.78850658872052
26.545552853 68.86560005196255
26.626564351 68.86560005196256
28.796953072 69.43074295037009
28.797043987 69.4334259174603
28.797069095 69.59087097457162
28.797130633 69.68682612759717
28.797302170000002 70.0969604345087
28.798355926 70.26477651628805
28.824106119 70.27783726598052
28.909761307 70.27783726598054
29.651598484 70.27783726598055
30.978408724 70.84298016438807
30.978493148 70.84566313147828
30.978518498 71.0031081885896
30.978579065 71.09906334161516
30.978748393 71.5091976485267
30.979796122 71.67701373030604
33.079273899 71.8303731382518
33.079323689 71.91446040724972
33.079385696 72.24483959580378
33.079409151 72.4022846529151
33.079472233 72.49823980594068
33.079642513 72.9083741128522
33.087396313 73.03430481569862
33.096686943 73.07619019463154
33.123151713 73.07619019463155
34.232152068 73.07619019463156
35.122246666 73.22954960257731
35.122283822 73.31363687157523
35.122343352 73.64401606012929
35.122366692 73.8014611172406
35.122427553 73.89741627026618
35.122600565 74.30755057717771
35.13320834 74.42483778051232
35.133283231 74.450481980231
35.291601367 74.45048198023102
35.570064569 74.45048198023103
37.097669754 74.60384138817678
37.097754995 75.01830784572877
37.097779066 75.17575290284007
37.097837735 75.27170805586566
37.097999018 75.68184236277719
37.116897455 75.73926661268749
37.117019493 75.80485732066798
37.156398822 75.80485732066799
37.271547894 75.804857320668
39.014173023 75.95821672861375
39.014226767 76.04230399761167
39.014289104 76.37268318616573
39.014312415 76.53012824327705
39.01437556 76.62608339630263
39.014554666 77.03621770321415
39.033682274 77.09364195312448
40.879742686 77.24700136107023
40.879834382 77.66146781862221
40.879860693 77.81891287573352
40.879918397 77.9148680287591
40.880285716 77.94777996718892
40.880367946 77.97060311682831
40.880446251 78.00378603990899
40.88698961 78.24220873858494
40.893002165 78.24220873858495
40.908477915 78.27134155508168
42.691976193 78.42470096302743
42.6920618 78.83916742057941
42.692086706 78.99661247769073
42.692144926 79.0925676307163
42.692483017 79.12547956914612
42.692579624 79.1483027187855
42.692656682 79.18148564186617
42.698982864 79.41990834054214
42.704796857 79.41990834054215
43.367552462 79.41990834054216
44.446763999 79.57326774848792
44.446849654 79.9877342060399
44.446873503 80.14517926315122
44.446930239 80.24113441617679
44.447284486 80.27404635460661
44.447368082 80.29686950424599
44.447443449 80.33005242732666
44.453792651 80.38500333352313
44.453914261 80.4251441920273
44.454328832 80.56847512600261
44.488582936 80.56847512600262
44.838528932 80.56847512600264
46.153486355 80.72183453394838
46.153579045 81.13630099150036
46.155647095 81.29374604861168
46.155706015 81.38970120163727
46.156074009 81.42261314006707
46.15614366 81.44543628970645
46.15622119 81.47861921278712
46.171453831 81.71656750974502
46.403589713 81.71656750974503
47.803448355 81.86992691769078
47.80353336 82.28439337524276
47.803556985 82.44183843235407
47.80361584 82.53779358537965
47.803960007 82.57070552380947
47.804041228 82.59352867344886
47.804112332 82.62671159652953
47.819132818 82.63278969615025
47.82459385 82.63479824582016
47.858019733 82.63479824582018
48.113440909 82.63479824582019
49.394297288 82.78815765376594
49.3943864 83.20262411131792
49.39441018 83.36006916842923
49.394466318 83.45602432145482
49.394798658 83.48893625988464
49.394879047 83.51175940952403
49.394948273 83.5449423326047
49.409392867 83.55102043222541
49.441211949 83.55102043222543
50.816357099 83.55102043222544
50.949108815 83.70437984017119
50.949191998 84.11884629772317
50.94921639 84.27629135483448
50.949277549 84.37224650786007
50.949647449 84.40515844628987
50.949731663 84.42798159592925
50.949807698 84.46116451900993
50.976269028 84.46116451900994
51.12569453 84.46116451900996
52.442965419 84.6145239269557
52.443048529 85.02899038450768
52.443072036 85.186435441619
52.443129155 85.28239059464458
52.443439905 85.31530253307439
52.443525699 85.33812568271378
52.459794615 85.34703054164339
52.952115148 85.3470305416434
53.886989291 86.1266533984317
53.887069182 86.19068087218102
53.910222062 86.20116855570785
53.911860911 86.22399170534723
54.142582556 86.22399170534725
54.337561478 86.22399170534726
55.313951496 86.62258802629317
55.314009351 86.71609368910954
55.314536468 87.12446568724575
55.80290955 87.12446568724576
56.638336188 87.12446568724577
56.671801427 87.34948860184777
56.672206143 87.36377311114799
56.672541656 87.41794365276748
56.672871887 87.45340978492435
56.673412371 87.52577982597273
56.673662705 87.55633109427936
56.675444161 87.56382148170047
56.675680672 87.73445528664388
56.679971003 87.75900653594455
56.680403703 87.9416872492709
56.69593401 87.96811601778336
56.699873161 87.96811601778337
56.927503807 87.96811601778339
57.776591998 87.9681160177834
57.985953412 87.97863710304114
57.986651961 88.10468495699904
57.986977508 88.29706011546197
57.987522154 88.36943015651035
57.989527635 88.40747181223809
57.989756384 88.57810561718149
57.993988834 88.60265686648218
57.994404839 88.78533757980854
58.452863899 88.78533757980856
59.171397294 88.78533757980857
59.259207063 89.01036049441058
59.259513246 89.02464500371079
59.260039586 89.11428167748716
59.260777905 89.21720298684217
59.262555695 89.22469337426327
59.266012987 89.24832201157881
59.268481103 89.33276496435113
59.272392074 89.33935650427412
59.273725947 89.45830662250161
59.275219373 89.48830587998683
59.306385606 89.48830587998684
60.479089738 89.48830587998685
60.482501055 89.71332879458886
60.482810532 89.72761330388909
60.483326599 89.81724997766543
60.484059232 89.92017128702044
60.48454552 89.92017128702045
60.485792999 89.92766167444157
60.489098971 89.9512903117571
60.491305478 90.03573326452941
60.495131481 90.04232480445242
60.496918603 90.16127492267992
61.207336094 90.16127492267994
61.661239055 90.38629783728194
61.661564262 90.40058234658215
61.6620809 90.49021902035851
61.664135654 90.52205674608662
61.664458952 90.60063071713464
61.667791388 90.62425935445016
61.669925764 90.70870230722248
61.673627708 90.71529384714549
61.676899375 90.79581577137873
62.171986029 90.79581577137874
62.815808238 91.02083868598075
62.816142093 91.03512319528097
62.816630112 91.12475986905733
62.818656148 91.15659759478542
62.818993086 91.23517156583345
62.822143374 91.25880020314898
62.824397687 91.3432431559213
62.827590779 91.3498346958443
62.83529135 91.39082439319806
62.991525044 91.39082439319807
63.080787045 91.39082439319809
63.679757081 91.3908243931981
63.926763476 91.6158473078001
63.92754599 91.71976849087666
63.92822654 91.82268980023167
63.932948724 91.85380882496831
63.937828787 91.89852224586528
63.938314906 91.93711541159225
63.959678998 91.93711541159226
64.170629449 91.93711541159227
64.884120173 91.93711541159229
64.978623852 91.94763649685002
64.979442842 91.99708091102246
64.980071487 92.05991318020713
64.980097416 92.21854000138157
64.981380739 92.29789723499896
64.984675871 92.40009984336251
65.127816018 92.40009984336254
65.994364198 92.62512275796453
65.994877765 92.62512275796455
65.995847927 92.83196525039611
65.996309657 92.83196525039612
66.02525307 92.83196525039615
66.759426163 92.83196525039617
66.989280631 93.05698816499819
66.990639734 93.11338984018548
66.991896108 93.19274707380286
66.997414507 93.20955697129536
67.003346131 93.24143330227581
67.022371649 93.24143330227582
67.249105654 93.24143330227584
67.934086025 93.25195438753359
67.935402903 93.52285789206513
67.937003707 93.60221512568252
67.942092215 93.61902502317501
67.978580129 93.61902502317503
68.427359385 93.61902502317504
68.832177634 93.84404793777706
68.833488954 93.90044961296434
68.834695804 93.97980684658174
68.859358557 93.97980684658175
69.083418699 93.97980684658177
69.699354718 93.99032793183952
69.700608957 94.26123143637105
69.702057513 94.29410199143551
69.706217337 94.302146780485
69.708921497 94.33147854549176
69.759675362 94.33147854549179
70.355034897 94.3314785454918
70.527550101 94.42359139130298
70.527857784 94.55650146009384
70.529783949 94.64577369034558
70.534203595 94.65381847939508
71.323694106 94.74593132520624
71.324017764 94.8788413939971
71.325194308 94.9352430691844
71.325950093 94.96811362424884
71.34207591 94.96811362424886
71.357937346 94.96811362424887
72.088807555 95.06022647006004
72.089163556 95.19313653885088
72.090332821 95.24953821403817
72.091900285 95.25398303351356
72.092767007 95.25704692843665
72.098159107 95.25738628285153
72.215257455 95.25738628285154
72.825751347 95.34949912866269
72.826063016 95.3494991286627
72.827513227 95.37511202441739
72.828524145 95.54325569211626
72.829397122 95.54631958703932
72.834566059 95.55291096908017
72.905377847 95.55291096908019
73.518530595 95.64502381489135
73.518819771 95.64502381489136
73.522780216 95.8387803783449
73.523602045 95.84184427326798
73.697136939 95.841844273268
74.187207372 95.93395711907918
74.18980787 96.12771368253267
74.194808593 96.12998056687998
74.397743363 96.12998056688
74.81898958 96.22209341269117
74.821550489 96.41584997614468
74.931911819 96.4158499761447
75.323845598 96.41584997614471
75.431386803 96.50796282195589
75.433664395 96.64240103260698
75.434713863 96.67061358251675
75.854486493 96.67061358251676
76.008197452 96.76272642832794
76.010390714 96.89716463897904
76.013432689 96.92306276350558
76.025034015 96.9230627635056
76.101991362 96.92306276350563
76.557918597 97.0151756093168
76.560488382 97.01965339668874
76.563061844 97.03179825329372
76.563088976 97.17950617778428
76.609787618 97.17950617778429
76.855902801 97.1795061777843
77.078870692 97.27161902359548
77.0813946 97.27609681096742
77.084643025 97.29954572016966
77.08484257 97.29954572016968
77.084951241 97.30310873013688
77.085143032 97.3031087301369
77.087260878 97.33149607340475
77.107505443 97.33149607340476
77.576220543 97.42360891921591
77.576451977 97.42360891921592
77.578678946 97.42808670658788
77.581963221 97.45153561579012
77.582251597 97.45509862575734
77.584815412 97.45509862575737
77.794624297 97.45509862575739
78.051032268 97.54721147156856
78.051302492 97.54721147156857
78.053467389 97.5516892589405
78.058039675 97.55990309445177
78.059660098 97.55990309445178
78.067143421 97.5599030944518
78.500848226 97.63233187734397
78.501864868 97.65649372763491
78.553946174 97.65649372763494
78.925711967 97.72374781287687
78.926306554 97.7289225105271
78.927713909 97.74620986059494
78.931359712 97.74860657344612
79.327921548 97.81586065868805
79.32849352 97.82103535633829
79.32973123 97.83832270640613
79.337570993 97.83832270640615
79.708577232 97.90557679164807
79.709030549 97.9107514892983
79.709915298 97.91794111154529
79.944991363 97.9179411115453
80.054864872 97.96644732389787
80.054981995 97.98519519678722
80.055372152 97.99036989443745
80.059790356 97.99036989443746
80.088698608 97.99036989443749
80.38030235 98.05762397967942
80.38497611 98.11708830111215
80.51850778 98.11708830111216
80.684300718 98.14701145639732
80.684703491 98.16559451346474
80.684812729 98.18434238635406
80.714381559 98.18434238635409
80.976145854 98.21426554163925
80.978232532 98.21826099481557
80.980277218 98.23329164200202
81.208366508 98.23329164200203
81.250691709 98.26321479728718
81.252773178 98.26721025046349
81.254727923 98.26849164538764
81.255197946 98.27941868478652
81.281235204 98.27941868478653
81.362476352 98.27941868478655
81.506347067 98.30934184007171
81.508191928 98.31333729324803
81.510304881 98.31461868817217
81.534133507 98.31461868817219
81.745783558 98.33350621809997
81.745927057 98.34454184345735
81.747509813 98.34853729663367
81.748027322 98.4634112759834
81.971093198 98.49333443126856
81.972978536 98.49732988444488
82.04897426 98.4973298844449
82.07417487 98.49732988444491
82.182577764 98.52725303973008
82.377690851 98.5534648852899
83.037253317 98.63659574255395
83.040176219 98.63659574255396
83.117493772 98.63659574255398
83.297459093 98.7011948761777
83.300068021 98.70119487617772
83.519760299 98.79086269812188
83.539630136 98.7908626981219
