0.000354586 53.76513957228392
0.000437721 54.031806466611165
0.000528911 54.17653075911317
0.000571264 54.48066745297138
0.000612413 54.786106222036445
0.001609379 54.78610622203646
0.003755769 55.101328321223384
0.013120128 55.19942598935415
0.017853918 55.19996741979951
0.023112247 55.35654576849392
0.036751886 55.36765089816604
0.036895528 55.50091531503835
0.07937659 55.561183342573294
0.079415719 55.865320036431505
0.079448753 56.17075880549657
0.080256931 56.17075880549658
0.081944829 56.48598090468351
0.089226287 56.58407857281427
0.092884852 56.58462000325964
0.097000999 56.74119835195405
0.107794129 56.752303481626164
0.107909196 56.88556789849847
0.228333288 56.885567898498486
0.350033653 56.910117799332305
0.410770796 56.91011779933232
0.592424978 56.92349404778464
0.652973901 56.927542257230165
0.711592181 56.94712816887776
0.771390057 56.947128168877775
0.950079603 56.98215942112029
1.009163737 56.990086559109706
1.245477177 56.99300829279468
1.362244675 57.001525627724455
1.481992041 57.00719150948924
1.5401944300000001 57.00719150948925
1.7175650359999999 57.01229435949201
1.835493088 57.03713134221058
1.893436798 57.03713134221059
1.9542241150000002 57.038275490560835
2.0324818159999998 57.03827549056084
2.187041974 57.04522583700854
2.245996968 57.04522583700855
2.538709414 57.05847238164002
2.659755309 57.11978052564667
2.719499265 57.20234561614833
2.842813724 57.21345074582043
3.054810694 57.413822341437786
3.054897357 57.558546633939805
3.054936189 57.86268332779802
3.054974831 58.16812209686308
3.057501178 58.483344196050005
3.06478741 58.58144186418077
3.093545936 58.59468840881225
3.093587874 58.6559965528189
3.209437462 58.65599655281891
3.420034476 58.739705791670815
3.535936193 58.73970579167082
3.881751638 58.74665613811852
3.891908624 58.757761267790634
4.803017121 58.75990268274999
4.813076913 58.771007812422106
5.032859163 58.821210826756634
5.05916643 58.83231595642875
5.945945013 58.86778537269061
5.945989804 59.13445226701784
5.946069793 59.27917655951986
5.946113099 59.58331325337807
5.946152147 59.88875202244312
5.9486908530000004 60.20397412163005
5.956515085 60.302071789760824
5.983949642 60.315318334392295
5.983990511 60.376626478398954
8.758307754 60.475545453626815
8.758354006 60.742212347954045
8.758429933 60.88693664045605
8.758469073 61.19107333431426
8.75850625 61.49651210337934
8.760934581 61.81173420256625
8.768687888 61.909831870697026
9.645486515 61.92093700036914
11.520630204 62.01985597559699
11.520670905 62.28652286992422
11.520749005 62.43124716242624
11.520790074 62.73538385628445
11.520828853 63.04082262534951
11.523314464 63.0565848290239
11.523397264 63.128328946604306
11.523478405 63.29448445415715
11.537258726 63.40192484845334
11.550175155 63.447192046219506
11.575382163 63.44719204621951
11.604294452 63.44719204621952
14.213515427 63.523054083025436
14.213559479 63.789720977352665
14.213634373 63.934445269854685
14.213895421 64.2385819637129
14.213933532 64.54402073277797
14.21637211 64.55978293645236
14.216454963 64.63152705403276
14.216534613 64.7976825615856
15.153962137 64.83184462967964
15.167356561 64.93928502397583
15.272266629 64.93928502397584
16.836663672 64.94186873457963
16.836764153 65.35325992140885
16.836803459 65.65739661526707
16.836839894 65.96283538433214
16.846593459 66.03719587253825
16.847826232 66.19062642033627
16.848568687 66.19062642033629
16.852747649 66.32393760743595
19.394190732 66.43396171233594
19.394235884 66.70062860666316
19.394310166 66.84535289916518
19.394347997 67.14948959302338
19.394383818 67.45492836208844
19.396758551 67.47069056576284
19.396839032 67.54243468334325
19.396918222 67.70859019089609
21.86435719 67.81861429579605
21.864460742 68.23000548262529
21.864499092 68.53414217648351
21.864536791 68.83958094554858
21.874438566 68.86655873743929
21.875180436 69.06737198155274
23.111366855 69.06737198155275
24.268203995 69.17739608645273
24.26831579 69.58878727328197
24.268357434 69.89292396714016
24.268397864 70.19836273620523
24.278213171 70.22534052809594
24.279222183 70.325663816371
24.279626841 70.4261537722094
26.669352405 70.53617787710937
26.669459326 70.9475690639386
26.669498570000002 71.2517057577968
26.66953795 71.55714452686189
26.678968923 71.5841223187526
26.680665491 71.62545024264813
26.680909485 71.76088347984529
29.104824554 71.87090758474525
29.104921419 72.28229877157449
29.104962497 72.58643546543271
29.104999042 72.89187423449778
29.11438363 72.91885202638849
29.115785198 72.96017995028402
29.123496814 73.00494112131747
30.263644392 73.0049411213175
31.437320877 73.11496522621746
31.437424053 73.5263564130467
31.437462305 73.8304931069049
31.438237622 74.13593187596996
31.446571821 74.16290966786067
31.461852205 74.19037322780619
31.462486476 74.1903732278062
31.478699636 74.20423759175623
33.584963612 74.31426169665619
33.585065816 74.72565288348542
33.585105388 75.02978957734365
33.586452111 75.23881879613415
33.594143795 75.3622061382994
33.61142698 75.38966969824494
34.914056063 75.38966969824496
35.646638775 75.49969380314494
35.646740996 75.91108498997417
35.646780446 76.21522168383237
35.648237086 76.24438510368512
35.648347321 76.28377227373238
35.648786271 76.42425090262287
35.655538238 76.54763824478815
36.501509742 76.54763824478816
37.58518785 76.54763824478817
37.669967875 76.65766234968814
37.67005797 77.06905353651737
37.670095109 77.37319023037557
37.671542084 77.40235365022832
37.67165131 77.44174082027558
37.672090492 77.5822194491661
37.685796639 77.61721459466543
37.6872985 77.65624675150343
39.567995583 77.65624675150345
39.590183344 77.7662708564034
39.590271859 78.17766204323263
39.590620303 78.44596323112825
39.59078365 78.45432661241071
39.591009213 78.48179873709086
39.59173048 78.5109621569436
39.591841615999996 78.55034932699087
39.592258161 78.69082795588136
39.605825953 78.72582310138068
39.620146731 78.74827676015778
39.658238944 78.74827676015781
41.475140517 78.85830086505777
41.475239378 79.269692051887
41.475584418 79.53799323978262
41.475734485 79.54635662106509
41.475951113 79.57382874574523
41.476643763 79.60299216559798
41.476760957 79.64237933564524
41.477185889 79.78285796453572
41.49057183 79.81785311003503
41.527531212 79.81785311003506
42.214334626 79.81785311003507
42.576403112 79.81785311003509
43.284379723 79.92787721493502
43.284478505 80.33926840176426
43.284839363 80.60756958965987
43.284997414 80.61593297094234
43.285222001 80.64340509562248
43.285910638 80.67256851547523
43.286020161 80.7119556855225
43.286421485 80.852434314413
43.415565841 80.85243431441302
45.044065607 81.37384960614223
45.044121683 81.67798630000044
45.054217649 81.69072667691304
45.054680962 81.82871464377749
45.057514472 81.8467076020198
45.194947547 81.84670760201982
46.73984729 81.95673170691978
46.739949263 82.36812289374903
46.739986465 82.67225958760724
46.741334821 82.70142300746
46.741440318 82.74081017750727
46.76358087 82.78953712220844
48.388361644 82.8995612271084
48.388465008 83.31095241393766
48.388503731 83.61508910779587
48.389891941 83.64425252764862
48.389987223 83.68363969769588
48.422812136 83.6836396976959
49.975232447 84.20505498942507
49.975577948 84.47335617732068
49.975930215 84.50919168328329
49.984651828 84.5219320601959
49.988536596 84.53556195928915
49.996895596 84.54260541383155
50.153974855 84.54260541383157
50.98842585 84.54260541383158
51.512905449 85.06402070556078
51.512952719 85.36815739941899
51.522236857 85.3808977763316
51.525942123 85.39452767542485
51.795773314 85.39452767542487
51.942930787 85.39452767542488
53.001675272 85.91594296715408
53.001722166 86.22007966101229
53.009339361 86.2200796610123
53.010985655 86.23282003792491
53.866780302 86.23282003792492
54.446136375 86.75423532965414
54.44619078 87.05837202351233
54.50108845 87.05837202351235
55.838127071 87.19677420927925
55.838177492 87.2189601858292
55.838396503 87.30550360635631
55.838473076 87.42120836958925
55.841077202 87.43314224818859
55.841229629 87.54818048039735
55.841333612 87.74763723947004
55.85840995 87.84808850313716
56.275782112 87.84808850313718
57.198824775 88.07487840873779
57.200162116 88.18031889049199
57.20175196 88.22285872781342
57.201898876 88.33789696002218
57.202002431 88.53735371909487
57.224296586 88.53735371909488
57.355684751 88.5373537190949
58.460757194 88.53735371909491
58.515118514 88.76414362469552
58.51819464 88.81939518498295
58.518405243 88.83030461247597
58.519241554 88.89695512707658
58.52029735 88.92965004247829
58.521095152 88.95601103218102
58.521801225 88.967049421707
58.521955383 89.06889437391973
58.524388603 89.22588617616591
58.57637539 89.22588617616593
59.797401312 89.45267608176657
59.798456466 89.55811656352077
59.800110679 89.6006564008422
59.800137247 89.71569463305096
59.803434706 89.7574268309908
59.806267273 89.7645233023849
59.806369237 89.79381868785228
59.807245821 89.80289890683324
59.812476439 89.83301422476218
59.846098852 89.8330142247622
61.028841879 90.05980413036282
61.029897358 90.16524461211702
61.031553833 90.20778444943845
61.031582968 90.32282268164721
61.034873601 90.36455487958705
61.037633121 90.37165135098115
61.037737503 90.40094673644855
61.042666137 90.4064525538297
61.121108041 90.40645255382971
62.220127422 90.54485473959662
62.220163764 90.56704071614658
62.220332459 90.65358413667367
62.222093575 90.76928889990661
62.224317611 90.78122277850595
62.224465764 90.89626101071471
62.229625764 90.94508968004865
62.229736132 90.97438506551605
62.26838158 90.97438506551606
63.377603107 91.20117497111669
63.380055346 91.34915529019231
63.380188708 91.46419352240108
63.387129866 91.51302219173503
64.480624422 91.65142437750194
64.480660828 91.6736103540519
64.480829329 91.76015377457901
64.480889184 91.87585853781192
64.483016458 91.88779241641129
64.483152249 92.00283064862003
64.493278395 92.04008764743358
64.648142672 92.0400876474336
65.537995919 92.1784898332005
65.538040581 92.20067580975046
65.538236376 92.40292399351048
65.540335241 92.41485787210985
65.540473058 92.5298961043186
65.745472283 92.52989610431861
65.76599272 92.52989610431862
66.553456446 92.66829829008553
66.553685522 92.89273245039551
66.560800324 92.9100282721175
66.56731615 92.962287494449
66.629013941 92.96228749444901
66.88304591 92.96228749444903
67.537573515 93.18907740004964
67.540038533 93.21121514843318
67.540541439 93.29332252556314
67.541278805 93.31732753960762
67.543153753 93.32512384052593
67.544996111 93.34241966224789
67.551690083 93.3439927881804
67.554192562 93.38419582427278
67.611281322 93.3841958242728
67.796733031 93.38419582427281
68.499390738 93.52259801003973
68.499884132 93.54478398658966
68.499992505 93.74703217034971
68.506092962 93.76432799207167
68.517782459 93.76590111800418
68.54315215 93.7659011180042
69.188514609 93.76590111800421
69.407438834 93.90430330377113
69.40747377 93.92648928032109
69.40870292 93.93749299102511
69.41018953 93.99269102360482
69.410321182 94.09693614911832
70.090130925 94.09693614911833
70.279411421 94.23533833488526
70.27987617 94.2575243114352
70.280640654 94.26852802213925
70.282959534 94.28938139672806
70.283619124 94.31207880384959
70.283836327 94.38751319987598
70.292636293 94.387513199876
70.295263327 94.38988704249941
70.991095109 94.38988704249942
71.108965083 94.52828922826633
71.108995501 94.5504752048163
71.110152543 94.56147891552034
71.112245155 94.58233229010912
71.112876139 94.60502969723068
71.113102335 94.68046409325707
71.677376464 94.68046409325709
71.908154076 94.7635436529133
71.908594172 94.90725399885768
71.926187528 94.90725399885771
72.605588189 94.90725399885773
72.669510201 95.04565618462463
72.669543124 95.0678421611746
72.67067479 95.07884587187861
72.672808353 95.09969924646742
72.674662623 95.12239665358894
72.675780691 95.130507643472
73.390035767 95.13050764347201
73.393663917 95.1988423127598
73.394254721 95.28555534371607
73.394695769 95.3020995164929
73.396605477 95.32295289108171
73.39885899 95.34565029820322
73.468766646 95.34565029820324
73.648843584 95.34565029820325
74.087659072 95.34565029820327
74.091436391 95.48405248397016
74.091462636 95.50623846052012
74.092516791 95.51724217122417
74.094426597 95.53809554581295
74.096955904 95.54158961244109
74.097217717 95.5415896124411
74.750311076 95.54158961244111
74.759318313 95.67999179820802
74.759955312 95.69663731268517
74.760362098 95.713181485462
74.760792179 95.71318148546202
74.762251512 95.73403486005081
75.400164003 95.87243704581775
75.404799103 95.87487012277747
75.406729174 95.87662031011996
75.407810776 95.88908256029487
75.40792874 95.92034328476129
75.421148783 95.9203432847613
76.03499496 96.05874547052822
76.039935462 96.0910884419604
76.297848629 96.09108844196041
76.379755236 96.09108844196042
76.623310638 96.22949062772732
76.627608078 96.23192370468706
76.633324761 96.24524673726707
77.176429194 96.383648923034
77.180553686 96.38608199999375
77.69989994 96.52448418576066
77.709455812 96.52537794738916
78.195396093 96.52537794738917
78.197259415 96.66378013315608
78.686937438 96.6637801331561
78.697983258 96.74725282897765
78.7033823 96.75182886264272
78.704934951 96.79743394369866
78.732720167 96.79743394369868
79.155430761 96.88090663952022
79.160109067 96.88103542949091
79.16028344 96.8854826731853
79.178233948 96.88548267318531
79.591972627 96.89958804857288
79.592048355 96.910728249108
79.592443291 96.96632528379156
79.595231139 96.96895536900685
79.597119637 96.96908415897754
79.65420271 96.96908415897755
79.799663813 96.96908415897757
80.000375341 97.05255685479909
80.002375336 97.22608950590636
80.010508718 97.22608950590637
80.172078152 97.22608950590639
80.38596905 97.30956220172794
80.429007392 97.30956220172796
80.735442974 97.48256150580627
80.782549321 97.48256150580629
81.069080065 97.48800920996408
81.069448369 97.54842978632801
81.070457523 97.55385423084084
81.071109348 97.56340411641253
81.071949973 97.56384803550726
81.077525304 97.56384803550728
81.090145443 97.56384803550729
81.151510528 97.5638480355073
81.374968677 97.5692957396651
81.375821955 97.6090546413775
81.376312362 97.63514076054186
81.376941052 97.64469064611355
81.377424843 97.72564136072462
81.3891279 97.72564136072464
81.464862752 97.72564136072465
81.627553497 97.72564136072467
81.667334058 97.73108906488245
81.667773649 97.77084796659483
81.668620763 97.79693408575919
81.669857808 97.8064839713309
81.686135559 97.80648397133093
81.908670251 97.80648397133095
81.941888163 97.81201740020668
81.944503321 97.8516905772011
81.945549656 97.865886725986
81.977118149 97.86588672598602
82.157496434 97.86588672598603
82.188190986 97.86588672598604
82.201329857 97.96729401784661
82.206497445 97.96729401784663
82.316583246 97.96729401784664
82.409891356 97.96729401784665
82.441657026 97.99852306952516
82.442247298 98.01250062371686
82.642917512 98.01250062371687
82.665494717 98.04372967539537
82.666014683 98.129309642966
82.670715441 98.12930964296602
82.704339386 98.12930964296604
82.867064209 98.12930964296605
82.874058837 98.13484307184179
82.875665138 98.16053869464453
82.876027329 98.223469919193
82.880384567 98.22346991919302
82.888962675 98.22346991919304
83.009315886 98.22346991919305
83.070731874 98.22900334806879
83.072243878 98.25469897087153
83.076203435 98.25469897087154
83.139318991 98.25469897087156
83.25499858 98.27994454679428
83.306172058 98.2799445467943
83.428471096 98.28547797567006
83.441466799 98.28547797567008
83.730638114 98.45850198929257
83.732140498 98.46813577350656
83.748736012 98.46813577350659
83.989153377 98.54962530722136
84.015669384 98.54962530722138
84.10435052 98.76436274724118
84.113882616 98.7643627472412
84.195662101 98.76436274724121
84.545204287 98.77324947612264
84.54673455 98.77324947612267
84.665809963 98.85739066347632
84.66813766 98.85739066347634
