0.000353742 49.52389462175597
0.000446059 50.16963403633578
0.004341508 50.21252350915337
0.005199474 50.552066472767606
0.042004159 50.60209311712981
0.042168836 50.61597809407971
0.078987357 51.084033840958654
0.079026293 51.72977325553845
0.082768092 52.112205691970274
0.111742229 52.162232336332494
0.111885014 52.17611731328239
0.172659927 52.18223082198966
0.294330853 52.184611875353696
0.355416258 52.18875263805474
0.474776733 52.19402646969854
0.474902796 52.20791144664844
0.595447112 52.21288787651122
0.59558339 52.2267728534611
0.656179732 52.24306256640347
0.716290091 52.24365149447151
0.836537227 52.252923658947694
1.257070798 52.2538811521612
1.25721123 52.267766129111095
1.375724922 52.27087700098542
1.375857833 52.284761977935304
1.737201587 52.2885310668093
1.856630355 52.307442076936525
1.920012799 52.313849804753175
2.040477555 52.3161225535176
2.161715727 52.31800730779682
2.280810281 52.326112837823615
2.405061628 52.336771575908784
2.405196797 52.35065655285868
2.524880512 52.35684039439174
2.760468399 52.373207308316395
2.760604953 52.38709228526629
2.88369186 52.40686703875396
3.092731522 53.05564586674225
3.092779098 53.70138528132206
3.09584784 53.74427475413965
3.096487966 54.08381771775389
3.124327364 54.14772933906599
5.961329524 54.85423594683333
5.96139 55.49997536141312
5.964420906 55.54286483423071
5.965057828 55.88240779784495
6.191800068 55.88859163937802
8.760926492 56.595098247145344
8.760992042 57.24083766172515
8.764006865 57.283727134542744
8.765121083 57.30411441241819
8.765178142 57.34964091043054
8.765247987 57.36145774652333
8.773437551 57.398165910005375
8.776419913 57.551191681700544
8.78240264 57.580279508518416
8.78243 57.59254254158884
8.837309078 57.592542541588855
9.002364624 57.598726383121914
11.491985813 58.31141683242231
11.492122304 58.375928395836056
11.493860196 58.87184726508818
11.494310458 58.91068972895357
11.50372082 59.002932818037166
11.50408907 59.012900384480375
11.504214153 59.300755596839025
14.149912502 60.01344604613942
14.150100053 60.57387647880529
14.150578458 60.61271894267068
14.161989737 60.81651370899945
14.164944031 60.96953948069462
14.170612329 60.99862730751249
16.74645239 61.711317756812875
16.746584775 61.77582932022662
16.748386125 62.27174818947874
16.758164304 62.39633317948223
16.759933224 62.4901962414193
16.761996202 62.65041534254388
19.262890958 63.363105791844276
19.263060264 63.92353622451013
19.274487232 63.92893180333074
19.274747789 63.97124135633578
19.275472451 64.14198427645069
19.284321339 64.19843799999317
19.290541659 64.21666807045382
19.292674196 64.27808874293568
20.526967203 64.2780887429357
21.711227381 64.99077919223609
21.711379576 65.55120962490194
21.72183009 65.55660520372255
21.722102221 65.5989147567276
21.722800102 65.7696576768425
21.734596562 65.81755478879104
24.10511377 66.53024523809141
24.105273833 67.09067567075728
24.116363432 67.09607124957789
24.116615617 67.13838080258293
24.117311113 67.30912372269783
25.316589973 67.30912372269785
26.421507252 68.02181417199823
26.421669655 68.58224460466407
26.431797237 68.58764018348468
26.43205705 68.62994973648973
26.432739431 68.80069265660462
26.537540398 68.80069265660464
28.669215017 69.51338310590505
28.669607589 69.76478457731191
28.669795154 70.04150187571211
28.679358485 70.12151867039655
28.688827609 70.1689095901777
28.688984015 70.18613118418479
28.689411843 70.27423270980236
29.044713428 70.27423270980239
30.856829875 70.98692315910276
30.857255377 71.23832463050962
30.857478236 71.51504192890985
30.867719969 71.59505872359426
30.87706571 71.64244964337544
30.877243229 71.6596712373825
30.880712798 71.74099053320859
30.884368787 71.7409905332086
30.923107509 71.74099053320862
32.702890755 71.74099053320863
33.005118635 72.453680982509
33.005757549 72.98179975231609
33.015733674 73.0618165470005
33.024740302 73.10920746678168
33.024921014 73.12642906078874
33.244628733 73.12642906078875
34.758981548 73.12642906078877
35.055893121 73.83911951008912
35.056618786 73.83911951008915
35.056744668 73.90363107350288
35.058222403 73.92593945625265
35.058261933 73.98725554600748
35.058416144 74.04513382685386
35.05902188 74.29448619727377
35.081448427 74.37698650733279
35.082742378 74.43058656231621
35.522912202 74.43058656231622
37.040306681 75.1432770116166
37.041107627 75.20778857503034
37.042504968 75.23009695778013
37.042544718 75.29141304753493
37.042692343 75.34929132838134
37.044312492 75.5181326713052
37.046773507 75.59315810641762
37.065828986 75.68114400886024
37.864886961 75.68114400886027
38.976091845 76.39383445816064
38.976835843 76.39383445816067
38.976949409 76.4583460215744
38.978382691 76.48065440432417
38.97842331 76.541970494079
38.978563905 76.59984877492538
38.979162876 76.5998487749254
38.981029219 76.76869011784923
38.984536678 76.79301772458983
40.072198791 76.79301772458984
40.601148522 76.79301772458986
40.857787498 77.50570817389026
40.858607677 77.57021973730399
40.859970586 77.59252812005379
40.860012825 77.65384420980858
40.860150344 77.71172249065499
40.862563729 77.88056383357885
40.893173507 77.90489144031942
41.264167858 77.90489144031943
42.659324334 78.6175818896198
42.65999487 78.61758188961983
42.661347947 78.68209345303356
42.662653053 78.70440183578333
42.66269368 78.76571792553815
42.662825459 78.82359620638454
42.664290655 78.99243754930839
42.735942718 78.99243754930842
43.051892095 78.99243754930843
44.420404508 79.70512799860882
44.421239061 79.76963956202258
44.42254106 79.79194794477235
44.422584388 79.85326403452717
44.422731627 79.91114231537355
44.42712615 80.0611910003305
44.43988372 80.0679069179898
44.444685065 80.0698686668722
44.453582 80.07998365829741
45.764358267 80.07998365829742
46.141856123 80.7926741075978
46.142701085 80.85718567101154
46.144019585 80.8794940537613
46.14406362 80.94081014351613
46.144189348 80.99868842436251
46.144763028 80.99868842436254
46.148366752 81.14873710931948
46.160522246 81.15545302697876
46.165258102 81.15741477586116
46.201669602 81.15741477586118
47.791237738 81.87010522516155
47.791930005 81.87010522516158
47.792023544 81.93461678857531
47.793311613 81.95692517132508
47.793351329000004 82.01824126107991
47.793480641 82.07611954192629
47.794015962 82.07611954192632
47.806204377 82.20771837480501
47.93650204 82.20771837480504
49.384631613 82.92040882410544
49.386613423 83.00722877026894
49.386654594 83.06854486002376
49.386795972 83.12642314087014
49.387274238 83.12642314087017
49.404556754 83.14147065977224
49.405034162 83.14147065977227
50.922121476 83.85416110907266
50.924075879 84.00229714499102
50.924226178 84.0601754258374
50.942711596 84.07522294473948
50.971145206 84.0752229447395
52.42001556 84.78791339403986
52.420692962 84.78791339403989
52.421958775 84.93604942995822
52.422316306 84.95352188198066
52.792730661 84.95352188198068
53.872973249 85.66621233128106
53.875040559 85.78239162395468
53.875661883 85.78239162395471
53.887579969 85.81434836719939
53.900280839 85.8143483671994
54.361218609 85.81434836719941
55.270863654 86.5270388164998
55.287963477 86.64321810917343
55.314450936 86.64321810917345
56.291979333 86.64321810917346
56.619262492 87.35590855847383
56.619923594 87.35590855847386
56.639912751 87.45546798629783
56.666433557 87.45546798629785
57.927179021 88.16815843559822
57.92780173 88.16815843559824
58.156232071 88.16815843559826
59.215585326 88.88084888489865
59.313122167 88.88084888489867
60.436894513 89.05603097025285
60.437119198 89.11226086264655
60.438886027 89.36001995490118
60.442119297 89.52153632918031
60.446555974 89.54586763064292
60.493195839 89.54586763064295
61.609525096 89.72104971599715
61.609748549 89.77727960839086
61.613007197 89.94818740658859
61.613520349 89.9481874065886
61.614413467 89.97074027764509
61.614609632 89.97247323428928
61.614710309 90.1865550749246
61.621784262 90.1948006257018
62.749031993 90.36998271105602
62.749253513 90.42621260344973
62.750269464 90.67397169570432
62.75370137 90.81525021803003
62.798564498 90.81525021803006
63.862186053 90.99043230338427
63.862246104 91.13053321129684
63.86339832 91.2944212880326
63.872434185 91.3286189891733
63.872660066 91.38142162633798
64.551280238 91.381421626338
64.913382021 91.5566037116922
64.913437842 91.69670461960477
64.914630851 91.8605926963405
64.931737853 91.88328857859621
64.932702646 91.90439128872565
65.577395888 91.90439128872566
65.930747047 92.07957337407987
65.930783284 92.21967428199244
65.934061475 92.24226959016079
65.937433218 92.25351513379536
65.937551239 92.27011441815685
65.945249186 92.30238003914332
65.988917442 92.30238003914333
66.607422777 92.30238003914334
66.958477471 92.47756212449755
66.958512073 92.61766303241012
66.961745417 92.64025834057847
66.964964442 92.65150388421304
66.973726495 92.66780409960117
67.012288985 92.66780409960118
67.58807022 92.6678040996012
67.916750874 92.84298618495541
67.916785671 92.98308709286798
67.919890706 93.00568240103632
67.923057622 93.0169279446709
68.817087222 93.19211003002513
68.817123081 93.33221093793769
68.820135441 93.35480624610604
69.681388059 93.52998833146025
69.681430145 93.67008923937281
69.685288938 93.69268454754115
69.81487798 93.69268454754116
70.5085578 94.00796754080794
70.572753878 94.00796754080795
71.296284846 94.04941727840439
71.297161624 94.19633377259673
71.298079765 94.21366042887269
71.300080167 94.24671208982325
71.308221368 94.28789380324842
71.310756129 94.3073183205173
72.05075237 94.48138804885757
72.050910344 94.53873029826521
72.062237709 94.58724458295775
72.092166457 94.58724458295777
72.777258132 94.6286943205542
72.777917159 94.77561081474654
72.778772681 94.79293747102248
72.78349173 94.7987080817754
72.786043625 94.80360580314698
72.78645859 94.81865656070569
73.479412934 94.86010629830213
73.48004179 95.00702279249447
73.480892054 95.02434944877041
73.485526185 95.03012005952333
73.487970258 95.0350177808949
73.488072497 95.03860853258452
73.501622035 95.03860853258453
74.143413345 95.08005827018097
74.144188965 95.10353077347233
74.144341056 95.20409553089331
74.144401051 95.22697476437331
74.144882194 95.24430142064925
74.146951063 95.24845999299852
74.149415584 95.25007203140218
74.151831944 95.25496975277375
74.775768353 95.29641949037018
74.776523822 95.31989199366154
74.776676078 95.42045675108253
74.776732697 95.44333598456252
74.777213329 95.46066264083846
74.779221761 95.46482121318773
74.781560178 95.4664332515914
74.787197099 95.46643325159141
75.383949854 95.50788298918785
75.384794349 95.63192024990019
75.38484044 95.65479948338019
75.385320907 95.67212613965613
75.387294457 95.6762847120054
75.389773828 95.67693699968783
75.964765469 95.71838673728426
75.965600578 95.84242399799662
75.96672699 95.8653032314766
75.967188976 95.88262988775256
75.969050177 95.88678846010181
75.9843937 95.88678846010183
76.519342524 95.92823819769825
76.520125293 96.0522754584106
76.52017014 96.07515469189059
76.520620243 96.09248134816654
76.528566389 96.09290393820109
76.530117267 96.09332304744102
76.795173976 96.09332304744103
77.051789226 96.13477278503746
77.052679137 96.2816892792298
77.058747459 96.28202074454862
77.558116058 96.32347048214504
77.558903332 96.47038697633738
77.636750123 96.47038697633741
78.039557912 96.51183671393382
78.03990594 96.61534025848819
78.043966106 96.63928952030206
78.135095005 96.63928952030207
78.494235656 96.6807392578985
78.494554838 96.78424280245287
78.501982521 96.79202922184399
78.536541574 96.792029221844
78.924867106 96.83347895944043
78.925178047 96.93698250399478
78.927039858 96.9375775378956
79.331321216 96.97902727549204
79.331610222 97.0825308200464
79.711947122 97.12398055764284
79.712853264 97.17687107687178
79.713912489 97.18090874788172
79.714085489 97.19125865962951
79.71498726 97.20575772019733
79.716446196 97.2184351746562
79.807355708 97.21843517465621
80.059432521 97.31277543148157
80.060533387 97.31681310249151
80.061598456 97.34166207480712
80.074611291 97.34166207480713
80.197675763 97.34166207480715
80.384051603 97.4360023316325
80.385414023 97.44483573024182
80.391907942 97.44483573024183
80.691088391 97.54321365807715
80.979048083 97.61516297489626
80.979752733 97.61532007842163
80.982918403 97.62167888472979
81.254960096 97.6936282015489
81.511109729 97.74906608544521
81.520963357 97.74906608544522
81.751546284 97.75587028231087
81.752291296 97.7898319100139
81.977671897 97.79663610687953
81.978266791 97.84165563407852
82.187946478 97.84845983094414
82.189113592 97.87231657935664
82.258924409 97.87231657935665
82.38357991 97.87912077622228
82.739259332 97.9932059729919
83.041267511 98.2779683625021
83.709376394 98.51802526174818
83.981911006 98.52096191992614
