0.000354007 50.399914899644216
0.000429531 50.638930263316254
0.000457976 51.753252933764934
0.000842054 52.147150313155336
0.001235886 52.37266501432762
0.020572054 52.46479661545872
0.066864721 52.464796615458724
0.079187726 52.55180272068166
0.079260725 53.183108564581616
0.080792644 53.24259097845097
0.083949828 53.30277035002627
0.086145148 53.369777610956184
0.089472463 53.5354286258614
0.089657481 53.57253386513362
0.091491254 53.63904933380229
0.091685563 53.71879629981131
0.094805815 53.75082655479495
0.094911719 53.92214104159664
0.09534012 54.01431403172006
0.13121219 54.01431403172007
0.216436133 54.033833260141414
0.313606157 54.03383326014142
0.337861644 54.04337710573784
0.372843929 54.04337710573785
0.577421288 54.060583756588905
0.637536083 54.06550567613247
0.672334064 54.065505676132474
0.852357923 54.06550567613248
0.876679527 54.07072297544121
1.030295852 54.070722975441214
1.114035546 54.078029315086134
1.231813367 54.08306929965069
1.325018333 54.09753593111611
1.4085428260000001 54.09753593111612
1.530694488 54.10015940549024
1.652388668 54.108910188852974
1.6867554340000002 54.10891018885298
1.711337372 54.12251819649922
1.8042696679999999 54.12251819649923
1.828653746 54.129040612251224
1.8632016710000001 54.12904061225123
1.947917847 54.155939058970944
2.248375967 54.19132984655438
2.284359381 54.19132984655439
2.37033019 54.21510041646952
2.465871162 54.2390257353451
2.5529160319999997 54.26117531962459
2.588962976 54.2611753196246
2.613647234 54.268850417917804
2.710192599 54.26885041791781
2.855453965 54.268891806910126
2.890293824 54.26889180691013
3.078896648 55.36140192767543
3.079232475 55.75529930706583
3.079597032 55.78995151641413
3.093690539 55.8094581324441
3.09379655 55.9807726192458
3.094242097 56.072945609369214
3.185339371 56.07294560936922
5.94887504 56.08877647034699
5.949056089 56.957247286316075
5.950256541 57.18977425038942
5.953350869 57.24995362196472
5.955511623 57.316960882894634
5.958663296 57.48261189779984
5.958842099 57.51971713707208
5.960562932 57.58623260574074
5.960756265 57.66597957174976
5.963760463 57.698009826733404
5.963863659 57.86932431353509
6.020378037 57.869324313535095
8.744886228 57.892830272806066
8.745058233 58.76130108877515
8.746222329 58.99382805284849
8.749213637 59.0540074244238
8.751366347 59.121014685353714
8.754490498 59.28666570025893
8.754672761 59.32377093953115
8.756375066 59.39028640819982
8.756569703 59.47003337420883
8.763490728 59.47525067351757
8.763542176 59.59585754463075
11.481687846 59.666217985070794
11.481737075 60.78054065551947
11.482150279 61.14537496089209
11.482437042 61.20909024425817
11.513178283 61.26010154142326
11.523974736 61.26010154142327
14.144779996 61.283607500694245
14.14498665 62.15207831666333
14.146295257 62.38460528073668
14.149504507 62.44478465231198
14.156761443 62.781063636088
14.156967579 62.86081060209702
14.164031652 62.86602790140575
14.190689843 62.873334241050685
16.758387308 63.33481742842321
16.758558155 63.44653705529967
16.760709202 63.58479400973843
16.761193071 63.860987033631176
16.761896724 63.99783798036408
16.771303478 64.03906609152838
16.771333284 64.39429633571541
16.771525119 64.47404330172442
16.791808966 64.47404330172444
16.791912706 64.47926060103316
17.143211313 64.47926060103318
19.287227535 64.9407437884057
19.287381692 65.05246341528218
19.287422045 65.19072036972094
19.287874561 65.46691339361367
19.288573774 65.60376434034659
19.297966606 65.64499245151089
19.29799509 66.0002226956979
19.317843303 66.04829724571586
20.703210985 66.04829724571587
21.749302702 66.5097804330884
21.749461278 66.62150005996484
21.749502961 66.75975701440362
21.750645189 67.17280098502927
21.759981035 67.21402909619357
21.760012169 67.56925934038058
21.817117908 67.5692593403806
24.160948272 67.59276529965157
24.161154191 67.78081646490025
24.161413869 67.86145337163232
24.161664542 67.90815791495142
24.162194958 68.04979511456041
24.162238055 68.69376307969401
24.171442814 68.73499119085831
24.171471039 69.09022143504532
26.491197366 69.55170462241786
26.491347818 69.66342424929431
26.491386882 69.80168120373308
26.492112352 69.8016812037331
26.492782716 70.17666892664548
26.496859916 70.21227135873711
26.503561654 70.4546930633481
26.516462364 70.476595701094
28.753587698 70.93807888846652
28.753747053 71.04979851534299
28.753788506 71.18805546978176
28.755185571 71.56304319269414
28.755907535 71.56304319269415
28.759188656 71.59864562478577
28.765825319 71.84106732939678
28.780353802 71.85094225741605
28.792091714 71.85094225741607
30.968698686 72.31242544478859
30.96884868 72.42414507166504
30.96888789 72.56240202610381
30.969592357 72.56240202610383
30.97023763 72.65859811416412
30.970895979 72.9373897490162
30.97410147 72.97299218110784
30.980624120999998 73.21541388571883
31.003148249 73.21541388571885
31.986259635 73.21541388571886
33.105048389 73.67689707309138
33.105194234 73.78861669996783
33.105234128 73.9268736544066
33.106551489 74.301861377319
33.11037063 74.33746380941062
33.111019281 74.33746380941064
33.118399564 74.49356701548919
33.13017126 74.52419446036755
33.212118622 74.52419446036757
35.181719915 74.98567764774008
35.181913238 75.23565422905531
35.182661874 75.23565422905533
35.183270335 75.61064195196772
35.189872419 75.63546537584351
35.194940975 75.8023475901379
35.20731152 75.80876030796831
35.207441617 75.83042936574542
36.893835334 75.83042936574543
37.181623434 76.29191255311794
37.181791493 76.54188913443318
37.183121865 76.63808522249349
37.186818227 76.74635513438218
37.187210144 76.89149421316355
37.189474338 76.94170028122136
37.207388858 77.046357485449
37.207450477 77.08784516719842
37.402069935 77.08784516719844
39.127256819 77.54932835457095
39.127420442 77.7993049358862
39.129512582 77.88826290092352
39.132723348 78.14891001461658
39.134980656 78.19911608267438
39.622507476 78.1991160826744
41.009811865 78.66059927004692
41.00997225 78.77231889692338
41.012160482 78.91057585136215
41.014182312 78.99953381639949
41.016664269 79.2601809300925
41.028204897 79.27467293985879
41.028818309 79.2746729398588
41.828255974 79.27467293985882
42.841782172 79.73615612723133
42.841923868 79.84787575410779
42.841961425 79.98613270854656
42.844521514 80.07509067358389
42.846418988 80.33573778727693
42.852490364 80.33573778727694
42.859662019 80.35022979704321
42.912330766 80.35022979704323
44.595944589 80.81171298441573
44.596124521 81.06168956573097
44.601171242 81.41129464446135
44.709208928 81.41129464446136
46.300843233 81.87277783183389
46.300999452 82.12275441314912
46.306794361 82.20767302108764
46.315354813 82.37152077549837
46.324960565 82.37926115753206
46.358715414 82.37926115753207
47.944161446 82.84074434490458
47.944327758 83.09072092621982
47.944942895 83.09072092621983
47.949837458 83.17563953415834
47.958962714 83.33948728856907
48.037064211 83.33948728856909
49.497870917 83.3394872885691
49.548023385 83.36299324784005
49.548277029 83.41394542346868
49.548636677 83.6783858631399
49.549070092 83.7635167890669
49.549722944 83.82002306274889
49.550483453 83.88556123779328
49.554695837 84.04931574307113
49.555272062 84.04931574307115
49.558631509 84.05094705725683
49.562006779 84.1107386482705
49.567007061 84.16559569400654
50.12327091 84.16559569400656
50.153522736 84.16559569400657
51.101081632 84.18910165327753
51.101343568 84.24005382890614
51.101681923 84.50449426857736
51.102070476 84.64613146818635
51.10675417 84.70529634777616
51.107617976 84.76626410291125
51.107665503 84.82409049350294
51.107786864 84.87402501883113
51.107901346 84.93915700202126
51.229357437 84.93915700202128
52.016111498 84.93915700202129
52.59629047 84.96266296129224
52.596548583 85.01361513692086
52.596899494 85.27805557659208
52.597289875 85.3631865025191
52.598618753 85.4006401893938
52.601313085 85.47885765579088
52.605130957 85.55082528790162
52.606327957 85.6245824234308
52.606573029 85.64898545652333
52.606715887 85.65061677070904
52.614851563 85.67970955691416
52.791393317 85.67970955691418
54.067345592 86.1411927442867
54.067516203 86.39116932560192
54.106453773 86.39116932560194
54.51354739 86.39116932560195
55.46362105 86.53942893618779
55.464718713 86.68166992070094
55.464826053 86.81519882609976
55.468093738 86.9349172056518
55.470146478 87.100997780104
55.579166957 87.10099778010401
56.81743074 87.24925739068986
56.818255235 87.39149837520301
56.818365749 87.52502728060183
56.821539399 87.64474566015387
56.825951588 87.66669835160346
56.826320433 87.71266606598434
56.83747093 87.78397961071674
58.132382941 87.9322392213026
58.133167168 88.07448020581575
58.133266269 88.20800911121457
58.133868796 88.20800911121458
58.136456423 88.3277274907666
58.140517695 88.39564789659707
58.302567882 88.39564789659708
58.68073347 88.3956478965971
59.413607639 88.54390750718294
59.414379711 88.68614849169609
59.414484325 88.81967739709492
59.418615783 88.93534855036668
59.423539284 88.9460864836044
59.428163245 89.00445572169015
59.700423189 89.00445572169016
60.557841777 89.00445572169018
60.643008784 89.152715332276
60.643742096 89.29495631678915
60.643840275 89.42848522218797
60.644409726 89.42848522218799
60.647893475000004 89.54415637545975
60.655279773 89.54820360174001
60.666271543 89.54820360174003
60.719350588 89.54820360174004
61.830246051 89.57170956101102
61.830475222 89.62266173663963
61.831031324 89.83870419683903
61.831134771 89.97223310223787
61.835291204 90.08790425550964
61.972963938 90.08790425550966
62.133287636 90.08790425550967
62.969083804 90.2361638660955
62.96980799 90.37840485060865
62.969904772 90.51193375600748
62.977405683 90.52978254461134
62.977947533 90.58485685499117
62.991722047 90.58485685499119
63.650278392 90.5848568549912
64.003384391 90.58485685499122
64.070575439 90.73311646557706
64.071275756 90.8753574500902
64.071373746 91.00888635548904
64.078509888 91.0267351440929
64.079053806 91.07866540111927
64.374902402 91.07866540111928
65.123717949 91.15312353601887
65.124212665 91.36916599621827
65.124304935 91.5026949016171
65.132305015 91.52054369022095
65.133936649 91.57247394724732
65.173646333 91.57247394724733
65.296400187 91.57247394724735
66.139981564 91.64693208214692
66.140470529 91.86297454234632
66.140564813 91.99650344774516
66.180839661 91.99650344774517
66.206159705 91.99650344774518
67.148197386 92.14476305833102
67.149907696 92.21906170682712
67.150075781 92.32745347019463
67.150603608 92.39030253692916
67.166396386 92.42053294824301
67.206516067 92.42053294824302
68.098168381 92.56879255882885
68.099676835 92.64309120732494
68.099845668 92.75148297069245
68.100354206 92.81433203742698
68.137215475 92.814332037427
68.996848413 92.96259164801283
68.998280714 93.0368902965089
68.998442442 93.14528205987644
68.999405741 93.17261101042907
69.001035295 93.1751482750363
69.00400595 93.17961707848939
69.090691661 93.17961707848941
69.833400507 93.17961707848943
69.861305601 93.32787668907524
69.862691374 93.40217533757134
69.862854245 93.51056710093884
69.865779497 93.54043331609873
69.878097432 93.54043331609874
70.162836548 93.54043331609876
70.675141368 93.54043331609877
70.693380516 93.66827366270142
70.693585288 93.6886929266846
70.694517006 93.76299157518069
70.694658926 93.8713833385482
70.727088923 93.87138333854821
71.483812566 93.99922368515087
71.484022799 94.01964294913407
71.484928853 94.09394159763013
71.485774701 94.19874284763591
71.488496917 94.20080965873674
71.496583643 94.20596721169002
71.527127164 94.20596721169005
72.245107931 94.35422682227588
72.247362942 94.411911250824
72.249326048 94.47259154187975
72.250087279 94.53539353187858
72.971105331 94.68365314246444
72.972681801 94.7204477887343
72.972840004 94.86275304096628
73.041467796 94.8627530409663
73.67311428 95.01101265155214
73.674021403 95.08531130004823
73.674925492 95.11947271404934
73.681717755 95.12883097721019
73.683152185 95.12902814857331
73.817542556 95.12902814857333
74.344289537 95.27728775915917
74.345146078 95.35158640765526
74.349193698 95.39510608481721
74.485560309 95.39510608481723
74.986138182 95.5433656954031
74.986937179 95.61766434389916
74.990845531 95.63851939798543
75.236953343 95.63851939798545
75.597654589 95.7867790085713
75.598619596 95.81781284769554
75.598776974 95.86107765706736
75.725282528 95.86107765706738
76.207298618 96.0093372676532
76.210173869 96.06334434596985
76.221957509 96.06334434596987
76.765630681 96.21160395655572
76.769019676 96.21422904469752
76.769940357 96.23996150337454
76.771188862 96.25515385769351
76.844691444 96.25515385769353
77.287178732 96.2706944174284
77.287442633 96.4034134682794
77.291086477 96.43177101509822
77.293089586 96.4546028535067
77.323203774 96.45460285350671
77.783726918 96.60286246409258
77.786802026 96.60548755223438
77.788679541 96.60752220450634
77.78896349 96.62008613294529
77.791149142 96.62113002184356
78.266331156 96.76938963242941
78.268468454 96.7836252155239
78.719858783 96.93188482610975
78.727580106 96.93450991425158
79.144873487 96.9502561494695
79.144950091 96.96114547858889
79.145303377 96.9697097436309
79.148375166 97.03692564226628
79.15012189 97.07622520576896
79.15218255 97.07622520576898
79.182940515 97.07622520576899
79.548251481 97.09197144098692
79.548499889 97.098866307868
79.551823673 97.1534217203096
79.555042199 97.17864093378368
79.556437584 97.2005820557561
79.671787646 97.20058205575612
79.932889426 97.21632829097402
79.93296679 97.22721762009344
79.933288749 97.23578188513542
79.934509032 97.27777857029672
79.935955059 97.3029977837708
79.944596703 97.30299778377083
80.278982221 97.31874401898874
80.279372683 97.32563888586985
80.28067753 97.38019429831145
80.284020899 97.38332798346225
80.291093167 97.38332798346227
80.36873733 97.38332798346228
80.603761815 97.40996354779958
80.605160791 97.46052449800285
80.611584314 97.46052449800288
80.909747669 97.4871600623402
80.912571564 97.50940732677046
80.914067978 97.53589248282043
81.19753417 97.55104153120317
81.199074754 97.56252804715774
81.200691643 97.584775311588
81.202608852 97.61035061771999
81.213726028 97.61035061772
81.306490542 97.61035061772002
81.470183474 97.63698618205733
81.473203145 97.65923344648756
81.478510257 97.65923344648759
81.48331237 97.6592334464876
81.726482178 97.6858690108249
81.735740459 97.68586901082492
81.846884956 97.68586901082493
81.966186319 97.70101805920766
81.967347857 97.74279096180598
81.967583244 97.88330738683325
81.973998312 97.88330738683327
82.11833162 97.88330738683328
82.191937637 97.89845643521603
82.596330747 97.94094847696188
82.684063417 97.9409484769619
83.10433465 98.07381376080241
83.144983606 98.07381376080242
83.617518914 98.12825029183209
83.902477029 98.3449632557432
84.265739879 98.77555555018442
84.274817517 98.77555555018444
