0.000355009 49.22887572076022
0.000430283 49.949909558383816
0.000488323 50.17675241544425
0.000513932 50.22389919713152
0.000584841 50.455486524526556
0.000985616 50.562591744937826
0.001191182 50.57743927486583
0.00121818 50.581236398597134
0.002083862 50.85694220405164
0.002360683 51.171967931309034
0.002593825 51.2818669803656
0.002908153 51.29786712033714
0.005439696 51.31071897563377
0.005571255 51.577108569018115
0.034459457 51.63381274686251
0.079012674 51.731502815626406
0.079040484 51.77864959731368
0.079095925 52.010236924708714
0.079415175 52.11734214512
0.079586796 52.13218967504799
0.079612144 52.13598679877929
0.080299042 52.4116926042338
0.080524666 52.726718331491206
0.080714693 52.83661738054776
0.080977729 52.85261752051931
0.082978427 52.86546937581594
0.083085296 53.13185896920029
0.105648526 53.18856314704468
0.166992424 53.22161633190834
0.228451502 53.22325710517334
0.474033433 53.223872109235536
0.715077063 53.23858544264157
1.132242596 53.26770755891484
1.252432496 53.26770755891485
1.371451028 53.26952036298983
1.488924006 53.28705398000371
1.608234151 53.287053980003726
1.727291473 53.295645542093474
1.907777091 53.29564554209349
1.9851311950000001 53.308344388138316
2.086129351 53.30834438813833
2.227154584 53.33934092499489
2.421915184 53.34061765047115
2.541069642 53.376321428524996
2.563297533 53.43302560636939
2.747214449 53.44845044456256
3.078762912 53.56376011559073
3.078826627 53.79060297265118
3.078854257 53.83774975433844
3.0789163410000002 54.06933708173349
3.079248351 54.17644230214476
3.079428122 54.19128983207276
3.0801352 54.47079276125857
3.080480058 54.77886714063819
3.080551334 54.895717537572544
3.082727798 54.924569532840714
3.082902067 55.08184960665739
3.083633837 55.19095912622506
3.104937746 55.247663304069455
4.371111736 55.26308814226261
5.958875071 55.43510199113519
5.95894665 55.661944848195624
5.958972587 55.7090916298829
5.959037326 55.94067895727793
5.95936843 56.0477841776892
5.96036936 56.26102931318399
5.960582884 56.650209016182636
5.960654324 56.767059413116975
5.961480905 56.76705941311699
5.965226869 56.92219494534526
5.983731513 56.95319148220184
6.009386697 57.06230100176949
8.753758588 57.24973968883523
8.753824736 57.47658254589566
8.753850802 57.523729327582934
8.753913228 57.75531665497798
8.754231592 57.86242187538924
8.755066862 57.862421875389245
8.755224971 58.075667010884025
8.755443009 58.46484671388267
8.755512172 58.581697110817025
8.759989036 58.73683264304531
11.470297863 58.92427133011105
11.470378534 59.15111418717148
11.470406366 59.198260968858754
11.470476216 59.42984829625379
11.47084905 59.53695351666506
11.471833246 59.750198652159845
11.472057166999999 60.13937835515849
11.472129468 60.256228752092845
11.476640949 60.28158178536325
11.476697972 60.39007387618651
11.477442916 60.39007387618653
14.129501336 60.57751256325225
14.129585883 60.851502201999956
14.129654014 61.08308952939499
14.129989315 61.19019474980626
14.130765717 61.19019474980627
14.1309302 61.40343988530105
14.131163413 61.792619588299694
14.13123173 61.90946998523405
14.141549485 61.97951823449734
14.142852244 62.023968688238845
14.179738413 62.02396868823885
15.951958937 62.02396868823886
16.716397951 62.21140737530459
16.716477495 62.48539701405228
16.716542604 62.71698434144733
16.716884205 62.8240895618586
16.717801202 63.03733469735337
16.718026899 63.42651440035203
16.718093584000002 63.54336479728637
16.728261399 63.61341304654967
16.72954415 63.657863500291185
19.234280102 63.84530218735691
19.23436139 64.11929182610461
19.2344274 64.35087915349965
19.235670881 64.4039343948581
19.235761503 64.65788105321619
19.23586629 65.06040921240435
19.236592569 65.06040921240437
19.236664738 65.1772596093387
19.252204329 65.26263619607023
19.429300572 65.26263619607025
21.688527297 65.45007488313598
21.68860235 65.72406452188368
21.688665278 65.95565184927872
21.689880537 66.00870709063717
21.689969246 66.26265374899526
21.690072371 66.66518190818343
21.690124035 66.78203230511777
21.713999744 66.85269555844326
24.089903336 67.040134245509
24.089986596 67.3141238842567
24.09005551 67.54571121165172
24.091281261 67.59876645301017
24.091375383 67.85271311136826
24.091481698 68.25524127055643
24.10683084 68.26539309647329
24.114442382 68.34124645255805
24.121422262 68.38385524292087
24.260001656 68.38385524292089
26.413290186 68.57129392998661
26.413377803 68.84528356873433
26.413443197 69.07687089612936
26.414674778 69.12992613748781
26.414770218 69.3838727958459
26.414874963 69.78640095503407
26.429970271 69.79655278095093
26.437450515 69.8724061370357
28.675696171 70.05984482410142
28.675775015 70.33383446284913
28.67583657 70.56542179024419
28.677015322 70.61847703160262
28.677106307 70.87242368996071
28.677509618 70.87775479861111
28.680793193 71.14492551878531
28.685661712 71.15273641583005
28.686209907 71.17044144417284
28.708310668 71.28510367506573
28.735690626 71.28510367506574
29.136220161 71.28510367506576
30.845907239 71.47254236213146
30.845984818 71.74653200087917
30.846047861 71.97811932827422
30.847211923 72.03117456963267
30.84730053 72.28512122799076
30.84770465 72.29045233664115
30.852875845 72.34256856916177
30.853399592 72.51954376841911
30.855642906 72.5654339538601
30.856181885 72.58313898220287
30.869199034 72.60698561848571
30.91186719 72.60698561848572
32.616006772 72.60698561848574
33.021237208 72.79442430555144
33.021308103 73.06841394429915
33.021369989 73.30000127169419
33.022500522 73.35305651305264
33.022589837 73.60700317141072
33.022961048 73.6123342800611
33.028080684 73.66445051258172
33.028561199 73.8414257118391
33.030737516 73.88731589728005
33.031421596 73.88731589728006
33.715198384 73.88731589728008
35.082591729 74.0747545843458
35.082680338 74.3487442230935
35.083488735 74.58033155048854
35.083909939 74.63338679184699
35.083999008 74.88733345020508
35.084406372 74.89266455885547
35.089955364 75.12175599063345
35.121543343 75.16764617607441
37.089638297 75.35508486314014
37.08972173 75.62907450188784
37.090777501 75.73381587931816
37.090874988 75.80639748655025
37.090928048 75.91371707064134
37.091015507 76.16766372899941
37.09138867 76.17299483764981
37.096834302 76.40208626942777
37.329965367 76.4020862694278
39.035182603 76.58952495649352
39.035257072 76.86351459524123
39.036278194 76.96825597267154
39.036372837 77.04083757990362
39.036425836 77.14815716399472
39.036512041 77.40210382235281
39.036925026 77.40743493100321
39.043745884 77.4085153306427
39.046136515 77.58570873584306
39.053096965 77.6173260968317
40.916405376 77.80476478389744
40.916488347 78.07875442264515
40.917510728 78.18349580007548
40.917622582 78.25607740730756
40.917674906 78.36339699139863
40.917762808 78.61734364975672
40.918145557 78.62267475840711
40.924726581 78.6237551580466
40.927987072 78.80094856324698
41.074842258 78.80094856324699
42.773555073 78.98838725031271
42.773628827 79.26237688906042
42.774576896 79.36711826649075
42.77466577 79.43969987372283
42.774714861 79.54701945781389
42.774794916 79.80096611617198
42.775182728 79.80629722482237
42.795124669 79.81784790796748
42.795176843 79.85029015608174
42.830868324 79.85029015608175
43.052105434 79.85029015608177
44.52491592 80.03772884314749
44.524987631 80.3117184818952
44.525931571 80.41645985932551
44.526021306 80.4890414665576
44.52606926 80.59636105064868
44.52614969 80.85030770900677
44.526539946 80.85563881765717
44.555560082 80.86718950080225
45.206488355 80.86718950080227
46.235090345 81.05462818786798
46.235164295 81.32861782661568
46.236109745 81.433359204046
46.236201025 81.50594081127808
46.236251278 81.61326039536917
46.236332261 81.86720705372726
46.236725946 81.87253816237765
46.730252157 81.87253816237767
47.462625596 81.87253816237768
47.891156089 82.05997684944339
47.891228618 82.3339664881911
47.891888315 82.33396648819111
47.89335735 82.53853207421217
47.895195937 82.83680407859738
47.906816731 82.8368040785974
47.907434967 82.87255571530267
47.921486324 82.87255571530268
49.481627132 83.0599944023684
49.481697716 83.3339840411161
49.482320057 83.33398404111611
49.483484566 83.53854962713717
49.485272553 83.8368216315224
49.696734927 83.83682163152241
51.01942189 84.02426031858813
51.019502712 84.29824995733584
51.021257194 84.50281554335692
51.024568205 84.5861120896353
51.024666353 84.64159421218986
51.029545992 84.78405258546654
51.048262862 84.80108754774213
51.271519782 84.80108754774214
52.506288834 84.98852623480785
52.506360448 85.26251587355556
52.506947796 85.26251587355557
52.508111794 85.46708145957663
52.50869292 85.46708145957665
52.511186586 85.55037800585502
52.511802749 85.60586012840959
52.515531467 85.69735825633292
52.515915106 85.74831850168626
52.834150692 85.74831850168627
53.948342292 85.93575718875198
53.948419481 86.20974682749969
53.950128474 86.41431241352076
53.954147471 86.5504764770301
53.959054891 86.61451139342755
53.987443777 86.61451139342756
54.987999561 86.61451139342758
55.341511506 86.80195008049327
55.341580571 87.07593971924098
55.342181209 87.07593971924099
55.342391739 87.09691633899081
55.343268092 87.28050530526207
55.347239461 87.41666936877141
55.752304211 87.41666936877142
56.69197339 87.60410805583712
56.69204412 87.87809769458482
56.692623911 87.87809769458484
56.692830652 87.89907431433465
56.693692906 88.08266328060589
56.694280929 88.0826632806059
56.698859494 88.14018808730953
56.698945465 88.15981705468002
56.711046096 88.19933852109565
56.843780047 88.19933852109567
57.42824021 88.19933852109568
58.010803897 88.38677720816139
58.010874676 88.6607668469091
58.011655324 88.6817434666589
58.012499529 88.86533243293016
58.01307521 88.86533243293017
58.017599588 88.92285723963377
58.017684072 88.94248620700426
58.031764556 88.94248620700428
58.043721783 88.9424862070043
58.171016543 88.94248620700431
59.291596083 89.12992489407003
59.29168136 89.40391453281774
59.293313253 89.60848011883881
59.309484487 89.66600492554241
59.34034841 89.66600492554242
60.517104615 89.85344361260812
60.517181872 90.12743325135582
60.517752018 90.12743325135584
60.518754545 90.33199883737691
60.662836928 90.33199883737693
60.969983251 90.33199883737694
61.700289067 90.51943752444267
61.700356748 90.79342716319037
61.701082799 90.81440378294018
61.701884723 90.99799274921143
62.267854217 90.99799274921145
62.8360131 91.13377652529844
62.836352087 91.25363064074374
62.837184642 91.47763443010838
62.837956398 91.50207367526137
62.840200672 91.54631402884253
62.841447138 91.59190905385576
62.876120171 91.59190905385579
63.779610155 91.5919090538558
63.94632099 91.72769282994282
63.946641361 91.84754694538809
63.947429394 92.07155073475273
63.948174117 92.09598997990572
63.95093058 92.14023033348691
63.954472095 92.16414318581572
63.988788431 92.16414318581573
64.040269932 92.16414318581575
64.997051389 92.29992696190277
64.997383464 92.41978107734803
64.998179557 92.64378486671268
64.998898402 92.66822411186567
65.019968366 92.6682241118657
65.873933054 92.66822411186571
66.015582986 92.80400788795272
66.015923464 92.92386200339799
66.016719965 93.14786579276263
66.037205633 93.14786579276266
66.98893585 93.28364956884968
66.989240492 93.40350368429495
66.99290334 93.52341461706175
66.994996468 93.52635268043028
67.714283031 93.52635268043029
67.926100227 93.66213645651727
67.926400661 93.78199057196257
67.92837272 93.90190150472937
68.26024423 93.90190150472938
68.59501234 93.9019015047294
68.827977037 94.0376852808164
68.828310616 94.15753939626168
68.833792721 94.18407284235072
68.834310402 94.22461100644799
68.836493587 94.25752399729016
68.923045538 94.25752399729018
69.6560569 94.25752399729019
69.68287407 94.39330777337719
69.684991765 94.40763198828162
69.686731254 94.51266104838014
69.688605332 94.5396953349115
69.694943929 94.60588561557788
69.793434731 94.60588561557789
70.172330117 94.6058856155779
70.500622026 94.60588561557792
70.507214228 94.74166939166491
70.507640276 94.74166939166493
70.508845095 94.86102266666786
70.512769178 94.88805695319923
70.521490025 94.92537827175248
70.632617825 94.92537827175249
70.979715295 94.9253782717525
71.299279895 95.06116204783953
71.300563341 95.18051532284247
71.304670111 95.20754960937383
71.335714589 95.20754960937384
71.669685695 95.20754960937386
72.05569379 95.34333338546087
72.056088927 95.34333338546088
72.058380373 95.46268666046383
72.068591033 95.48921286550949
72.439668757 95.4892128655095
72.78183066 95.62499664159651
72.782222396 95.62499664159652
72.783360824 95.74434991659945
72.896633465 95.74434991659948
73.476776339 95.88013369268651
73.479177632 95.88064352444002
73.481046071 95.89851482041563
73.482062514 95.9722206989997
73.654384888 95.97222069899972
74.137751262 96.10800447508674
74.138148158 96.10800447508676
74.139796695 96.10851430684025
74.141823291 96.12638560281589
74.142514222 96.15449978774103
74.143217192 96.18624817461489
74.182899028 96.1862481746149
74.320348569 96.18624817461492
74.763841756 96.32203195070196
74.764251411 96.32203195070197
74.765867254 96.32254178245546
74.767807984 96.3404130784311
74.768458807 96.36852726335624
74.805653806 96.36852726335626
75.317621196 96.36852726335627
75.370718851 96.50431103944328
75.374541949 96.5226921671724
75.376780557 96.54618671006732
75.388373256 96.54618671006733
75.42325077 96.54618671006735
75.563423026 96.54618671006736
75.945519721 96.68197048615436
75.945874141 96.68197048615437
75.954613111 96.70349497832284
75.965530783 96.70349497832285
76.076468569 96.70349497832287
76.494053913 96.83927875440989
76.494403515 96.8392787544099
76.526252451 96.83927875440992
77.012558246 96.93762474829491
77.018899127 96.9434623361038
77.020268313 96.95632440372613
77.021462417 96.96561670273469
77.022314319 96.97506253049696
77.234916386 96.97506253049697
77.506192409 97.07340852438195
77.506409479 97.07340852438196
77.513919127 97.0921081798132
77.515378767 97.10140047882173
77.603427646 97.10140047882174
77.970130126 97.10140047882176
78.013249405 97.19974647270674
78.013436539 97.19974647270675
78.020744627 97.21844612813798
78.084611554 97.218446128138
78.466464528 97.31679212202297
78.466659272 97.31679212202299
78.473459328 97.33740321169998
78.642945848 97.33740321169999
78.891858071 97.43574920558497
78.892029654 97.43574920558498
78.898601384 97.44181024717761
78.971675624 97.44181024717763
79.29519275 97.54015624106262
79.590725577 97.54015624106263
79.674397385 97.62649897726558
79.680046452 97.63850223494762
79.721193178 97.63850223494764
80.0167143 97.72484497115059
80.05574484 97.7248449711506
80.340343839 97.73253927213668
80.341772511 97.76768070646433
80.342042619 97.79141427926002
80.344711454 97.79220921113605
80.381590027 97.79220921113607
80.645910615 97.79990351212214
80.647276769 97.8350449464498
80.647533922 97.85877851924549
80.68188479 97.8587785192455
80.93060501 97.86647282023158
80.931969565 97.90161425455923
80.93295246 97.90461469935298
80.964699412 97.90461469935299
81.200984422 97.91230900033906
81.202288303 97.94745043466672
81.234088916 97.94745043466673
81.454535241 98.05825232265224
81.483305381 98.05825232265225
81.542716952 98.05825232265227
81.692562758 98.06594662363834
81.69414129 98.08054750950768
81.916484926 98.08824181049377
82.319185511 98.12514383627656
82.323267049 98.12514383627658
82.500485666 98.18252623614978
82.504280749 98.1825262361498
82.970976596 98.23491513961332
83.342308157 98.30391297653308
83.355357029 98.3039129765331
83.545118335 98.36630220917966
83.584984387 98.3663022091797
