0.000357844 44.337694692596955
0.000433252 44.96820799717549
0.000631157 45.14090581153848
0.000704806 45.66703296424909
0.002025228 45.7590857189523
0.002073635 45.7665838453912
0.002168738 45.81412283866898
0.002196265 46.12284645791492
0.003243638 46.122846457914925
0.006894071 46.15420311374079
0.007075524 46.43563514638832
0.013057754 46.44546894109114
0.016889478 46.55468574552721
0.079114856 46.67069470907275
0.079179511 47.196821861783356
0.080237896 47.28887461648656
0.080279389 47.29637274292546
0.080358376 47.34391173620324
0.08038223 47.65263535544918
0.084074733 47.68399201127505
0.084225863 47.965424043922575
0.088923892 47.9752578386254
0.091877997 48.08447464306146
0.273539192 48.08884817688875
0.516105192 48.11597067660024
0.756699961 48.116174967919605
0.877430974 48.12230354897265
1.11447034 48.135672582151116
1.174633924 48.13567258215112
1.234251531 48.1441140247167
1.35297545 48.15969141125282
1.9502438610000001 48.19523576365732
1.954857324 48.20506955836015
1.957787235 48.31428636279621
2.078590227 48.32229075072465
2.197696842 48.33746628710213
2.559897078 48.34730008180495
2.622016012 48.34730008180496
2.7994501979999997 48.36066879582653
3.080920843 48.56680538375256
3.081102132 48.73950319811555
3.08120874 49.03827787611754
3.081745937 49.044473637728174
3.082262971 49.35768310552937
3.082305997 49.365181231968265
3.0823887 49.41272022524604
3.082414893 49.72144384449198
3.085994248 49.75280050031786
3.086513745 49.84088027057996
3.086604509 50.019056996587906
3.093195958 50.03899508061471
3.093605852 50.15328313210428
3.893619931 50.16665184612584
4.010020954 50.166651846125845
5.944118006 50.468636524466376
5.944306404 50.64133433882937
5.944414072 50.94010901683136
5.944946584 50.946304778441984
5.945470289 51.259514246243185
5.945513472 51.267012372682075
5.945593531 51.314551365959844
5.94580312 51.37247063262805
5.946916938 51.54433364892732
5.949418065 51.616454269423045
5.949711817 51.742711411293755
5.949803598 51.9208881373017
6.006554386 51.920888137301716
8.07482323 51.934256851323276
8.448371162 51.93425685132328
8.741974369 52.236241529663815
8.742158421 52.408939344026805
8.742253367 52.707714022028796
8.742779699 52.71390978363942
8.743301216 53.027119251440624
8.743413163 53.082156371157296
8.743618619 53.14007563782549
8.744701728999999 53.31193865412476
8.748143042 53.331712780585946
8.748500279 53.40125437407431
8.758255787 53.482173068374735
8.78176082 53.50187497392563
8.783325644 53.51031641649121
8.857397409 53.515680742584344
9.27540621 53.51568074258435
10.204157818 53.523685130512774
10.496928509 53.52368513051278
11.483985054 53.83103413494646
11.484180999 54.00373194930945
11.484296412 54.30250662731144
11.484848997 54.30870238892205
11.485359483 54.62191185672325
11.485404879 54.629409983162155
11.485490681 54.676948976439924
11.485710921999999 54.73486824310813
11.486812917 54.90673125940739
11.489021438 55.01702925151174
11.489636869 55.02052229583011
11.493476103 55.07696567365738
12.598334867 55.076965673657384
12.877785605 55.08497006158581
13.515108481 55.084970061585814
14.150399435 55.400323453947905
14.150692495 55.871795946312886
14.151236183 55.87799170792351
14.151743389 56.191201175724714
14.151855024 56.24623829544139
14.152076396 56.304157562109594
14.153874254 56.476020578408864
14.156440691 56.49579470487005
14.15679095 56.56533629835842
14.160146328 56.57380154341068
14.160398318 56.64625499265884
15.234707125 56.64625499265885
16.739459306 56.96160838502094
16.739744058 57.43308087738592
16.740276796 57.439276638996546
16.740753517 57.75248610679775
16.74086501 57.80752322651442
16.741086682 57.86544249318263
16.743128779 58.00860258353214
16.745302891 58.05707963594308
16.745650514 58.12662122943145
16.760328206 58.180417424020376
16.76102786 58.18041742402038
16.863436674 58.18041742402039
17.863205168 58.1804174240204
19.251970512 58.49577081638249
19.252295118 58.92749975474277
19.254666155 58.9734390703581
19.255116336 59.2866485381593
19.255219791 59.34168565787597
19.256139362 59.39960492454416
19.25738832 59.542765014893675
19.259529748 59.591242067304634
19.259860787 59.66078366079299
19.279630133 59.710206321554644
19.302714639 59.714579855381935
21.702509635 60.029933247744026
21.702801477 60.46166218610432
21.703263525 60.50760150171965
21.703709081 60.82081096952085
21.703825174 60.87584808923752
21.706030466 61.076927446255226
21.708220436 61.12540449866617
21.708565501 61.19494609215454
21.735563601 61.194946092154545
22.876521909 61.19494609215455
24.082646041 61.51029948451664
24.082969628 61.94202842287694
24.083428895 61.987967738492266
24.08384814 62.30117720629347
24.083957418 62.35621432601014
24.086343296 62.35669893814079
24.086710274 62.41713060549636
24.086877883 62.55729368302785
24.089442627 62.58055642115156
24.090108774 62.60219664901785
24.096693673 62.605770735438796
26.409456298 62.9211241278009
26.409751977 63.35285306616118
26.41019244 63.398792381776495
26.410617257 63.712001849577696
26.410724997 63.76703896929438
26.413066603 63.76752358142503
26.413422773 63.82795524878059
26.416094696 63.99138106443579
26.416729129 64.01302129230207
26.449805159 64.01302129230208
28.724686406 64.32837468466418
28.725000737 64.76010362302446
28.725473649 64.80604293863978
28.725871607 65.11925240644098
28.725973091 65.17428952615765
28.728269486 65.1747741382883
28.728639028 65.23520580564387
28.730975839 65.39863162129907
29.429540297 65.39863162129909
30.913612811 65.71398501366117
30.913926035 66.14571395202145
30.914395127 66.19165326763678
30.914797176 66.50486273543798
30.91489336 66.55989985515465
30.917183294 66.5603844672853
30.917535362 66.62081613464088
30.92188264 66.72192934146041
30.924960751 66.74019549316867
31.052235187 66.74019549316868
33.010679627 67.05554888553078
33.010973679 67.48727782389108
33.011381943 67.53321713950639
33.011754564 67.84642660730759
33.011837558 67.90146372702426
33.01404922 67.90194833915491
33.01438804 67.96238000651049
33.018498543 67.99131666801233
33.019089565 68.06349321333003
33.142443359 68.06349321333005
35.055407881 68.37884660569215
35.05573726 68.81057554405243
35.056187835 68.85651485966774
35.05655438 69.16972432746893
35.056654849 69.22476144718561
35.058852116 69.22524605931626
35.059196965 69.28567772667184
35.064071118 69.31461438817368
35.072529303 69.36731064800222
35.074683769 69.37742263424977
37.033628304 69.69277602661187
37.033913273 70.12450496497215
37.034335345 70.17044428058747
37.034683071 70.48365374838866
37.035435645 70.48365374838868
37.035484615 70.53869086810536
37.036958176 70.539175480236
37.03728166 70.59960714759157
37.04935184 70.68124006892197
37.05344142 70.6900877810086
38.940565211 71.0054411733707
38.940866065 71.43717011173099
38.941295448 71.4831094273463
38.941618391 71.79631889514751
38.941720264 71.8513560148642
38.943829765 71.85184062699484
38.944159423 71.9122722943504
38.948882738 71.94120895585225
38.956858408 71.9939052156808
39.069718089 71.99390521568081
40.807492176 72.30925860804291
40.8079058 72.4379027858606
40.808046616 72.4418804098832
40.808226283 72.67840179553909
40.808254951 72.7869268620185
40.808629271 73.1001363298197
40.809344279 73.10013632981972
40.80941851 73.15517344953639
40.811393612 73.15565806166703
40.818963468 73.15814767346733
40.822424907 73.24502639052444
40.83604202 73.29442080162953
40.945874492 73.29442080162954
42.623961167 73.60977419399164
42.624271423 74.04150313235192
42.626531253 74.40065191576844
42.626626809 74.45568903548511
42.628616127 74.45617364761576
42.6338101 74.54554197647317
42.951077626 74.54554197647319
44.375644207 74.86089536883527
44.375925992 75.29262430719557
44.376654702 75.65177309061208
44.378694604 75.7072948224594
44.386300286 75.70978443425969
44.393510008 75.76594517135412
44.400964162 75.77259686502595
44.470436992 75.77259686502596
44.539731109 75.77259686502597
46.075498093 76.08795025738806
46.075777914 76.51967919574834
46.076492027 76.87882797916485
46.077169489 76.87882797916487
46.078527954 76.93434971101217
46.086043804 76.93683932281246
46.092878163 76.9930000599069
46.19404375 76.99300005990692
47.510250479 76.99300005990693
47.724692007 77.30835345226902
47.725067558 77.43699763008671
47.725208854 77.4409752541093
47.725700044 78.09923117404581
47.726366622 78.09923117404583
47.735538714 78.15724251769343
48.499901952 78.15724251769345
48.78586255 78.15724251769346
49.317736619 78.47259591005555
49.318134051 78.60124008787324
49.31826971 78.60521771189583
49.318753601 79.26347363183234
49.319398137 79.26347363183235
49.934444842 79.26347363183237
50.85474522 79.36263124696158
50.854832355 79.3810682535247
50.854916377 79.39934228580975
50.855151175 79.70747120201216
50.855275874 79.71144882603474
50.855715009 79.9212139098211
50.855860718 80.30331274820455
50.856312257 80.34861889533339
50.856411526 80.36970474597126
51.064212952 80.36970474597128
52.334118308 80.4688623611005
52.334208084 80.48729936766361
52.334293735 80.50557339994866
52.334539384 80.81370231615107
52.334672404 80.81767994017365
52.335119004 80.86840423541251
52.335420396 81.04350913261318
52.336891537 81.41705641094921
52.351132529 81.44038764630884
52.524402295 81.44038764630885
53.768820879 81.53954526143808
53.768904892 81.5579822680012
53.769009883 81.56090472662696
53.769206696 81.88438521648864
53.769331512 81.88836284051123
53.769748711 81.93908713575009
53.770033377 82.11419203295074
53.770498526 82.11419203295075
53.770910473 82.36336421863598
53.771261815 82.48773931128677
53.828843241 82.48773931128679
54.50595195 82.4877393112868
55.17857934 82.58689692641602
55.178709363 82.60533393297914
55.180502654 82.6082563916049
55.180699344 82.93173688146659
55.180820021 82.93571450548917
55.181501536 83.1615436979287
55.182652854 83.22700766273961
55.185243413 83.26455465305777
55.185301933 83.31139032720333
55.18533805 83.40849730954353
55.197471065 83.51771060441845
55.197921112 83.51771060441847
55.207910255 83.51771060441848
56.261465162 83.5177106044185
56.533864297 83.61686821954773
56.534036795 83.63822768473659
56.534250094 83.9617081745983
56.534373333 83.96568579862088
56.534753681 84.01641009385975
56.535067544 84.1915149910604
56.536655101 84.44068717674563
56.552145641 84.54768189755016
56.878307205 84.54768189755018
57.846251011 84.64683951267939
57.846381357 84.66527651924251
57.846441258 84.66819897786826
57.846617001 84.99167946772997
57.846738208 84.99565709175255
57.847699345 85.04638138699141
57.848393415 85.28695024900298
57.850906656 85.32449723932115
57.850966087 85.3713329134667
57.850999519 85.46843989580691
57.864452486 85.4706584698773
58.0698048 85.47065846987732
59.143313327 85.56981608500654
59.143403726 85.58825309156965
59.143509894 85.59117555019542
59.14372023 85.9146560400571
59.143847483 85.91863366407968
59.146319767 85.99508648826162
59.151862208 86.141780666392
59.153853299 86.20992682133013
59.154494964 86.24747381164828
59.1565869 86.35770326037189
59.158093828 86.39141646813404
59.168130491 86.39141646813405
59.223202632 86.39141646813407
60.364978523 86.4905740832633
60.365061593 86.5090110898264
60.366957601 86.51193354845216
60.367141212 86.83541403831387
60.367256711 86.83939166233645
60.369460143 87.1306848195869
60.37861484 87.13797268133445
60.378744953 87.27846125862864
60.474086802 87.27846125862865
61.548249391 87.37761887375787
61.548336637 87.39605588032099
61.548437047 87.39897833894675
61.548643472 87.72245882880843
61.548762987 87.72643645283101
61.550976934 87.80288927701295
61.556276806 87.94958345514333
61.558208581 88.01772961008146
61.563171821 88.05065188952015
61.565464655 88.08650962961896
62.188051692 88.08650962961897
62.702792931 88.18566724474822
62.702951146 88.20702670993707
62.70314283 88.53050719979878
62.703253558 88.53448482382136
62.704808594 88.82577798107181
62.715900415 88.8587002605105
62.723325472 88.87079721318885
63.813236386 88.96995482831808
63.813401728 88.99131429350695
63.813578847 89.31479478336864
63.813685728 89.31877240739122
63.815158454 89.61006556464167
64.091914138 89.61006556464169
64.874764678 89.7092231797709
64.874857723 89.727660186334
64.874967477 89.73058264495977
64.875172652 90.05406313482148
64.875286321 90.05804075884406
64.878811856 90.11160174266465
64.882385582 90.28118776115636
64.888928237 90.33659001301248
64.896054459 90.34778707709857
64.906787198 90.34778707709859
65.131908808 90.3477870770986
65.898484832 90.44694469222782
65.898563386 90.46538169879092
65.898664472 90.46830415741668
65.898859079 90.79178464727839
65.898962757 90.79576227130097
65.905417616 90.80322204015427
65.905878597 91.01890927361327
65.912177965 91.0743115254694
65.935264582 91.07431152546941
66.574387327 91.07431152546943
66.896474422 91.17346914059863
66.896552337 91.19190614716175
66.896650526 91.1948286057875
66.896928427 91.5222867196718
66.903476002 91.52974648852508
66.903819368 91.68131253663037
66.913470568 91.77371481667146
66.951212468 91.77371481667147
67.855175905 91.8728724318007
67.855324877 91.89423189698957
67.855507143 92.21771238685128
67.856791387 92.25176602442222
67.863004666 92.28091385055498
67.863116931 92.30582212270275
67.8634251 92.35861586163605
68.140069722 92.35861586163607
68.755859544 92.4577734767653
68.75601007 92.47913294195416
68.756183922 92.80261343181587
68.757429076 92.83666706938682
68.764010655 92.84482578094735
68.764132061 92.84830132281054
68.764423515 92.84830132281056
68.76978437 92.89072316766735
68.787844764 92.89072316766736
69.619332125 92.98988078279659
69.619478426 93.01124024798546
69.619882574 93.01124024798547
69.620867893 93.02020242897045
69.621330224 93.03213805125316
69.621355181 93.22346859905447
69.622941873 93.32045680197676
69.623347477 93.32045680197677
69.627247629 93.37693308697864
69.62738162 93.38040862884185
69.636743279 93.38040862884186
69.834865878 93.38040862884188
70.471636503 93.47956624397109
70.472205014 93.4980032505342
70.472258023 93.50092570915997
70.473242792 93.50988789014494
70.473677399 93.52182351242767
70.473702743 93.71315406022897
70.475616738 93.81014226315128
70.480044941 93.82517483873232
70.48176028 93.86661854815316
70.485390993 93.87009409001637
70.552672319 93.87009409001638
71.266234352 93.9692517051456
71.266734601 93.9876887117087
71.269983563 94.01150897360218
71.270010505 94.20283952140348
71.277416748 94.23875386253441
71.279282003 94.31309693370271
71.281797358 94.33294490278462
71.900363101 94.33294490278463
72.023525588 94.43210251791385
72.02405992 94.45053952447695
72.025411445 94.47435978637043
72.025747523 94.66569033417173
72.036259437 94.70160467530266
72.280219248 94.70160467530268
72.74948338 94.80076229043189
72.749973781 94.819199296995
72.751327817 94.84301955888847
72.751771271 95.0001883400921
73.073831566 95.00018834009211
73.451391571 95.09934595522132
73.451866397 95.11778296178443
73.453208413 95.14160322367789
73.45596244 95.22566646086113
73.457038892 95.23213328900655
73.459707834 95.27583713940052
73.462369023 95.29327838572023
73.489401739 95.29327838572024
73.569946558 95.29327838572026
74.110706536 95.39243600084949
74.111007332 95.42624293465308
74.112517576 95.43469326930604
74.115084645 95.51875650648928
74.116164273 95.5252233346347
74.118456841 95.56892718502867
74.13182216 95.56892718502868
74.759987537 95.66808480015793
74.760243004 95.70189173396152
74.762154151 95.71034206861448
74.764590862 95.79440530579772
74.76559948 95.80087213394316
75.378361047 95.90002974907239
75.378619091 95.93383668287599
75.38002787 95.94228701752895
75.386944203 95.96677293877093
75.387859653 96.00725698787218
75.918357305 96.0072569878722
75.955295592 96.10641460300141
75.955564293 96.140221536805
75.957372477 96.14867187145798
75.964052595 96.17315779269997
76.507217563 96.2723154078292
76.507508535 96.3061223416328
76.510441598 96.31457267628576
76.516554362 96.36154495513779
76.537782156 96.3615449551378
76.791349807 96.36154495513782
77.03561377 96.46070257026703
77.035864468 96.49450950407063
77.037141925 96.5029598387236
77.09826397 96.50295983872361
77.497122067 96.50295983872363
77.535523655 96.63592438765643
77.540759835 96.64132967955462
77.598646429 96.64132967955463
78.013685078 96.77429422848745
78.018897936 96.90460155002873
78.467488873 97.03756609896155
78.475211396 97.03756609896156
78.898439556 97.1551607206539
78.90533891 97.15648343032193
79.300085772 97.27407805201427
79.303900502 97.27640464141305
79.349798562 97.27640464141307
79.681960196 97.28945241996607
79.682341649 97.32802482799026
79.682782785 97.35895950422555
79.683272476 97.39169501434668
79.68791243 97.3939992631054
80.028777813 97.50430230080822
80.031253575 97.50928963603903
80.355658487 97.61959267374185
80.665901061 97.72059917516961
80.668286091 97.72965600366463
80.956734581 97.74270378221765
80.957079089 97.78127619024183
80.957476531 97.81221086647713
80.960228582 97.83066250509239
81.230446799 97.84371028364541
81.230778488 97.8822826916696
81.4875422 97.8953304702226
81.489267313 97.93214255235159
81.557216586 97.9321425523516
81.728588189 97.94519033090461
81.730352752 97.97218312991124
81.793632763 97.97218312991126
81.954444006 97.98523090846426
82.012931712 97.98523090846427
82.162432109 97.9919735376197
82.360136417 97.99871616677513
82.362134468 98.16007168837606
82.456157715 98.16007168837608
82.546584092 98.16681431753149
82.672645399 98.1668143175315
83.018592865 98.23826177057063
83.072529013 98.23826177057065
83.151920313 98.25090193442944
83.179390795 98.25090193442945
83.243112775 98.25090193442946
83.275779347 98.45397607447518
83.370173856 98.4539760744752
83.498721648 98.45449692339298
83.498846719 98.54459148260565
83.559926703 98.54459148260567
83.59449055 98.62285693730622
83.650128261 98.62285693730624
83.830858016 98.67843743135187
83.838891889 98.67843743135188
83.952457145 98.76743351920203
84.049620025 98.91060136509697
