0.000351474 51.1332112186043
0.000423923 51.38588032471198
0.000451442 52.415776988534574
0.000523773 52.53414565417026
0.000718647 52.64437863456054
0.000835295 52.80591762250246
0.001353955 52.83681754852104
0.003813818 52.9733600866726
0.010065702 53.0089780181148
0.03348531 53.059037565927724
0.078172771 53.953038402843944
0.078234621 54.07140706847963
0.078386342 54.18164004886991
0.078480188 54.34317903681183
0.080799075 54.51062150098197
0.085781877 54.54623943242417
0.10410087 54.596298980237094
0.164410434 54.602312356887964
0.224668867 54.60276874292563
0.229938166 54.60276874292565
0.28541045 54.60331662651575
0.290645195 54.603316626515756
0.350861719 54.60331662651576
0.526786544 54.6085998754272
0.531931041 54.60859987542722
0.647767873 54.61126877972464
0.706754439 54.61556964380789
0.947272736 54.630712923850766
1.184219798 54.65073304360176
1.189174378 54.650733043601775
1.30407205 54.66161284986934
1.309061955 54.66161284986936
1.42374326 54.66624147769688
1.428959061 54.666241477696886
1.663163549 54.68333836547603
1.778902062 54.704102059449525
1.844246549 54.70410205944953
1.903232895 54.72697121373933
2.138747072 54.72846525222387
2.23829529 54.73470422157523
2.256948951 54.78476376938815
2.376959585 54.7981553880209
2.617399098 54.833773319463106
2.860952791 54.88383286727601
2.917287807 54.88383286727603
3.070222179 55.979690111976055
3.070297024 56.098058777611726
3.070470484 56.208291758002005
3.070578239 56.36983074594394
3.071045454 56.40073067196252
3.077666414 56.57289114155628
3.10053543 56.62295068936919
3.325505121 56.622950689369205
5.94723772 56.76119713086901
5.947282853 57.791093794691605
5.947346226 57.90946246032729
5.947513975 58.01969544071757
5.947619945 58.181234428659494
5.9480417679999995 58.21213435467807
5.9507608770000004 58.34867689282963
6.174208046 58.36206851146237
7.067962039 58.36206851146238
8.761996426 58.500314952962185
8.762051692 59.53021161678478
8.762118651 59.64858028242047
8.762301326 59.75881326281075
8.762416754 59.92035225075267
8.762892249 59.95125217677126
8.787534805 59.95588080459879
8.787742597 59.993741386351445
9.006279008 60.00713300498418
10.281363376 60.00713300498419
11.497774745 61.18866772893935
11.497854504 61.30703639457502
11.498008274 61.4172693749653
11.49811484 61.57880836290724
11.49854928 61.609708288925816
11.527613389999999 61.614336916753345
11.535474626 61.63143380453249
11.588425042 61.631433804532506
14.168940457 62.81296852848766
14.169028466 62.931337194123344
14.169185135 63.04157017451361
14.169291274 63.20310916245555
14.16969625 63.234009088474124
14.197421643 63.23863771630166
16.500842146 63.23863771630167
16.764841142999998 64.42017244025682
16.764927544 64.53854110589249
16.765091939 64.64877408628277
16.765202655 64.8103130742247
16.765629352 64.84121300024327
17.675749742 64.84121300024329
19.305469324 66.02274772419844
19.305546558 66.14111638983411
19.305717085 66.25134937022439
19.305822178 66.41288835816633
21.756973143 66.43738112390383
21.757036127 66.43858369493681
21.757114392 66.74617028633001
21.757389642 67.1254972593242
21.757548536 67.27643113280355
21.75835582 67.67310378931091
21.758453752 67.82743496927075
21.758654409000002 67.83383536668973
21.763784388 67.93670214881978
21.764506399 67.93670214881979
21.771609481 67.945767438503
21.79267759 67.96511957196324
24.161718749 68.29159370518148
24.161769647 68.4435427858073
24.161818863 68.58074399243229
24.162175108 69.07137249369885
24.162851467 69.22533500310783
24.162941659 69.37966618306767
24.16382587 69.38606658048664
24.168107924 69.48893336261669
24.168791945 69.4889333626167
24.174706381 69.49799865229991
24.252480965 69.49799865229993
26.488183155 69.52249141803743
26.4882402 69.52369398907041
26.488314405 69.83128058046361
26.488563707 70.21060755345778
26.489415862 70.75821408344449
26.489510176 70.91254526340433
26.489699492 70.91894566082331
26.494648948 71.02181244295336
26.501158881 71.03087773263658
28.762559523 71.35735186585481
28.762668798 71.64650215310563
28.763025136 72.13713065437219
28.763681074 72.29109316378116
28.764421668 72.29109316378117
28.764658319 72.45182474115998
28.770073334 72.46025896097612
28.796505827 72.52761012561689
29.556846414 72.5276101256169
30.981016574 72.55210289135441
30.981063621 72.55330546238739
30.981136169 72.86089205378059
30.981522827 72.98016525138442
30.982066246 73.24021902677478
30.982220832 73.78782555676148
30.983151528 73.94855713414029
31.070483682 73.9485571341403
33.152029242 73.97304989987782
33.152102567 73.9742524709108
33.1521776 74.281839062304
33.152424671 74.66116603529818
33.155761688 74.95209224895562
33.155889554 74.96069788709059
33.156149874 74.98639700326756
33.157525222 75.16909990811749
33.158220228 75.1690999081175
33.158731696 75.28155102142615
35.243813677 75.60802515464438
35.243915745 75.8971754418952
35.244344338 76.01500788650863
35.247087089 76.1831289503087
35.247140584 76.29369177437641
35.247376933 76.3193908905534
35.248711122 76.50209379540333
35.251092717 76.54176645257073
35.365568507 76.54176645257074
36.285309629 76.54176645257076
37.230828512 76.86824058578897
37.230925749 77.15739087303979
37.231369507 77.27522331765323
37.234069446 77.4433443814533
37.234120502 77.55390720552101
37.234351277 77.579606321698
37.235643836 77.76230922654793
37.851451212 77.76230922654794
39.152411444 77.78680199228543
39.152706578 78.00975744285016
39.154561183 78.21486435231546
39.155185524 78.34313331763306
39.157285496 78.6638871554305
39.1573349 78.77444997949821
39.157572969 78.80014909567518
39.161834567 78.80855235235974
39.161894789 78.89075711129058
39.180269685 78.89847805541883
39.183028953 78.94615512876989
39.189083685 78.98285200052511
39.202813487 78.98285200052513
41.017003292 79.2224721441438
41.01709662 79.59847642099417
41.017510904 79.7163088656076
41.020095572 79.88442992940767
41.020149566 79.99499275347539
41.020394131 80.02069186965237
41.023617079 80.02909512633693
41.023677762 80.11129988526777
41.045172027 80.16669790274707
41.333338576 80.16669790274709
42.812470609 80.19119066848458
42.812736895 80.4141461190493
42.813009937 80.46914824629232
42.813557453 80.74752199383221
42.81567467 81.06827583162965
42.815726114 81.17883865569736
42.815963353 81.20453777187433
42.819897472 81.21294102855889
42.819959749 81.29514578748973
43.102989628 81.29514578748974
44.561532732 81.5347659311084
44.561624063 81.91077020795879
44.563866582 82.02860265257222
44.566267277 82.19672371637229
44.566318255 82.30728654044
44.566532229 82.33298565661698
44.570435419 82.34138891330153
44.604636471 82.34138891330154
44.9110968 82.34138891330156
46.261692825 82.58100905692021
46.261785287 82.95701333377059
46.262193489 83.07484577838403
46.264725814 83.2429668421841
46.264777636 83.28671898022407
46.264988355 83.3792287824288
47.895744843 83.4138469342778
47.89604803 83.62667699873101
47.896281287 83.68167912597403
47.897249989 83.72362828082736
47.898755423 83.81411561275267
47.899104185 83.83440510140836
47.899205089 84.06024800132496
47.900107775 84.09926162289337
47.90608085 84.10081094711511
47.908146061 84.31585338974533
47.909492162 84.32646896581228
47.915365912 84.39803449236402
49.480672002 84.63765463598268
49.480761973 85.01365891283308
49.483814996 85.0790537112602
49.484622827 85.1180673328286
49.491182426 85.11961665705033
49.493146594 85.33465909968055
49.494448628 85.34527467574752
51.014489725 85.37989282759652
51.014827135 85.59272289204974
51.015074253 85.64772501929275
51.017455565 85.7801615060714
51.017795611 85.83963395485786
51.020087595 85.91220440603973
51.021995124 85.91458702644032
51.026071646 85.92726488398232
51.02669702 85.9964671930381
51.029322487 86.04796279657421
51.030949772 86.10865672354053
51.031040186 86.14730111776873
51.036406671 86.24040521325145
51.217278374 86.24040521325146
52.51194801 86.27502336510045
52.512247372 86.48785342955368
52.512476083 86.5428555567967
52.514739365 86.67529204357534
52.515062929 86.73476449236182
52.517305886 86.80733494354368
52.518495532 86.80971756394428
52.522494226 86.82239542148626
52.523132379 86.89159773054206
52.527405841 87.00378726104448
53.950140501 87.03840541289347
53.950628246 87.1021225923418
53.950669923 87.3062376045897
53.953198686 87.49814654015482
53.955360574 87.57071699133668
53.961096531 87.58577746927926
53.96169781 87.65497977833506
53.970694996 87.71380752958285
53.972220954 87.74835853678522
53.975488309 87.74970417518145
54.060588724 87.74970417518146
55.34441078 87.78432232703045
55.34489874 87.84803950647878
55.34493638 88.0521545187267
55.347460087 88.2440634542918
55.349625122 88.31663390547368
55.35461013 88.33169438341626
55.355231532 88.40089669247205
55.364558665 88.45972444371984
55.365785852 88.4942754509222
55.502548295 88.49427545092222
56.703302645 88.52889360277122
56.703800782 88.59261078221955
56.70383678 88.79672579446743
56.706306896 88.98863473003257
56.711003233 89.02342885701275
56.713283488 89.07626565915702
56.713878873 89.1454679682128
56.723138092 89.20429571946059
56.755492642 89.2042957194606
57.025651497 89.20429571946062
58.023426149 89.44391586307927
58.02351532 89.81992013992965
58.03451856 89.8554882367512
58.085305266 89.85548823675121
59.000992511 89.85548823675123
59.297181778 89.89010638860022
59.29764894 89.95382356804855
59.297683411 90.15793858029645
59.300995481 90.25181871953707
59.301666717 90.26989842293773
59.303939906 90.38464164284176
59.307114196 90.43747844498601
59.307274481 90.50668075404181
59.480887192 90.50668075404182
60.528302609 90.74630089766048
60.528392015 91.12230517451086
60.610814986 91.12230517451087
61.713479917 91.1325076866495
61.714012585 91.17333861568721
61.715753446 91.36462385833336
61.717701965 91.51863565729671
61.719245314 91.56818637547148
61.721058487 91.65145858060141
61.724002769 91.70429538274564
61.73722233 91.70429538274567
62.170384115 91.70429538274568
62.857339998 91.71449789488432
62.857849596 91.75532882392203
62.858264155 91.9466140665682
62.86027416 91.97149291046588
62.860681491 92.10062586553154
62.863052142 92.23344878883623
62.86681116 92.26594664205894
62.867974621 92.2827799842104
63.451492706 92.28277998421042
63.971727755 92.29298249634904
63.972241821 92.33381342538675
63.97263499 92.52509866803291
63.974537447 92.67911046699625
63.977260107 92.81193339030095
63.981081076 92.82383447377445
63.981460024 92.84443124352364
63.986888429 92.8486891026884
64.367753788 92.84868910268841
64.796820381 92.84868910268843
65.03676312 92.88330725453739
65.037220567 92.94702443398572
65.037255898 93.15113944623363
65.040285538 93.24501958547424
65.04293261 93.37784250877894
65.046593138 93.38974359225244
65.046961938 93.41034036200162
65.088776694 93.41034036200165
65.252927015 93.41034036200166
66.062243977 93.42054287414027
66.062370973 93.43398981222825
66.062737736 93.46137380317798
66.063121073 93.65265904582415
66.064975572 93.67753788972186
66.065344468 93.80667084478749
66.066408847 93.85622156296228
66.068110355 93.93949376809218
66.080534395 93.93949376809219
66.080594918 93.9513948515657
66.259769562 93.95139485156571
66.279467708 93.95139485156572
66.828718221 93.95139485156574
67.0539773 93.96159736370433
67.054110935 93.97504430179231
67.0544835 94.00242829274204
67.054869859 94.19371353538821
67.056677373 94.2185923792859
67.058346144 94.32722292987049
67.064192877 94.3272229298705
67.273673924 94.32722292987052
67.934722448 94.32722292987053
68.012405338 94.3618410817195
68.012824777 94.42555826116784
68.01395259 94.569541613693
68.015725731 94.59442045759072
68.027521045 94.67440780273473
68.028037384 94.6877525129524
68.030599652 94.69203714569477
68.035378219 94.69203714569478
68.054652258 94.6920371456948
68.915628545 94.71568659592138
68.915988872 94.74307058687111
68.916340596 94.93435582951727
68.918077388 94.95923467341497
68.920824696 94.95923467341498
68.923693454 95.03922201855899
68.923727801 95.05256672877667
68.941642691 95.05256672877668
69.784416821 95.08718488062566
69.784862981 95.15090206007399
69.785918946 95.29488541259916
69.787603979 95.31976425649687
69.804756011 95.3197642564969
69.970260894 95.31976425649691
70.626266271 95.34341370672351
70.626601673 95.37079769767323
70.627259275 95.42458599305428
70.628703653 95.47270342358995
70.629178613 95.51554235523666
70.631210505 95.51635767621518
70.631500674 95.5163576762152
70.632963617 95.51928506145731
70.634988621 95.57348482571035
70.674633514 95.57348482571037
70.828314396 95.57348482571038
71.424033401 95.597134275937
71.424369743 95.62451826688672
71.425003603 95.67830656226778
71.426321961 95.77007824542865
71.426618784 95.77007824542868
71.430934998 95.7730056306708
71.434888348 95.82559370252748
71.438281532 95.82559370252751
71.666036306 95.82559370252753
72.186140148 95.84924315275413
72.186469649 95.87662714370386
72.188756124 95.93041543908488
72.189976873 95.97853286962055
72.19033377 96.02137180126729
72.192470691 96.02218712224578
72.19380759 96.02511450748793
72.238589118 96.02511450748796
72.921287406 96.04876395771456
72.921624807 96.07614794866429
72.922265778 96.12993624404534
72.923511329 96.17805367458098
72.923870902 96.22089260622772
72.925753716 96.22170792720621
72.940350642 96.22170792720624
73.620378568 96.24535737743284
73.62072856099999 96.27274136838257
73.621322062 96.32652966376362
73.623100741 96.417486025946
73.650562478 96.41748602594602
73.918174654 96.41748602594603
74.289669614 96.45210417779502
74.289856885 96.49427689702641
74.291262372 96.5223077625034
74.292430442 96.57042519303907
74.300307416 96.58859054208575
74.787024985 96.58859054208577
74.927720248 96.62320869393476
74.927889866 96.66538141316617
74.929271093 96.69341227864317
74.93037845 96.7415297091788
74.93471501 96.75208526150125
75.469423619 96.75208526150126
75.540615948 96.75947342904772
75.540688419 96.8031187026776
75.541265712 96.85690699805865
75.542608469 96.90502442859429
75.637338623 96.90502442859432
76.115624136 96.91241259614077
76.115702242 96.95605786977065
76.11625481 97.0098461651517
76.119528372 97.01266798063486
76.120220936 97.0335754268502
76.124674946 97.03881429941498
76.30295702 97.038814299415
76.653288296 97.03881429941501
76.66728173999999 97.04620246696146
76.667351708 97.08984774059134
76.667900871 97.14363603597239
76.669014765 97.14645785145555
76.671543753 97.1673652976709
76.841044214 97.16736529767091
77.193159439 97.20198344951991
77.193336252 97.2441561687513
77.196208743 97.2721870342283
77.197080042 97.29133223494891
77.705897587 97.32595038679791
77.70607643 97.3681231060293
77.707263411 97.39615397150632
77.714841164 97.41347189583072
78.188478471 97.44809004767973
78.18863678 97.49026276691112
78.189775634 97.51829363238814
78.644475437 97.55291178423714
78.644636221 97.59508450346853
78.647989001 97.61258613277981
78.65272919 97.61258613277982
78.895404377 97.61258613277984
79.078929465 97.64720428462883
79.079073478 97.68937700386023
79.083007169 97.69727843228556
79.084347816 97.70294100922993
79.086781212 97.71471776607305
79.3311615 97.71471776607306
79.486805015 97.74933591792205
79.486948846 97.79150863715344
79.492047323 97.80507264252314
79.608317128 97.80507264252316
79.874033992 97.83969079437215
79.874730887 97.8561060836995
79.876548284 97.87491826857202
79.880054919 97.89196263090184
79.907850201 97.89196263090186
80.067430284 97.89196263090187
80.221626612 97.92658078275086
80.224110272 97.96180825695072
80.226404025 98.00638527976484
80.290928096 98.00638527976486
80.548049471 98.04100343161386
80.550448475 98.07623090581372
80.718452039 98.07623090581373
80.859154144 98.1108490576627
80.861392446 98.1530776640324
80.861596678 98.19464685443354
80.913867616 98.19464685443357
81.151359662 98.22926500628253
81.154657302 98.24724297659785
81.156406886 98.25364779368398
81.162086419 98.253647793684
81.255497532 98.25364779368401
81.271681058 98.25364779368402
81.426513772 98.28826594553301
81.429015193 98.29129900927214
81.429509007 98.30624391584833
81.506804909 98.30624391584834
81.683176994 98.34086206769733
81.685590615 98.34389513143647
81.923679139 98.37851328328547
81.924299964 98.44674515916256
82.149502552 98.48136331101156
82.358211446 98.62288654415347
82.556157445 98.67620963640714
82.556410253 98.7671405540614
82.74152767 98.81698306130235
82.912238349 98.83309419734587
82.913743767 98.83543649908512
82.914125186 98.83801143590034
82.915435989 98.83823959177415
83.069448374 98.85435072781766
83.070835183 98.85669302955692
83.100202793 98.85669302955694
83.215356951 98.87280416560044
83.312937466 98.87280416560046
83.351525804 98.88019233314691
83.353464637 98.88166061376143
83.442552867 98.88166061376144
83.476326833 98.8890487813079
83.793824129 98.98168010076299
83.794022783 99.0699938042722
83.879225581 99.10346492540987
