0.000355672 57.40148657562987
0.000531235 57.50264397298019
0.000560877 58.85805936731829
0.02043075 59.00478584920754
0.079026585 59.07229898793448
0.079198588 59.38422924323703
0.079400704 59.434312670483905
0.080302691 59.44074709438187
0.080330509 59.7184389459971
0.082828497 59.83963746756449
0.083401326 59.869253053071425
0.089813289 59.969583657860426
0.090465955 60.215484614417065
0.094749731 60.36221109630631
0.127528518 60.36221109630632
0.155603961 60.379528236692245
0.217406918 60.37952823669225
0.278834269 60.382477095317746
0.310931488 60.38247709531775
0.640204946 60.395567034962525
0.673898936 60.39556703496253
0.792590174 60.39556703496254
0.87960035 60.41923141242146
0.911990967 60.41923141242147
0.971979342 60.419231412421475
1.118328844 60.440300502347974
1.267771379 60.446726807168275
1.354138176 60.45473606358024
1.386581333 60.45473606358025
1.507910638 60.47798753545843
1.5971634799999999 60.49393387957678
1.6294111610000002 60.49393387957679
1.7163418209999999 60.49769057785229
1.7501896540000002 60.497690577852296
1.778110019 60.50726293988827
1.871191108 60.50726293988828
1.897824472 60.517289243012804
2.015365782 60.5219588008593
2.047187346 60.52195880085931
2.07434675 60.524697610348944
2.135666562 60.52551322525847
2.374299404 60.59733695407859
2.435542195 60.60475349407451
2.468547133 60.604753494074515
2.497135847 60.60525660394481
2.529949658 60.60525660394482
2.722251342 60.62468769992585
2.737590162 60.7714141818151
3.083054243 60.87095197497457
3.083225908 60.94048318253886
3.085059616 61.21891646013934
3.085149696 61.38677413071528
3.085264948 61.41449456325688
3.08606498 61.41449456325689
3.086263821 61.509180055585176
3.086292248 61.7868719072004
3.088612234 61.90807042876779
3.095927937 62.28391757562036
3.201347181 62.28858713346686
3.432381749 62.2913259429565
3.491229858 62.291325942956504
3.663867098 62.292141557866024
3.789868503 62.29214155786603
4.12870174 62.36396528668615
4.357929303 62.37138182668207
4.588031531 62.37188493655237
4.834539105 62.538042514422656
4.9815783190000005 62.53804251442266
5.970598656 62.6819404774715
5.970714363 62.78309787482182
5.970740606 64.13851326915993
8.776918525 64.69580504653224
8.777139554 64.96652943845983
8.778335585 65.02968714210427
8.778364942 65.40809593334754
8.787534281 65.51620451527015
8.788049683 65.64099035984069
8.788203442 65.65842503030134
8.79714181 65.73106437403099
9.83820021 65.731064374031
11.517211083 66.2883561514033
11.517463547 66.39020960568605
11.518540334 66.48752700482372
11.518599314 66.62223824697533
11.518624721 67.00064703821859
11.528039436 67.23354146471172
11.528195892 67.2509761351724
14.190387814 67.80826791254471
14.190660155 67.91012136682747
14.193251693 68.00743876596513
14.193308911 68.14215000811674
14.193503034 68.18850477009286
14.193857014 68.21715594137677
14.193913895 68.25872142178794
14.195736937 68.3794076437112
14.195961312 68.38066960358307
14.196050389 68.46210989920957
14.197998955 68.46529613188441
14.210255641 68.57629655492237
14.226981473 68.74388086381715
16.788795783 69.30117264118945
16.789050431 69.4030260954722
16.790048182 69.50034349460988
16.790104896 69.63505473676148
16.790304343 69.6814094987376
16.790654364 69.7100606700215
16.790712002 69.75162615043267
16.792526744 69.87231237235594
16.792756602 69.8735743322278
16.793464758 69.87357433222782
16.794796852 69.95820086052916
16.810983232 69.97453676490485
16.811946658 70.04546918524181
16.826076534 70.07972220339899
16.828470576 70.18582182177786
16.830005132 70.21708255006803
19.336986416 70.77437432744034
19.337239937 70.87622778172309
19.339839688 70.97354518086075
19.339894134 71.10825642301235
19.340085388 71.15461118498847
19.340434938 71.18326235627238
19.342183915 71.34551405860681
19.342404548 71.34677601847869
19.344360756 71.43140254678003
19.360259994 71.44773845115573
19.369644371 71.4589359619121
19.375111309 71.55292388964986
21.806432765 72.11021566702217
21.806679161 72.21206912130492
21.807696273 72.30938652044259
21.807753133 72.4440977625942
21.807946511 72.49045252457032
21.808326431 72.51910369585423
21.810145766 72.68135539818866
21.810372576 72.68261735806053
21.811074134 72.68261735806054
21.812390218 72.76724388636187
21.827417083 72.78357979073758
21.837017588 72.79477730149395
22.181456163 72.79477730149397
24.211738595 73.35206907886626
24.211968968 73.45392253314901
24.212929858 73.55123993228668
24.212984724 73.68595117443829
24.213174211 73.7323059364144
24.213527018 73.76095710769832
24.215282154 73.92320881003276
24.215505747999998 73.92447076990463
24.217460368 74.00909729820597
24.232023078 74.02543320258167
24.253068801 74.02543320258168
26.56388623 74.58272497995398
26.564844579 74.68457843423673
26.565090668 74.78189583337439
26.565144245 74.916607075526
26.565672816 74.99161300878603
26.567418597 75.15386471112046
26.56764963 75.15512667099233
26.570164516 75.23975319929367
27.047475179 75.23975319929369
28.863116132000002 75.79704497666599
28.864238097 75.9962158300864
28.864293038 76.13092707223801
28.864804327999998 76.20593300549804
28.866475555 76.36818470783248
28.866698155 76.36944666770435
28.871805433 76.43042119690355
29.98273059 76.43042119690357
31.072979009 76.48866795985242
31.0732479 76.5066088262068
31.073379323 76.57333674372276
31.073481951 76.86519894332282
31.07363572 76.98771297427587
31.07405188 77.32159506984789
31.0745514 77.39660100310793
31.076218971 77.55885270544236
31.076429941 77.56011466531425
31.087919537 77.61072879106112
33.189125135 77.66897555400999
33.189421097 77.68691642036437
33.189563009 77.75364433788033
33.189673122 78.04550653748038
33.189816689 78.16802056843342
33.190409887 78.28296521458026
33.190610835 78.3082860005832
33.190781573 78.57690859726547
33.192436782 78.73916029959992
33.192648238 78.74042225947179
33.22765497 78.7404222594718
35.247097396 78.79866902242065
35.247366443 78.81660988877503
35.24749261 78.883337806291
35.247596535 79.17520000589104
35.247717187 79.29771403684408
35.248294951 79.41265868299092
35.248492412 79.43797946899386
35.248649256 79.70660206567614
35.250225607 79.86885376801058
35.251045922 79.87011572788246
37.230116648 80.42740750525476
37.231151757 80.62657835867519
37.231687361 80.83629553408683
37.235414782 80.92146936834713
37.263357476 80.96405314603899
38.487382254 80.964053146039
39.156642953 81.02229990898786
39.156935478 81.04024077534224
39.157075319 81.10696869285819
39.157299468 81.52134492341129
39.157700224 81.85522701898331
39.158207903 81.93023295224334
39.170347008 81.99093367458165
39.768295898 81.99093367458167
41.031401429 82.04918043753052
41.031660181 82.0671213038849
41.031788362 82.13384922140087
41.031999227 82.54822545195395
41.032544365 82.6631700981008
41.032722384 82.68849088410373
41.03288519 82.95711348078602
41.051188122 82.96156178350073
41.053584315 83.01692469859425
41.418751879 83.01692469859427
42.444224915 83.01692469859428
42.861255923 83.07517146154312
42.861516975 83.0931123278975
42.861636933 83.15984024541346
42.861860954 83.57421647596655
42.862233349 83.90809857153857
42.862706365 83.98310450479862
42.880321069 83.98755280751331
42.915760378 83.98755280751332
44.585473911 83.98755280751334
44.622030214 84.0457995704622
44.622292469 84.06374043681657
44.622414995 84.13046835433254
44.62259802 84.54484458488562
44.62316209 84.65978923103246
44.623342736 84.6851100170354
44.623491898 84.95373261371769
46.327567739 85.01197937666657
46.327802883 85.02992024302095
46.327929381 85.0966481605369
46.328119499 85.51102439109
46.328643045 85.62596903723684
46.32880477 85.65128982323976
46.329131359 85.71019524451042
46.329180467 85.84490648666203
46.338849376 85.8640927992939
47.986497268 85.92233956224275
47.986766883 85.94028042859713
47.986885019 86.0070083461131
47.987054557 86.42138457666618
47.987595573 86.53632922281304
47.98777654 86.56165000881596
47.988058953 86.62055543008661
47.988110986 86.75526667223822
47.998877893 86.77445298487008
48.10513732 86.7744529848701
49.584587994 86.83269974781895
49.584818425 86.85064061417334
49.586939415 86.91736853168929
49.587116591 87.3317447622424
49.593021678 87.46876215767608
49.593350871 87.66562685781443
51.136190812 87.7238736207633
51.136451668 87.74181448711768
51.136572154 87.80854240463364
51.136737085 88.22291863518673
51.144170874 88.28492118464584
51.153981537 88.43625051179563
51.154495616 88.43625051179565
52.415430948 88.43625051179566
52.626657911 88.49449727474453
52.626901563 88.51243814109891
52.627021983 88.57916605861487
52.627218718 88.99354228916796
52.635826531 89.01438408523533
52.64595983 89.08333295307308
52.646795869 89.12551209399496
54.079943573 89.18375885694381
54.080187747 89.20169972329819
54.080302588 89.26842764081415
54.080957666 89.51804665108448
54.085372694 89.52870688372668
54.085618947 89.57159772535628
54.085675068 89.66718643989118
54.089088608 89.70364566743461
54.098355895 89.77259453527236
54.101458615 89.80828669265702
54.130458117 89.80828669265703
55.485086004 89.8665334556059
55.485333848 89.88447432196027
55.487084576 89.95120223947623
55.487682639 90.20082124974657
55.49190818 90.21148148238878
55.492164517 90.25437232401838
55.492236474 90.34996103855327
55.495514968 90.38642026609669
55.617079317 90.3864202660967
56.844836414 90.44466702904556
56.845219463 90.5293358129159
56.845876595 90.77895482318623
56.850263025 90.78961505582843
56.850502315 90.83250589745803
56.850569618 90.92809461199293
56.858657045 90.9613878147847
56.869943469 90.96138781478471
57.213487316 90.96138781478473
58.169647079 91.0196345777336
58.169976947 91.10430336160394
58.170610691 91.14016531878762
58.170636396 91.26510553988165
58.171020898 91.28197334976507
58.171132945 91.35392237187426
58.174872259 91.36458260451647
58.175108747 91.40747344614607
58.175163803 91.50306216068097
58.185548682 91.51275910217281
58.188288726 91.51914173025841
58.521918164 91.51914173025843
59.454460401 91.57738849320727
59.45477991 91.6620572770776
59.455445194 92.07051301764646
59.481183775 92.07051301764649
59.69252612 92.0705130176465
60.68843943 92.12875978059535
60.68874197 92.21342856446569
60.691529932 92.26794247194766
60.692743028 92.33169185790342
60.692971456 92.38820938911051
60.69536351 92.5165986490078
60.695418199 92.61218736354272
60.719748118 92.61218736354273
60.814819372 92.61218736354274
61.476079942 92.61218736354276
61.874240971 92.67043412649161
61.87455559 92.75510291036196
61.87501865 92.80961681784395
61.876419769 92.92988373500681
61.879048379 93.0153821532745
61.879261558 93.05827299490409
61.971731792 93.0582729949041
63.025962508 93.11651975785294
63.026285804 93.20118854172328
63.026768389 93.25570244920527
63.028173317 93.37596936636812
63.034882403 93.38859335409512
63.034909024 93.39176642933741
63.035068824 93.45742772351063
63.038454623 93.48485273822081
63.116328197 93.48485273822082
63.94345211 93.48485273822084
64.12813516 93.54309950116969
64.128436362 93.62776828504003
64.128999541 93.66363024222372
64.12902411499999 93.78857046331774
64.129131146 93.80543827320118
64.135638228 93.81517309741186
64.135666951 93.81834617265416
64.135841598 93.88400746682737
64.179813329 93.88400746682738
65.185668 93.94225422977624
65.185934933 94.02692301364658
65.190864389 94.06278497083028
65.190890461 94.18772519192429
65.191189528 94.20459300180771
65.194877117 94.25777885232323
65.500752563 94.25777885232324
66.208728641 94.31602561527211
66.208950514 94.40290767347425
66.215376034 94.43655635632614
66.215403796 94.56149657742014
66.215693302 94.57836438730357
66.222251516 94.59035925174996
66.229310522 94.59035925174997
67.197091263 94.64860601469884
67.197320272 94.73548807290099
67.197893729 94.76913675575287
67.197919155 94.89407697684689
67.198253919 94.91094478673031
67.409215787 94.91094478673033
68.172650451 95.05607360788132
68.173730711 95.23133579575841
68.304928011 95.23133579575843
68.498484646 95.23133579575844
69.073980137 95.37646461690943
69.081238361 95.46253968621357
69.081710831 95.4931732394459
69.08995473 95.53247121620126
69.211363333 95.53247121620127
69.939593348 95.67760003735229
69.947098024 95.76367510665642
69.953716943 95.79430865988876
70.181210441 95.79430865988877
70.772762713 95.85889849329844
70.773221366 95.91137255610532
70.773728144 95.93014191991395
70.776253658 95.93705099329758
70.783085809 95.98396873820873
70.785592966 95.98396873820874
70.817940868 95.98396873820876
71.573623014 96.04855857161843
71.574086938 96.10103263442531
71.575951695 96.11980199823395
71.577975364 96.12567419621354
71.584081669 96.12671107161758
71.770042116 96.12671107161759
72.33744485 96.19130090502726
72.33785844 96.24377496783413
72.338343056 96.26254433164277
72.343508792 96.26784926801217
72.343622155 96.26841652962236
72.387855903 96.26841652962237
72.95336797 96.26841652962239
73.066262095 96.33300636303206
73.066668477 96.38548042583892
73.067119725 96.40424978964758
73.073952984 96.40632638429655
73.075100819 96.40729593341213
73.245869266 96.40729593341214
73.774256865 96.47188576682181
73.774679409 96.5243598296287
73.775102767 96.54312919343732
73.816175567 96.54312919343734
73.834508196 96.54312919343735
74.44345352 96.60771902684704
74.443846372 96.6601930896539
74.444263569 96.67896245346255
74.721171495 96.67896245346256
75.081356099 96.7435522868722
75.081748545 96.7960263496791
75.082118854 96.81341111435292
75.119382361 96.81341111435293
75.218177113 96.81341111435295
75.683674574 96.87800094776262
75.684064825 96.93047501056948
75.685825744 96.94608652136095
75.688483281 96.9465474201324
76.270345629 97.01113725354207
76.270713684 97.06361131634897
76.272304816 97.07922282714044
76.318166633 97.07922282714046
76.829525563 97.14381266055011
76.829713243 97.18373808668575
76.83161079999999 97.196286723357
77.354222466 97.26087655676669
77.355008151 97.28439006646545
77.355341357 97.28439006646548
77.356894023 97.30080198290234
77.363042395 97.30093305215354
77.522582498 97.30093305215355
77.852145969 97.36552288556324
77.852778484 97.38903639526202
77.854644405 97.40544831169886
77.862824309 97.40544831169888
77.998298498 97.40544831169889
78.330757315 97.47003814510855
78.330959338 97.48413182642534
78.331510426 97.49355165480733
78.334696922 97.50606620275232
78.381036636 97.50606620275234
78.533946342 97.50606620275235
78.781501311 97.57065603616202
78.78168454 97.57629150802256
78.78210866 97.59416954586081
78.782563572 97.65935903664791
78.809371883 97.65935903664794
79.207419946 97.72394887005763
79.207579956 97.73804255137442
79.20797854 97.74746237975641
79.211695826 97.75023815975463
79.21273827 97.75680219047695
79.612539492 97.82139202388663
79.612700322 97.8354857052034
79.613088626 97.84490553358539
79.616510942 97.84768131358364
79.619158977 97.87960646689474
79.634882641 97.87960646689476
79.70216172 97.87960646689477
79.99278903 97.94419630030443
79.992939734 97.9582899816212
79.993296871 97.9677098100032
79.996238095 97.97048559000145
80.010702102 97.97048559000146
80.336677798 97.97048559000147
80.341275637 98.03507542341113
80.341420545 98.04916910472792
80.341764335 98.05858893310992
80.345095482 98.06008785684027
80.377986708 98.06008785684028
80.470200972 98.0600878568403
80.670298175 98.12467769024995
80.670443304 98.13031316211051
80.670801205 98.14819119994874
80.745562634 98.14819119994876
80.97750069 98.21278103335843
80.977614759 98.22841939670131
80.979163375 98.2350562824751
81.050266422 98.23505628247511
81.089914297 98.23505628247513
81.271853031 98.32035607727299
81.283469157 98.320356077273
81.311548135 98.32035607727302
81.546699005 98.36330631786625
81.546749484 98.39058138254325
81.547054477 98.40058427402559
81.805549448 98.44398402629203
81.806587414 98.44773705128843
81.855351541 98.44773705128844
82.049138429 98.49113680355488
82.27584484 98.49607625908651
82.276596799 98.50354838632221
82.276965528 98.50605624984878
82.277087376 98.52067116079908
82.277613693 98.53147630283529
82.491545011 98.53641575836691
82.491995075 98.56101066007949
82.573657086 98.5610106600795
82.691751309 98.56595011561112
82.693139677 98.5759301063734
82.71206881 98.57593010637342
82.876376382 98.58086956190505
82.879004676 98.58834168914075
82.880960954 98.58834168914076
83.044739016 98.59328114467237
83.04833352 98.59328114467239
83.353846679 98.69837143233205
83.360399019 98.69837143233207
83.488798373 98.74377277278828
83.49956224 98.74377277278829
83.505813425 98.7437727727883
83.730509455 98.80516871325605
83.740113185 98.80516871325607
83.763475265 98.80516871325608
