0.000361533 42.976255474660306
0.000450051 43.89331899574831
0.000478157 44.57913175858307
0.00059795 44.62270994656978
0.00067524 44.749736694425295
0.000716746 44.78949901332669
0.004466301 44.84345924135734
0.005360746 44.96089591513634
0.006909959 45.208838610766634
0.008526339 45.378343807291145
0.01757288 45.38600376623458
0.040270726 45.424573287909375
0.079635558 45.502096157503644
0.07966368 46.1879089203384
0.079751705 46.23148710832511
0.07981177 46.35851385618063
0.079848567 46.398276175082025
0.082787302 46.45223640311267
0.083474901 46.56967307689168
0.084682044 46.817615772521975
0.085987514 46.98712096904647
0.093054836 46.994780927989915
0.127684756 47.03335044966471
0.234672101 47.054317344687405
0.478978691 47.06202927376596
0.722561169 47.0712827616581
0.964723035 47.07170918419733
1.204736344 47.07914974942872
1.32589686 47.084060701091765
1.4465781340000001 47.09829431725094
1.5693186959999998 47.125540941842814
1.809465426 47.13596571591708
2.035030771 47.15948691657409
2.052886784 47.19805643824889
2.176188315 47.22687389699061
2.421683771 47.240787958182594
2.5605497440000002 47.2407879581826
2.664779107 47.248447917126036
2.9244616839999997 47.248629250104564
3.12251047 47.558063755721
3.122543358 48.24387651855575
3.122644227 48.28745470654247
3.122707175 48.414481454397986
3.122744233 48.454243773299375
3.125693919 48.50820400133003
3.126374336 48.62564067510904
3.1275628 48.87358337073933
3.128811723 49.04308856726382
3.135608668 49.05074852620726
3.151544363 49.050748526207265
3.153056881 49.05092985918579
3.461370762 49.0509298591858
3.942833882 49.05700262845582
3.949586628 49.064662587399255
3.966625539 49.06484392037778
4.889269156 49.07232254634268
4.9077162130000005 49.07250387932121
5.007082412 49.072503879321225
6.0186933 49.39603377910817
6.018735534 50.08184654194292
6.018839706 50.125424729929634
6.018908017 50.25245147778516
6.018947521 50.292213796686546
6.021902407 50.3461740247172
6.022570478 50.463610698496204
6.023342666 50.46361069849621
6.023719805 50.7115533941265
6.024528121 50.711553394126504
6.031615363 50.88871854959444
6.073148854 50.888718549594444
6.178733107 50.89637850853787
6.614667832 50.89637850853788
8.841486759 51.219908408324834
8.841534682 51.90572117115959
8.841639296 51.94929935914631
8.841705728 52.076326107001826
8.841743661 52.116088425903214
8.844663322 52.17004865393386
8.845309474 52.28748532771287
8.846425919 52.535428023343165
8.847619102 52.70493321986766
8.854221474 52.7125931788111
11.59238545 53.04378303754149
11.592437788 53.72959580037624
11.592598337 53.90020073621847
11.592641741 53.93996305511986
11.595453469 53.99392328315051
11.597512486 54.027993518691616
11.597787982 54.076956738952134
11.598405093 54.528807849084316
14.273393445 54.859997707814706
14.273441832 55.54581047064946
14.273606931 55.75617772539308
14.276377723 55.810137953423734
14.278413748 55.844208188964835
14.278681694 55.89317140922535
14.283369821 55.94834481961106
14.28444166 55.966976206536394
14.2887959 55.98650929406564
14.28962517 56.15855190586234
14.290376035 56.158551905862346
14.302798519 56.18338431060366
14.316097779 56.183384310603664
16.894535136000002 56.514574169334054
16.894589784 57.200386932168804
16.894761179 57.41075418691243
16.899504185 57.49878465048418
16.899768987 57.5477478707447
16.90448257 57.602921281130406
16.905555397 57.62155266805574
16.909785812 57.64108575558499
16.910617884 57.81312836738169
19.436152298 58.14431822611208
19.436199281 58.83013098894683
19.43637966 59.04049824369045
19.438669477 59.04049824369046
19.442459176 59.12852870726221
19.442724646 59.17749192752272
19.447112922 59.23266533790843
19.448173707 59.251296724833765
19.452204251 59.270829812363004
19.454056855 59.36715513854517
19.467305654 59.395508555801506
19.468013632 59.39550855580152
21.902705253 59.7266984145319
21.902748186 60.41251117736665
21.9029064 60.62287843211028
21.907467094 60.71090889568203
21.907724699 60.75987211594255
21.912168806 60.815045526328255
21.91320888 60.83367691325359
21.917236064 60.85321000078284
21.918194278 60.949535326965
21.933751923 60.97788874422133
22.028644294 60.97788874422134
24.308984496 61.30907860295173
24.309029712 61.99489136578648
24.309200309 62.205258620530095
24.313861973 62.28864666116775
24.313995044 62.34225230436237
24.318312105 62.397425714748074
24.319334436 62.41605710167341
24.323232835 62.43559018920266
24.326727622 62.493336787143136
24.344053483 62.531915515384824
26.639255706 62.86310537411521
26.639304283 63.548918136949965
26.639481669 63.75928539169359
26.644150306 63.89627907552586
26.648372929 63.95145248591157
26.649399162 63.9700838728369
26.653292368 63.98961696036614
26.657765819 64.04736355830661
28.920932311 64.37855341703701
28.920980231 65.06436617987174
28.921158111 65.27473343461537
28.925751316 65.41172711844764
28.929860337 65.46690052883335
28.930842372 65.48553191575868
28.975908734 65.4855319157587
31.162839778 65.81672177448908
31.162877103 66.50253453732383
31.163045862 66.71290179206746
31.167473489 66.84989547589973
31.171589695 66.90506888628543
31.172530756 66.92370027321077
31.618268729 66.92370027321078
33.314167688 67.25489013194117
33.31420748 67.94070289477592
33.314361416 68.15107014951955
33.318783039 68.28806383335183
35.389796284 68.61925369208221
35.389849634 69.30506645491695
35.390018428 69.51543370966058
35.396531443 69.52629210919343
35.41188806 69.63239755520264
35.413342648 69.647295393466
37.391676038 69.97848525219639
37.391740685 70.01335377198332
37.391765195 70.1271001724552
37.391812029 70.37389197169844
37.391911565 70.87466526977475
37.3980571 70.88552366930762
37.413797017 70.99162911531683
39.31747001 71.32281897404722
39.317513291 72.00863173688197
39.317664168 72.2189989916256
39.334170688 72.22499875756407
39.334755978 72.22499875756408
39.342114085 72.23941431194784
39.347764416 72.27130892527572
39.35048286 72.30169244110733
41.181244193 72.63288229983772
41.181320431 72.66775081962464
41.181345523 72.78149722009654
41.181395465 73.02828901933978
41.181472202 73.52906231741609
41.197161305 73.53506208335456
41.197757122 73.53506208335457
41.204920711 73.54947763773833
42.784910132 73.54947763773835
43.019748592 73.88066749646873
43.019787214 74.56648025930348
43.019951944 74.7768475140471
43.035829779 74.78284727998557
43.036397913 74.78284727998559
44.770765087 75.11403713871597
44.770807057 75.79984990155072
44.770958962 76.01021715629435
44.805396572 76.01621692223283
46.483131047 76.34740678096321
46.483192557 76.38227530075014
46.483215925 76.49602170122203
46.483260954 76.74281350046526
46.483340091 77.24358679854159
46.912738716 77.2435867985416
47.008578813 77.24358679854161
48.132787877 77.3387581742652
48.132853791 77.3687597693335
48.134013693 77.68303605750134
48.134632598 77.73792738895482
48.134733819 77.9340741042511
48.135016242 77.99525995975168
48.135633566 78.37330169718676
48.137116978 78.43856959682614
48.145951365 78.47095667485037
49.719062564 78.59612964564228
49.719941751 78.91040593381013
49.720538131 78.9652972652636
49.72063501 79.16144398055988
49.720910682 79.22262983606046
49.72150543 79.60067157349555
49.741060846 79.66593947313491
49.938571827 79.66593947313493
51.253102411 79.79111244392682
51.253417709 80.10538873209468
51.254339932 80.417612634345
51.255433774 80.79565437178009
52.50955938 80.7956543717801
52.745194352 80.920827342572
52.746048172 81.23510363073984
52.746617527 81.2899949621933
52.74673484 81.48614167748958
52.746980157 81.54732753299018
52.747813541 81.64479561573366
52.74792683 81.80660342226204
52.750707545 81.90000678448625
52.7509451 81.90466002090965
52.809751804 81.90466002090966
54.200934966 82.02983299170154
54.201992749 82.26440868003498
54.202305378 82.28681610306919
54.20233118 82.30824910962866
54.202380614 82.39900061132286
54.20249476 82.59514732661914
54.203546708 82.75380126486321
54.203644244 82.91560907139159
54.206347914 83.00901243361581
54.632282939 83.00901243361582
55.610761094 83.01953397780261
55.611353911 83.36876109274115
55.612929222 83.39116851577536
55.612955443 83.41260152233484
55.613004033 83.50335302402904
55.614106089 83.54066479416687
55.614162146 84.01996148409776
55.669792846 84.01996148409778
56.296992841 84.01996148409779
56.977392583 84.03048302828458
56.977950436 84.37971014322312
56.978277481 84.40211756625733
56.978303647 84.42355057281682
56.978352242 84.51430207451101
56.979393086 84.63425559608365
56.979462847 85.03091053457975
58.299381665 85.04143207876652
58.299953517 85.39065919370505
58.300253511 85.41306661673927
58.300280027 85.43449962329875
58.300329853 85.52525112499295
58.300881537 85.63224907376184
58.301445679 85.8800517785333
58.312803485 85.88857985622799
58.318859865 85.92925596904789
58.320380683 85.98819208568214
58.422598256 85.98819208568216
58.982579039 85.98819208568217
59.583832529 85.99871362986894
59.584419933 86.34794074480747
59.584729675 86.3703481678417
59.584780682 86.48253267609537
59.585344543 86.58953062486427
59.585864851 86.58953062486428
59.585924767 86.83733332963573
59.597297519 86.84586140733042
59.603320403 86.88653752015031
59.628382667 86.88653752015033
60.395233769 86.88653752015034
60.815182599 86.89705906433711
60.815740364 87.24628617927566
60.817385354 87.26869360230987
60.817434423 87.38087811056354
60.817957152 87.48787605933244
60.818446575 87.48787605933245
60.82745061 87.59051225634967
60.829463587 87.74420684179859
60.90969527 87.7442068417986
61.599682027 87.74420684179861
62.007642429 87.7547283859854
62.008171694 88.10395550092395
62.008521439 88.23854743221183
62.012527695 88.34475890532687
62.018276874 88.44818157799794
62.020768398 88.48762455590209
62.027176794 88.50567321731513
62.028999058 88.59894876071367
63.022960724 88.59894876071368
63.165704179 88.60947030490046
63.166197121 88.95869741983901
63.169036131 88.97140139552471
63.170029141 89.06812576178581
63.170345675 89.09052486064485
63.172789702 89.12170864226928
63.176473636 89.24207943602963
63.266907786 89.24207943602964
63.277505127 89.24207943602966
64.279301553 89.25260098021644
64.279791484 89.60182809515499
64.281963699 89.6832431271394
64.282329427 89.70039111976122
64.283778753 89.73365553596082
64.286152298 89.76483931758526
64.292050999 89.84341797521175
64.292157904 89.88521011134561
64.54625043 89.88521011134563
65.353231439 89.89573165553242
65.353768357 90.24495877047093
65.355897255 90.32637380245538
65.357381352 90.35438711241773
65.358091757 90.3767862112768
65.360502073 90.4079699929012
65.360910397 90.40796999290122
65.36695376 90.40796999290123
65.367904943 90.51118302982502
66.380700459 90.5217045740118
66.38117387 90.87093168895035
66.385162343 90.88363566463605
66.386066738 90.98036003089715
66.386346442 91.00275912975619
66.388513962 91.03394291138062
67.175880719 91.03394291138063
67.37213429 91.04446445556741
67.372608194 91.39369157050595
67.3755547 91.40639554619167
67.376046352 91.50311991245275
67.376724368 91.52551901131179
67.378904711 91.55670279293624
68.328708259 91.56722433712302
68.329097632 91.66425015275807
68.329193708 91.91645145206157
68.331633444 91.92915542774726
68.332485223 92.02587979400836
68.332765171 92.0482788928674
69.232328887 92.05880043705419
69.232718241 92.15582625268927
69.232801624 92.40802755199273
69.233818436 92.51745589393953
69.243323529 92.52090267949755
69.261285686 92.52090267949758
70.103179637 92.53142422368434
70.103525058 92.62845003931942
70.103616232 92.88065133862288
70.111727729 92.8941861718428
70.113720896 92.95079058369673
70.119707187 92.99007968056968
70.224104817 92.9900796805697
70.942768517 93.0006012247565
70.943143389 93.09762704039154
70.94322562 93.34982833969501
70.950788079 93.3633631729149
70.952426971 93.41996758476886
71.51122076 93.41996758476888
71.741914647 93.52751494459072
71.742040101 93.77971624389419
71.749653658 93.7932510771141
72.337060188 93.79325107711414
72.508434204 93.90079843693597
72.508526927 94.15299973623944
72.568584994 94.15299973623947
73.25129139 94.2605470960613
73.25141499 94.3475115327105
73.252167136 94.40872174664064
73.253091857 94.4833414191112
73.25339411 94.48334141911121
73.657592252 94.48334141911123
73.657882088 94.48334141911124
73.948981214 94.59088877893308
73.949116808 94.67785321558227
73.951352769 94.76523925975832
73.957868236 94.76901256431245
73.961309906 94.79414030089137
74.456697056 94.79414030089139
74.602988833 94.7941403008914
74.619011261 94.85201106428096
74.621329686 94.96978839861328
74.622497566 95.00180148021258
74.62530308 95.00429108678861
74.626117269 95.01729610971793
74.627171315 95.01947710728547
74.627862312 95.31484713813629
74.718789117 95.31484713813632
75.255971248 95.3727179015259
75.256283981 95.46152393575986
75.256658123 95.47707869158816
75.258619365 95.49049523585822
75.259464376 95.52250831745752
75.263972146 95.52499792403356
75.26476987 95.54018394453041
75.271623276 95.54018394453044
75.864973222 95.64773130435228
75.86510938 95.73469574100147
75.869382112 95.7461246990425
75.871632983 95.75033473042765
75.873277268 95.75089999871469
75.873912238 95.7909706912045
75.932336436 95.79097069120454
76.444258822 95.84884145459412
76.444309302 95.84884145459415
76.444550381 95.93764748882808
76.444914307 95.95320224465641
76.446711452 95.96661878892644
76.44760081 95.98090038473867
76.448594393 95.99691144571659
76.451743623 96.00112147710178
76.453773865 96.00168674538878
76.520656848 96.00168674538881
76.993411314 96.05955750877837
76.994317262 96.16374159801384
76.996417411 96.17733484311069
76.997561482 96.19161643892292
76.998250473 96.20762749990084
76.999784327 96.21183753128602
77.032357902 96.21183753128605
77.520716725 96.26970829467561
77.521621707 96.37389238391108
77.523866632 96.40176722482013
77.524182952 96.40176722482015
77.526117173 96.40926857961435
77.546900703 96.40926857961438
77.790252223 96.4092685796144
78.021031596 96.51681593943624
78.021147305 96.60378037608541
78.047676179 96.60378037608544
78.508343033 96.66165113947505
78.508579126 96.66492279639488
78.508918479 96.76601192953731
78.511643001 96.79371006961958
78.540728606 96.79371006961959
78.649776544 96.7937100696196
78.96652767 96.8515808330092
78.96674729 96.95594162307145
78.969622288 96.96893330578428
78.969701927 96.98363976315372
78.997272911 96.98363976315373
79.39201095 97.04151052654333
79.392238284 97.13031656077729
79.392555674 97.1458713166056
79.546581654 97.14587131660561
79.798554736 97.20374207999521
79.799441557 97.30792616923067
80.178966267 97.36579693262027
80.183419773 97.39041000053777
80.526998002 97.43350164519345
80.529413951 97.43396669370105
80.530657 97.44828076392736
80.53337256 97.44828076392737
80.856241607 97.45188614656313
80.858498344 97.47724402221901
80.859075875 97.49183745709067
80.87160969 97.49183745709068
81.167689656 97.49544283972644
81.16844576 97.53492910174637
81.169938382 97.61613694031183
81.173120866 97.61613694031185
81.457483776 97.6197423229476
81.459813667 97.64510019860349
81.462563333 97.65967729834612
81.468570704 97.65967729834614
81.736554395 97.70276894300183
81.836000414 97.70276894300184
81.99796949 97.87220685141926
82.022541796 97.87220685141928
82.187799551 97.8722068514193
82.244620263 97.90117010971092
82.258416544 97.90117010971093
82.349936372 97.90117010971095
82.681528896 97.97698301731931
82.68259153 97.97698301731933
82.876199052 98.06188612651489
82.880300764 98.0618861265149
82.940383235 98.06188612651492
83.399403885 98.24938278976974
83.408725757 98.24938278976977
84.715342448 98.51636221817124
84.730785641 98.51636221817125
84.738281366 98.56300178924877
84.745055321 98.56300178924879
