0.000353791 54.097499322120036
0.000434184 54.14576826303203
0.000462096 54.26078745003196
0.000487831 54.40924959890186
0.000528466 54.88917930684584
0.000722595 54.98569982252422
0.000993077 55.23312091223995
0.002051902 55.233120912239954
0.002103355 55.53293853536706
0.002284848 55.67423928650404
0.018869437 55.78893946617607
0.046110959 55.804352235280895
0.079092425 55.9501714797831
0.079131266 56.4301011877271
0.079282536 56.526621703405475
0.079502956 56.77404279312119
0.080356215 56.7740427931212
0.080399492 57.0738604162483
0.080544294 57.21516116738528
0.081386379 57.2151611673853
0.093821276 57.32986134705731
0.115411897 57.34527411616215
0.237557566 57.35845372014738
0.358792886 57.36975261696535
0.36854358 57.36975261696536
0.419148028 57.37257573068508
0.659628575 57.38084502218957
0.669406181 57.380845022189575
0.720619219 57.383436729460904
0.790286794 57.38343672946091
0.962691897 57.39810672934339
1.022825979 57.4084422281263
1.14182297 57.4098875694885
1.151782808 57.409887569488504
1.201250926 57.41604478748458
1.318892656 57.417876318839795
1.328840838 57.4178763188398
1.379025684 57.41787631883981
1.4181217529999999 57.42314275724173
1.448042136 57.42314275724174
1.448348546 57.43855552634656
1.499354502 57.438555526346576
1.558813606 57.44399706377451
1.625897289 57.44399706377452
1.795611288 57.44938131663714
1.804673051 57.449381316637144
1.834641191 57.45111316696241
1.8658907519999999 57.46652593606724
1.916143002 57.46652593606726
2.07448402 57.482792194195206
2.096031862 57.49820496330003
2.105400765 57.49820496330004
2.136734775 57.504590974250014
2.158166267 57.52000374335484
2.16852459 57.52000374335485
2.219929589 57.520003743354856
2.229703242 57.52000374335486
2.28138444 57.524737480597885
2.351991663 57.52473748059789
2.561405493 57.564710635452926
2.582887524 57.58012340455777
3.088287107 57.70123893333804
3.088326708 57.81625812033797
3.088351162 57.96472026920787
3.088386338 58.44464997715185
3.088553772 58.541170492830226
3.088779597 58.788591582545955
3.089607799 58.78859158254596
3.0912130429999998 58.93780727573728
3.091423448 58.98734494403811
3.091520817 59.07754820689723
3.091622769 59.08840920567307
3.108208482 59.1714984122794
3.108387237 59.224976219567004
3.113173915 59.28509588076992
3.228745191 59.29577491263172
3.68948965 59.30050864987474
3.712794242 59.30050864987475
3.746608144 59.30050864987476
3.917183584 59.300508649874764
5.964025479 59.44415393080775
5.964068484 59.49242287171973
5.964093057 59.60744205871966
5.964116419 59.75590420758956
5.964153052 60.235833915533554
5.964322889 60.33235443121193
5.964549569 60.57977552092765
5.965389487 60.87959314405476
5.96562104 60.940153478368366
5.9663814649999996 61.02089389519174
6.079424263 61.020893895191755
7.428237419 61.02089389519176
8.774914128 61.21280811703673
8.774976423 61.32782730403666
8.775001789000001 61.476289452906556
8.775038242 61.95621916085054
8.775206149 62.052739676528915
8.77547903 62.263234298303246
8.776315344 62.30016076624465
8.778012041 62.408205812575844
8.77813808 62.498914127736796
8.793497667 62.63441797875065
8.793635552 62.73654540326571
9.069143667 62.736545403265715
11.085380412 62.73654540326572
11.503439115 62.928459625110705
11.503477992 63.043478812110635
11.503501963 63.19194096098053
11.503538993 63.67187066892451
11.50370587 63.76839118460289
11.503961378 63.97888580637722
11.504725973 64.0158122743186
11.506406254 64.1238573206498
11.506526541 64.21456563581077
11.522659945000001 64.35006948682462
11.523347809 64.39871910405206
11.539366178 64.43039813128486
14.153015736 64.62231235312984
14.153081246 64.73733154012977
14.153106924 64.88579368899968
14.153145581 65.36572339694366
14.153563677 65.67273853439637
14.15434522 65.70966500233776
14.156044689 65.72753563913056
14.156107056 65.90841836382992
14.186939916 66.00689091819355
14.196890688 66.03448812413026
14.204136446 66.09257183207121
14.289316754 66.09257183207123
16.744947767 66.28448605391621
16.744997585 66.39950524091614
16.745022369 66.54796738978604
16.745057879 67.02789709773002
16.745449544 67.33491223518273
16.747853785 67.38970933991692
16.747908569 67.57059206461628
16.778072407 67.6690646189799
18.285210213 67.66906461897992
19.265115911 67.86097884082488
19.265155334 67.97599802782482
19.265179404 68.12446017669471
19.265218338 68.6043898846387
19.265774333 68.67006695395827
19.267498452 68.7803804066271
19.267759587 68.8121034892266
19.268027206 68.9662021268256
19.268096054 69.14708485152497
19.306615055 69.15250496571967
21.716642227 69.34441918756465
21.71668689 69.45943837456458
21.716711904 69.60790052343448
21.716747265 70.08783023137848
21.717277568 70.15350730069802
21.71901437 70.26382075336686
21.719265438 70.29554383596636
21.719527437 70.44964247356535
21.719584751 70.6305251982647
21.754496553 70.63052519826472
24.116788637 70.8224394201097
24.116832381 70.93745860710963
24.116857191 71.08592075597953
24.11689227 71.56585046392352
24.119070917 71.7418409859119
24.119328289 71.7735640685114
24.119592959 71.92766270611041
24.119714094 72.0830601763595
26.450710015 72.36527479704633
26.450762777 72.38999358520441
26.450787354 72.5384557340743
26.450824528 73.0183854420183
26.457420909 73.21497537240423
26.457912778 73.21817668340874
26.465227108 73.29042291519494
26.471945768 73.40515813249043
26.472162539 73.48438925799408
26.652984974 73.4843892579941
28.718953796 73.79132266683901
28.718996465 73.9397848157089
28.719031727 74.4197145236529
28.725200309 74.61630445403883
28.725683348 74.61950576504334
28.733712866 74.69175199682955
28.740188629 74.80648721412503
28.740807613 74.80648721412504
30.98543543 75.08870183481189
30.985477711 75.11342062296995
30.985501718 75.26188277183985
30.985536227 75.74181247978383
30.986229453 75.74181247978386
30.991863189 75.74913452037167
30.992083155 75.94160372117427
31.000001074 76.0138499529605
31.042843562 76.01384995296051
33.122135389 76.32078336180541
33.122186439 76.46924551067531
33.122222597 76.94917521861929
33.128578685 76.95649725920711
33.128787388 77.14896646000972
33.143769072 77.15979790007863
33.143984404 77.17285526934747
33.147258366 77.18060188221745
33.18826499 77.18060188221746
35.196288994 77.46281650290429
35.196331254 77.48753529106237
35.196354558 77.63599743993227
35.196388433 78.11592714787625
35.202511187 78.12324918846407
35.202718021 78.31571838926668
35.224615287 78.32654982933562
37.195044329 78.60876445002245
37.195086773 78.63348323818053
37.195110204 78.78194538705043
37.19514342 79.26187509499441
37.19580733 79.26187509499442
37.201130462 79.26919713558223
37.20133592 79.46166633638485
39.125913603 79.7438809570717
39.125963084 79.76859974522976
39.12598793 79.91706189409966
39.126115153 79.95385622206284
39.126282401 80.04019470469036
39.126538026 80.12921108026842
39.13523077 80.2264016517309
39.135531394 80.24887274796629
39.136077698 80.29237405446254
39.136648343 80.3238440457103
39.143368017 80.35108044006458
39.143909461 80.35108044006459
39.147469424 80.38656939858701
39.147531155 80.47632314846948
39.157341519 80.5027602502451
41.0064623 80.78497487093195
41.006504719 80.80969365909002
41.00652779 80.95815580795991
41.00664392 80.99495013592309
41.006815377 81.08128861855062
41.007049311 81.17030499412866
41.015412467 81.26749556559113
41.015960358 81.26749556559115
41.016242721 81.33346796832276
41.016280053 81.36493795957054
41.023526418 81.39217435392482
41.024072841 81.39217435392483
41.028438349 81.47480310077154
42.852870559 81.7570177214584
42.852911954 81.78173650961647
42.852934941 81.93019865848636
42.853051741 81.96699298644954
42.853221546 82.05333146907707
42.853433648 82.14234784465512
42.861673688 82.23953841611758
42.86219622 82.2395384161176
42.863019004 82.33698081009699
42.869509874 82.36421720445126
42.881723891 82.36688102494134
44.656217116 82.6490956456282
44.656266585 82.67381443378626
44.65629045 82.82227658265616
44.656415939 82.85907091061934
44.656597281 82.94540939324686
44.664906457 83.13161634028738
44.671811536999996 83.13396934712507
44.67254904 83.25629512862105
44.673077216 83.25629512862106
45.544447049 83.25629512862108
46.396580336 83.5385097493079
46.396622172 83.56322853746597
46.396645437 83.71169068633588
46.396766123 83.74848501429905
46.396933405 83.83482349692659
46.405058794 84.02103044396712
46.411733337 84.02338345080481
46.412452171 84.14570923230079
48.05334371 84.42792385298763
48.053385231 84.4526426411457
48.05340753 84.6011047900156
48.053521989 84.63789911797878
48.055796458 84.7242376006063
48.063668476 84.90137157545459
48.070108161 84.91279755448453
48.081633314 84.95301012366711
48.209852194 84.95301012366713
49.68500253 85.23522474435397
49.685043002 85.25994353251204
49.685066071 85.40840568138194
49.685178088 85.44520000934511
49.685342346 85.53153849197264
49.695824498 85.61238749533224
49.699544195 85.72009844585085
49.794448328 85.72009844585087
50.077363666 85.72009844585088
51.243261919 86.00231306653771
51.243309909 86.02703185469578
51.243331905 86.17549400356569
51.243444967 86.21228833152885
51.243612958 86.29862681415639
51.253987831 86.37947581751598
51.257575629 86.4871867680346
52.578880531 86.48718676803462
52.742787646 86.76940138872145
52.74281926 86.79412017687952
52.742841533 86.94258232574943
52.742953856 86.97937665371259
52.743103187 87.06571513634013
52.753173604 87.10360775675436
52.761239139 87.14127384596955
52.762340844 87.2098182587265
53.347630843 87.20981825872651
54.199141268 87.49203287941334
54.199180701 87.51675166757141
54.199203229 87.66521381644131
54.199316129 87.70200814440449
54.199465329 87.78834662703201
54.209744661 87.82623924744624
54.217091284 87.86390533666143
54.217527422 87.86390533666145
54.444371188 87.86390533666146
55.381119635 87.86390533666147
55.620308053 88.14611995734829
55.620342932 88.17083874550637
55.620365371 88.31930089437627
55.620477123 88.35609522233945
55.620638249 88.44243370496697
55.630408172 88.4803263253812
55.657914024 88.48032632538121
56.838720124 88.48032632538123
56.974236649 88.76254094606806
56.97427037 88.78725973422613
56.974292477 88.93572188309602
56.97440906 88.9725162110592
56.974581555 89.05885469368671
56.990773405 89.05885469368674
58.284555773 89.34106931437357
58.284596395 89.36578810253165
58.284617748 89.51425025140155
58.284727093 89.55104457936473
58.284881833 89.63738306199225
58.947441326 89.63738306199227
59.55306593 89.80793935412159
59.553162399 89.87883930783495
59.556235527 89.93563048791674
59.557311723 89.9745515889869
59.557493779 90.13563856758485
59.559510323 90.18025815010843
59.584270287 90.18025815010846
60.778186518 90.35081444223778
60.778285067 90.42171439595114
60.779467107 90.47850557603293
60.780566683 90.51742667710309
60.780747603 90.67851365570104
60.795979429 90.67851365570105
61.95017524 90.82722695740516
61.950245927 90.91996990154372
61.951397451 90.97676108162553
61.952740902 91.01675987448617
61.95355993 91.05428857836968
61.95797186 91.08152258674566
61.959505334 91.10859684370688
61.959571216 91.1171544767629
62.211967683 91.11715447676293
63.097527289 91.26586777846704
63.097609544 91.3586107226056
63.09876462 91.4154019026874
63.100017689 91.45540069554805
63.100693584 91.49292939943156
63.105029149 91.52016340780754
63.60954584 91.52016340780756
64.201110938 91.52016340780757
64.204256001 91.66887670951168
64.20431665 91.76161965365024
64.2065812 91.85840962659269
64.207238577 91.8959383304762
65.245573541 92.0664946226055
65.245671871 92.13739457631887
65.247799802 92.23310685747082
65.261363812 92.23418454926129
65.28224161 92.23418454926131
66.250029655 92.38289785096542
66.250099627 92.47564079510401
66.253350558 92.53255990274987
66.253509845 92.54125406561393
66.253544133 92.54422273880552
66.253598548 92.54576465075108
66.258105499 92.5706843736019
66.260155604 92.57135307625593
66.299893238 92.57135307625596
67.225646683 92.72006637796007
67.225719862 92.81280932209863
67.229102688 92.87842259260854
67.229142615 92.88139126580013
67.229194687 92.88293317774573
67.233709566 92.88572718691829
67.233807175 92.90785290059652
67.732894348 92.90785290059655
68.173319863 93.05656620230066
68.173389491 93.14930914643922
68.175869424 93.2062282540851
68.176458793 93.21789109014075
68.176905334 93.21943300208632
68.17958464 93.22222701125888
69.0660045 93.37094031296299
69.066090963 93.46368325710155
69.066589378 93.46368325710158
69.067454707 93.5311691998776
69.068081182 93.57795364203402
69.072344889 93.76970546159514
69.107400614 93.76970546159517
69.92407486 93.91841876329927
69.924147203 94.01116170743784
69.927057755 94.07677497794778
69.927508968 94.08128556308493
69.957562503 94.08128556308496
70.750424072 94.22999886478907
70.750495561 94.32274180892763
70.753671517 94.38835507943755
71.433418551 94.38835507943757
71.540754798 94.62981132528022
71.541191466 94.62981132528024
71.545925138 94.6440139311283
71.545954589 94.67087730370103
71.546315649 94.67087730370105
71.550271721 94.67821428235793
71.554539068 94.69207056538006
71.645948677 94.69207056538009
72.298164654 94.93352681122276
72.30331696 94.94772941707085
72.303346043 94.97459278964358
72.303724061 94.9745927896436
72.308588091 94.98192976830047
72.613543219 94.9819297683005
73.028880773 95.22338601414317
73.033774096 95.23758861999126
73.033800464 95.26445199256399
73.242747515 95.264451992564
73.721793206 95.50590823840669
73.728602439 95.52011084425475
73.731210869 95.545001551279
73.735586067 95.5469742168275
74.390182805 95.78843046267019
74.399397993 95.8275237755425
74.425112243 95.82752377554252
75.024636755 96.0689800213852
75.025032048 96.06898002138522
75.635087088 96.27879283922456
75.639911504 96.28918144478381
75.642710241 96.30605663172769
75.646459338 96.3104362672279
76.06814817 96.31043626722791
76.216477091 96.52024908506726
76.224086384 96.54751287757037
76.235160085 96.54751287757038
76.766864099 96.75732569540972
76.777287356 96.76664151066777
76.798739337 96.76664151066778
76.801060019 96.7666415106678
77.244556966 96.76664151066781
77.287889772 96.84803251220174
77.287992876 96.88489254298909
77.291353229 96.96480043240874
77.292302074 96.96534517468888
77.312478231 96.96534517468889
77.352240629 96.9653451746889
77.441349323 96.96534517468892
77.784104543 97.04673617622285
77.784193025 97.08359620701023
77.785737246 97.09617504808318
77.787582824 97.16350409642985
77.816146372 97.16350409642986
77.9011867 97.16350409642988
78.256515266 97.24489509796382
78.256618075 97.28175512875117
78.258352463 97.29433396982415
78.262313283 97.32395365367253
78.26315082 97.33249643472601
78.308367828 97.33249643472602
78.706736574 97.41388743625998
78.706839256 97.45074746704735
78.708303382 97.46332630812032
78.711494179 97.53256509933989
79.136377705 97.61395610087382
79.136478922 97.6508161316612
79.139427764 97.66339497273417
79.309004894 97.66339497273418
79.543209477 97.74478597426813
79.543296056 97.78164600505548
79.544629778 97.85531634426044
79.579546975 97.85531634426047
79.928256161 97.93670734579442
79.928356375 97.97356737658177
79.970859381 97.97356737658178
80.126048518 97.9735673765818
80.276837973 98.05495837811574
80.278586651 98.0578834753772
80.278797519 98.08991682496769
80.607478219 98.17130782650165
80.613088305 98.18286716436198
80.625433866 98.182867164362
80.915748732 98.20309278973787
80.916043594 98.26224824448678
80.921274323 98.27571109605863
80.933047433 98.27571109605864
81.209736968 98.29593672143451
81.210012588 98.30416492111475
81.210706683 98.34333805828524
81.211649687 98.35509217618343
81.487263241 98.37220390922272
81.487348274 98.38354600123954
81.489681613 98.42271913841002
81.551711601 98.42271913841003
81.748549269 98.45128422719701
81.748584538 98.46536827971342
81.750876194 98.48992583254315
81.765094965 98.48992583254316
81.990098369 98.51849092133014
81.990139155 98.53257497384655
82.044591733 98.53257497384656
82.21624714 98.57884100109663
82.22085452 98.57884100109665
82.326002313 98.57884100109666
82.427157816 98.60116635580134
82.428221329 98.60729482615274
82.430172322 98.61542480967731
82.450040063 98.61542480967732
82.578272648 98.61542480967734
82.622947148 98.63775016438201
82.624596275 98.64387863473341
82.628361448 98.64387863473343
82.64242979 98.64387863473344
82.808265559 98.66620398943812
82.822283052 98.66620398943813
82.884871935 98.66620398943815
83.138334464 98.6736708650029
83.150409705 98.67367086500292
83.202908767 98.67367086500293
83.540889455 98.75370597374796
84.155349434 98.77883661885646
