0.000352142 46.64880707516804
0.000441276 47.48870343136335
0.000561517 47.50397600610063
0.000697071 47.68176228824386
0.001702262 47.68176228824387
0.005322407 47.76661590552396
0.005470603 47.792878764237784
0.005499432 48.106429809760826
0.005561142 48.13473905864909
0.005890018 48.31756945275659
0.024505005 48.34264454046925
0.079411784 49.093240807832146
0.079507121 49.10851338256944
0.079611821 49.28629966471267
0.083248145 49.371153281992775
0.083371571 49.39741614070658
0.083398333 49.71096718622964
0.083450995 49.73927643511789
0.083714731 49.922106829225385
0.0982093 49.94718191693805
0.159330996 49.95191405454374
0.219420764 49.95191405454375
0.341108519 49.95191405454376
0.401172374 49.96281088527974
0.46199268 49.962810885279744
0.582496359 49.96281088527975
0.627501251 49.967906041014245
0.641928151 49.99298112872691
0.701970233 49.99298112872692
0.762936171 49.992981128726925
0.881950181 49.99489025912709
1.120999426 50.01514631528801
1.181392364 50.015146315288014
1.3219628399999999 50.01514631528802
1.360775209 50.01760033698079
1.5984480140000001 50.02034191035874
1.659411199 50.02145043654963
1.7194757040000002 50.021450436549635
1.900223464 50.02319950801534
1.960891803 50.02319950801535
2.143305321 50.041462627236996
2.284512985 50.04595653097207
2.321877067 50.04595653097208
2.488883724 50.06534140708152
2.504062876 50.090416494794184
2.563142997 50.09041649479419
2.682947511 50.0904164947942
2.742528051 50.10344774555908
3.079254565 50.240579515037126
3.07930428 51.08047587123244
3.079407625 51.09574844596973
3.079525544 51.27353472811296
3.083127903 51.35838834539307
3.083246538 51.38465120410687
3.083273239 51.698202249629915
3.083327888 51.72651149851818
3.083745321 51.74477461773982
3.09112788 51.793728485297024
3.09485791 51.806759736061906
3.208054409 51.81311336140646
3.211005366 51.82614461217136
4.596668461 51.83818844911912
4.599623693 51.85121969988403
5.973587406 52.04584268394908
5.97364166 52.885739040144365
5.973894672 52.94993240947405
5.9739246 53.01713429318095
5.973998896 53.05496123315783
5.974672067 53.0787978970249
5.977525034 53.50346541854186
5.977588354 53.53177466743012
5.97799558 53.550037786651764
6.027226332 53.59899165420896
6.210122226 53.598991654208966
8.7824939 53.793614638274015
8.782559731 54.63351099446931
8.782849851 54.697704363799
8.782882154 54.7649062475059
8.782961574 54.80273318748278
8.783806104 54.8027331874828
8.786488095 55.251237372866804
8.786547111 55.27954662175505
8.786980368 55.29780974097671
11.529522997 55.49243272504175
11.529580803 56.33232908123705
11.529850455 56.396522450566735
11.529880793 56.463724334273635
11.529955503 56.50155127425053
11.533394502 56.95005545963454
11.533452424 56.97836470852279
11.606722365 56.978364708522804
14.207182127 57.17298769258786
14.207290838 57.35720377994016
14.209425451 57.860080852030784
14.209645349 58.07707741811284
14.209674254 58.14427930181974
14.20974842 58.18210624179664
14.213988492 58.268083275406546
14.21411642 58.35510495708393
14.214266864 58.45629919589869
14.224285058 58.51251477560806
14.225020881 58.51251477560807
14.229598297 58.550629299131515
16.810275413 58.74525228319657
16.810368356 58.929468370548854
16.810406813 59.432345442639495
16.810612290999998 59.649342008721554
16.810641485 59.716543892428454
16.810716348 59.754370832405336
16.811472147 59.75437083240534
16.814932009 59.84034786601526
16.815062359 59.92736954769264
16.815220736 60.028563786507384
16.815962262 60.02856378650739
16.825159876 60.08477936621677
16.825911623 60.08477936621678
16.827131039 60.11825959681631
16.929802173 60.118259596816316
19.358003606 60.31288258088136
19.358096283 60.497098668233654
19.358134609 60.999975740324295
19.35833721 61.21697230640634
19.358365392 61.28417419011324
19.358442322 61.322001130090136
19.359198127 61.32200113009014
19.362679124 61.407978163700044
19.362810612 61.49499984537743
19.362966117 61.596194084192184
19.363691568 61.59619408419219
19.372605611 61.65240966390156
19.373340366 61.652409663901565
19.374265356 61.65240966390157
19.395491049 61.662000337044624
19.922029704 61.66200033704464
21.865752209 61.85662332110969
21.865846202 62.04083940846197
21.865885518 62.54371648055261
21.866083984 62.760713046634656
21.866113498 62.82791493034157
21.866190959 62.86574187031845
21.866951979 62.86574187031846
21.870326495 62.95171890392837
21.870450749 63.038740585605744
21.870605879 63.1399348244205
21.871320304 63.13993482442051
21.879913362 63.19615040412989
21.929073663 63.196150404129895
22.034054867 63.1961504041299
24.351833557 63.39077338819494
24.351921363 63.574989475547234
24.351958658 64.07786654763787
24.352147153 64.29486311371993
24.352175432 64.36206499742683
24.352248867 64.39989193740372
24.356312614 64.48586897101363
24.356431215 64.57289065269102
24.356582019 64.67408489150577
24.378943656 64.68523094956672
24.388445961 64.70851490817654
24.396694454 64.73030047121514
24.764269295 64.73030047121516
26.701003417 64.92492345528022
26.70109543 65.1091395426325
26.701135432 65.61201661472315
26.701343217 65.82901318080519
26.701373026 65.8962150645121
26.70145079 65.93404200448899
26.705463605 66.02001903809891
26.705594188 66.10704071977628
26.70575004 66.20823495859104
26.736864315 66.24266497526182
28.973953899 66.43728795932687
28.974041126 66.62150404667915
28.974078503 67.12438111876979
28.974263537 67.34137768485184
28.974291252 67.40857956855875
28.974365017 67.44640650853563
28.978254105 67.53238354214555
28.978372683 67.61940522382292
28.978525047 67.72059946263768
28.999636062 67.7205994626377
31.183517737 67.91522244670274
31.1836088 68.09943853405504
31.183645914 68.60231560614567
31.183840558 68.81931217222771
31.18386856 68.88651405593463
31.183940179 68.9243409959115
31.187759765 69.01031802952143
31.188020393 69.19853395001356
31.265400059 69.19853395001357
33.307003471 69.39315693407862
33.307094327 69.5773730214309
33.307131541 70.08025009352154
33.307330272 70.29724665960359
33.307357981 70.3644485433105
33.307430929 70.40227548328738
33.317522436 70.42896506131001
33.322149467 70.63572459671123
35.352013447 70.83034758077628
35.352101184 71.01456366812856
35.352138549 71.51744074021919
35.352326667 71.73443730630123
35.352354491 71.80163919000815
35.352426786 71.83946612998503
35.362405845 71.86615570800765
35.368730573 71.9583909526274
35.369328883 71.95839095262741
35.37366843 72.0583322703926
35.392388497 72.05833227039261
35.670814923 72.05833227039263
37.346143946 72.25295525445766
37.346231931 72.43717134180996
37.346268223 72.94004841390058
37.346447771 73.15704497998263
37.346475475 73.22424686368953
37.347108992 73.22424686368954
37.347181514 73.26207380366642
37.356338804 73.28876338168904
37.356918009 73.28876338168905
37.362935214 73.3809986263088
37.385328839 73.48093994407401
39.27449907 73.67556292813906
39.2745926 73.85977901549136
39.274628881 74.36265608758198
39.274821921 74.57965265366403
39.274850148 74.64685453737094
39.282212924 74.66124643899595
39.282721086 74.67746586085133
39.284464832 74.71137105537045
39.28918163 74.77187265530988
39.763249745 74.77187265530989
41.172212403 74.96649563937493
41.172301541 75.15071172672722
41.172338937 75.65358879881786
41.17251781 75.87058536489991
41.172546385 75.93778724860681
41.173165621 75.93778724860682
41.179891864 75.95217915023183
41.182027278 76.00230376660632
41.182589692 76.00230376660633
42.993375338 76.19692675067138
42.993461818 76.38114283802368
42.995337738 76.8840199101143
42.995523726 77.10101647619636
42.995550508 77.16821835990328
43.002448512 77.18261026152827
43.013961216 77.23273487790279
44.753543681 77.42735786196783
44.75364353 77.61157394932013
44.75368247 78.11445102141076
44.753865296 78.33144758749282
44.759853636 78.366763792676
44.761101046 78.41304137282472
44.795468846 78.41304137282474
44.817290826 78.41304137282475
46.462908765 78.6076643568898
46.462993588 78.7918804442421
46.463045313 78.92924636746191
46.463173816 79.19917455629292
46.463223406 79.51175408241477
46.46379111 79.51175408241478
46.468923366 79.54707028759796
46.536633126 79.54707028759798
48.129959798 79.74169327166302
48.130048643 79.92590935901532
48.130099349 80.42878643110595
48.130268471 80.64578299718801
48.130854306 80.64578299718802
48.13636102 80.6810992023712
49.7269588 80.87572218643622
49.727050127 81.05993827378852
49.727074718 81.24549884808529
49.727096933 81.56281534587914
49.727274494 81.77981191196119
49.727834756 81.7798119119612
49.946031994 81.77981191196122
49.94887822 81.77981191196123
51.077788952 81.77981191196125
51.261529035 81.91682543276896
51.261640369 81.93647221529442
51.261871011 82.38191611717896
51.262993275 82.77624493874734
51.267443507 82.77922564294624
51.275474609 82.86574111331835
51.27712897 82.87852462155126
52.753507085 83.01553814235899
52.753598501 83.03518492488445
52.754044369 83.162434780581
52.754431092 83.31511450179273
52.754664466 83.87495764833737
52.759021789 83.87793835253628
52.766261424 83.96445382290838
52.772273855 83.96452987159904
53.492855092 83.96452987159905
54.200645336 84.10154339240678
54.200734231 84.12119017493225
54.201204215 84.24844003062881
54.201590016 84.40111975184054
54.201827759 84.96096289838518
54.226096361 85.0147494977036
54.565353359 85.01474949770362
55.610050151 85.15176301851133
55.610145955 85.1714098010368
55.610969034 85.45133937794509
55.611236851 86.01118252448971
55.626579696 86.01118252448973
55.636639176 86.01118252448974
56.80330278 86.01118252448975
56.968616913 86.14819604529747
56.968711839 86.16784282782294
56.969529583 86.44777240473123
56.969774549 87.00761555127586
57.021692539 87.00761555127588
58.282157349 87.16427585460906
58.283286776 87.17775855425396
58.283823839 87.19067176678112
58.283915777 87.23431248813925
58.285268001 87.39453262021311
58.286000064 87.51159416312144
58.286938232 87.70666863448845
58.288380358 87.78508235393076
58.295048987 87.82943352593723
58.299427013 87.93250439650188
58.866279453 87.9325043965019
59.098008723 87.93250439650191
59.55543882 88.08916469983511
59.556568892 88.10264739947999
59.557105059 88.11556061200717
59.557186848 88.15920133336529
59.558535367 88.31942146543916
59.559223546 88.43648300834748
59.560129066 88.6315574797145
59.561540943 88.70997119915681
59.567566998 88.75432237116328
59.666867011 88.7543223711633
60.783449769 88.91098267449647
60.784573921 88.92446537414136
60.785069582 88.93737858666853
60.785590572 88.93737858666854
60.786479804 89.14123944010052
60.787165375 89.25830098300885
60.788232538 89.31907921501245
60.788323245 89.35359103002314
60.788490313 89.45337545437586
60.789476561 89.53178917381817
61.004210229 89.53178917381818
61.593140172 89.5317891738182
61.73473934 89.53178917381821
61.965922801 89.68844947715138
61.967036024 89.70193217679628
61.967512338 89.71484538932344
61.968902262 89.74583679957688
61.969175799 89.82209755297164
61.97020498 89.90101334701698
61.970352012 89.91404796279052
61.970590669 90.09654601766736
61.970682322 90.13105783267805
61.970853569 90.23084225703077
61.984383472 90.26512417589409
62.191297403 90.2651241758941
62.260026345 90.26512417589412
62.925682716 90.26512417589413
63.116987978 90.4217844792273
63.118521081 90.44818039139936
63.119867502 90.4791718016528
63.12015508 90.55543255504756
63.121149217 90.6343483490929
63.121296509 90.64738296486644
63.121534511 90.73129001734603
63.121598299 90.86439283475397
63.121775019 90.96417725910669
63.388599534 90.9641772591067
63.903361935 90.96417725910672
64.220636472 91.1208375624399
64.222165388 91.14723347461197
64.22387888 91.1782248848654
64.224163453 91.25448563826016
64.225113845 91.33340143230551
64.225261166 91.34643604807904
64.225497947 91.43034310055863
64.225562014 91.56344591796658
64.520519902 91.56344591796659
65.279313435 91.72010622129977
65.280801009 91.74650213347184
65.28210897 91.77749354372527
65.282379488 91.85375429712003
65.283435559 92.02715676193726
65.284032508 92.08578748688565
65.292572837 92.10328322783336
65.296826859 92.10328322783337
65.680032878 92.10328322783339
66.29226708 92.25994353116657
66.293712781 92.28633944333865
66.294995982 92.31733085359207
66.29525692 92.39359160698685
66.299563727 92.4154698538641
66.299881951 92.57959086494553
66.306304812 92.62562479675245
66.327518072 92.62562479675248
67.286097465 92.78228510008566
67.287506764 92.80868101225772
67.288766492 92.83967242251114
67.289022407 92.91593317590592
67.293332351 92.93781142278318
67.29363863 93.1019324338646
67.300657877 93.124889269138
67.458670189 93.12488926913801
68.244059933 93.2815495724712
68.245512721 93.30794548464327
68.246726169 93.33893689489669
68.246984222 93.41519764829147
68.251044183 93.43707589516872
68.254181282 93.51696038240378
68.258002323 93.59409502460076
68.714880676 93.59409502460078
69.153793033 93.75075532793397
69.155136248 93.77715124010604
69.156314504 93.80814265035946
69.15658335 93.88440340375423
69.160593664 93.9062816506315
69.163568987 93.98616613786656
69.169292498 93.99550659900761
69.169328155 94.00582876043828
69.599287807 94.00582876043829
70.020677127 94.16248906377146
70.02199159 94.18888497594354
70.023186638 94.21987638619696
70.027377818 94.318015386469
70.030290328 94.39789987370405
70.047577873 94.39789987370406
70.084642055 94.39789987370408
70.873293132 94.55456017703726
70.874538029 94.58095608920934
70.875696693 94.61194749946276
70.879789314 94.66619972930688
70.8800357 94.71008649973479
70.88260932 94.78997098696983
70.915572237 94.78997098696985
71.016296734 94.78997098696986
71.681343922 94.94663129030305
71.682608664 94.97302720247511
71.683707751 95.00401861272853
71.684100384 95.00401861272854
71.687643862 95.05827084257268
71.687884653 95.10215761300056
71.755009238 95.10215761300057
72.390925226 95.10215761300059
72.446304932 95.25881791633377
72.447500816 95.28521382850585
72.448581184 95.31620523875927
72.452380221 95.37045746860339
72.455448594 95.39021407869474
72.499688479 95.39021407869475
73.18096815 95.54687438202792
73.18252642 95.5732702942
73.183534462 95.60426170445342
73.188987566 95.63072508093103
73.19164887 95.6487180512732
73.193172955 95.65851393429757
73.305842774 95.65851393429759
73.880015233 95.81517423763077
73.884124717 95.83441168716865
73.88440293 95.83441168716867
73.887979696 95.89902493653389
73.890447788 95.91701790687604
73.919410874 95.91701790687605
74.267760905 95.91701790687607
74.549925006 96.07367821020927
74.553998903 96.09291565974713
74.557646 96.15752890911237
74.560368821 96.17299597835118
74.601614364 96.1729959783512
75.192445977 96.3296562816844
75.200102508 96.40471269137689
75.200241979 96.4135069805875
75.807870395 96.57016728392068
75.815444252 96.58057471574858
75.817774437 96.60597727574316
75.818453056 96.63172312083451
75.876369017 96.63172312083452
75.887812412 96.63172312083454
76.395438064 96.78838342416772
76.402824377 96.7987908559956
76.405724155 96.82419341599018
76.526804602 96.8241934159902
76.945324006 96.98085371932339
76.952162035 96.99126115115129
77.223278347 96.9912611511513
77.467609809 97.1479214544845
77.47428447 97.15832888631238
77.663622032 97.15832888631239
77.961892516 97.31498918964557
77.972430187 97.31498918964559
78.471446874 97.47164949297878
78.921126478 97.55472650403935
78.923065251 97.5611980706498
78.925874309 97.57927547959052
78.92736173 97.59613064315234
79.344414394 97.6792076542129
79.346342749 97.68567922082335
79.3491616 97.70375662976406
79.353238401 97.70375662976409
79.749776018 97.78683364082465
79.751587421 97.7933052074351
80.130367167 97.87638221849566
80.387464681 97.87638221849568
80.478343723 97.95945922955623
80.781123154 97.95945922955624
80.808988738 98.01744457780651
80.809423485 98.02656964810635
80.811841283 98.03757225038775
81.092813755 98.03757225038777
81.11785885 98.09555759863804
81.118063049 98.10468266893788
81.121641103 98.10821263202804
81.145081368 98.10821263202806
81.407044138 98.16619798027834
81.407254891 98.17532305057819
81.68235475 98.23330839882846
81.826470834 98.23330839882847
81.89782422 98.23330839882848
81.94188772 98.24923248402185
81.942343798 98.2775511383765
81.942802223 98.2813696233769
81.942970699 98.28509036662228
81.944394981 98.37129564256573
81.945455365 98.37129564256574
82.108540113 98.37129564256576
82.184496965 98.45199138596969
82.202396256 98.4519913859697
82.367172805 98.45199138596972
82.410538543 98.4679154711631
82.410885574 98.49623412551772
82.41120198 98.50005261051813
82.411363126 98.50377335376352
82.496677113 98.50377335376353
82.606076355 98.50377335376355
82.622765209 98.51969743895692
82.623173266 98.54801609331156
82.712071626 98.54801609331157
82.820835324 98.56394017850495
83.003273099 98.63642073322025
84.225630307 98.72276066076886
84.652592243 98.94776918966494
