0.000348438 46.372307386737134
0.000436843 47.38233034685226
0.000598274 47.69367513170911
0.000705662 47.93023084647455
0.002217583 48.09423819396345
0.003861544 48.604306026791775
0.018903893 48.77418659505861
0.07790227 48.979195887422286
0.078019551 49.290540672279135
0.078102568 49.52709638704458
0.079310956 49.69110373453348
0.080609384 50.20117156736181
0.092280002 50.37105213562864
0.212974232 50.37361931852158
0.333280838 50.3763365058148
0.392720719 50.37683054878916
0.511039144 50.38144106464137
0.598591409 50.38144106464138
0.747610828 50.38578443300857
0.866266448 50.39680866890472
0.924192428 50.396808668904725
0.983105827 50.40810629928598
1.216200482 50.412081567770464
1.2742229649999999 50.41208156777047
1.448983136 50.42444159049239
1.507145803 50.42558075489517
1.7467967 50.42614724611542
1.863820739 50.4342054345712
1.923877165 50.434205434571204
1.9851162850000001 50.442262765695155
2.102990456 50.444769165347765
2.346034431 50.45078481745392
2.404334467 50.46650282369118
2.465633638 50.46650282369119
2.639568306 50.49440816066762
2.7583686419999998 50.52408252696025
2.8169386960000002 50.57883331379029
2.876278813 50.5788333137903
3.038097645 50.879293294216524
3.038241568 51.19063807907337
3.038334237 51.42719379383882
3.039579283 51.59120114132771
3.040404375 51.591201141327716
3.040891026 52.10126897415604
3.052286585 52.27114954242287
4.066359239 52.2990548793993
4.9731366569999995 52.32872924569194
5.864237069 52.71497417217163
5.8643933950000005 53.02631895702849
5.864495235 53.262874671793924
5.865811446 53.426882019282814
5.866636796 53.42688201928282
5.867110522 53.93694985211115
5.880679484 53.95044903923585
5.881884999 53.99137110803187
7.311719335 54.0210454743245
7.679606291 54.02104547432451
8.621774663 54.421246760859574
8.621925807 54.73259154571643
8.62205865 54.87815374696942
8.623257823 55.133154607970766
8.624591892 55.425622692096596
8.625976905 55.42742487277378
8.626090143 55.45527674027214
8.634159303 55.57615659662089
8.637035793999999 55.58471035583167
8.637175431 55.656721627923794
8.639134513 55.69764369671981
11.312421038 56.113562989492145
11.312569328 56.424907774348995
11.312854771 56.46096513190179
11.313852465 56.82547083660333
11.314615683 56.82547083660334
11.315178162 57.117938920729166
11.31592594 57.11793892072917
11.316552851 57.119741101406355
11.316665773 57.14759296890471
11.324664015 57.26847282525347
11.327422362 57.277026584464245
11.327559906 57.34903785655637
11.33262018 57.34960434777662
11.337729832 57.365719867356354
13.931497157 57.781639160128684
13.931661014 58.092983944985534
13.931953926 58.129041302538326
13.932973831 58.49354700723987
13.933740956 58.493547007239876
13.934291596 58.786015091365705
13.935656282 58.78781727204289
13.935778898 58.81566913954125
13.943697004 58.93654899589001
13.946443293 58.945102755100784
13.946592132 59.01711402719291
13.951451213 59.01768051841316
13.963818591999999 59.025738706868935
14.115795235 59.02573870686894
16.47461534 59.44165799964127
16.474769758 59.75300278449813
16.475051496 59.789060142050914
16.475793044 59.78906014205092
16.476024164000002 60.153565846752464
16.476780146 60.15356584675247
16.477313312 60.4460339308783
16.478646641 60.44783611155548
16.486530594 60.596567835402595
16.489227936 60.60512159461337
16.489368239 60.6771328667055
16.494127609 60.677699357925746
18.938156527 61.09361865069808
18.938324096 61.40496343555493
18.940381725 61.441020793107725
18.941335008 61.805526497809275
18.942702448 61.97399361441646
18.943269162 62.097994581935104
18.943865329 62.09979676261229
18.951477755 62.2485284864594
18.954109307 62.25708224567018
18.95451699 62.2643312967252
18.954854229 62.28495382750851
18.954979465 62.32909351776231
21.351046499 62.74501281053465
21.351204091 63.056357595391496
21.351491806 63.09241495294429
21.352479392 63.45692065764584
21.35389397 63.62538777425302
21.355060504 63.751190922448856
21.362610731 63.89992264629596
21.363413669 63.93634798734507
23.677669962 64.35226728011739
23.677831482 64.66361206497425
23.678092322 64.69966942252702
23.679347706 64.7885393712281
23.680127256 64.83942899963836
23.680184382 64.85499989984194
23.680376493 64.89465114870538
23.680447778 65.23264224383576
23.681573304 65.3584453920316
23.688962641 65.5071771158787
23.695145289 65.5163378200426
23.696550357 65.53321352791508
23.699901949 65.53899194107561
25.972838113999998 65.95491123384792
25.972993041 66.26625601870478
25.973272356 66.30231337625756
25.973979538000002 66.30231337625759
25.974519548 66.39118332495863
25.975264241 66.44207295336889
25.975333455 66.45764385357245
25.975539726 66.49729510243591
25.975611859 66.83528619756632
25.976412216 66.95476223062158
25.983995652 67.10982106960924
25.992801013 67.13585748164564
28.193231307 67.55177677441799
28.193384612 67.86312155927484
28.193655812 67.89917891682762
28.194863124 67.98804886552867
28.195588323 68.03893849393893
28.195658294 68.05450939414251
28.195843043 68.09416064300598
28.195915852 68.43215173813635
28.197400733 68.55162777119162
28.20490218 68.70668661017928
28.222208718 68.72339487518497
30.365612462 69.1393141679573
30.36576402 69.45065895281415
30.36605615 69.48671631036693
30.367265321 69.57558625906799
30.367961015 69.62647588747825
30.368030325 69.64204678768183
30.368236799 69.68169803654528
30.368309009 70.01968913167566
30.369774932 70.13916516473095
30.379524922 70.14377499188288
30.383223527 70.14377499188289
30.396271373 70.15445536979344
30.400507412 70.1816297047845
30.651884822 70.18162970478451
32.462743038 70.59754899755683
32.462885356 70.90889378241368
32.46315947 70.94495113996646
32.464340544 71.03382108866754
32.465005048 71.08471071707777
32.465070666 71.10028161728135
32.465267543 71.13993286614482
32.465445323 71.25011120087433
32.46592171 71.47792396127521
32.466768592 71.59739999433049
32.476414918 71.60200982148243
32.492516413 71.61269019939297
34.34421304 71.61269019939299
34.478440044 72.0286094921653
34.478575199 72.33995427702214
34.478835807 72.37601163457494
34.480527627 72.38943712816815
34.480640372 72.51577121168626
34.480707052 72.53134211188983
34.480886805 72.57099336075328
34.480957441 72.90898445588367
34.488448688 72.91160014969013
34.489106319 72.91160014969014
34.491852937 72.94805383452002
34.491888972 72.98878847553894
34.492310815 73.03307031609089
34.570521883 73.0330703160909
34.713157239 73.03307031609091
36.449676687 73.44898960886323
36.449839771 73.76033439372007
36.450085005 73.79639175127286
36.451793238 73.80981724486608
36.451908902 73.93615132838418
36.452121676 73.9913734774512
36.452189246 74.3293645725816
36.460456145 74.33198026638806
36.474883639 74.36404664850231
36.475233746 74.36843395121795
36.476335515 74.40916859223687
36.652548694000004 74.40916859223688
38.336437648 74.8250878850092
38.336579156 75.13643266986605
38.336834963 75.17249002741883
38.338473292 75.18591552101205
38.338582655 75.31224960453017
38.3388162 75.36747175359719
38.338989145 75.4776500883267
38.339437343 75.70546284872758
38.366473187 75.7401449246483
40.056447514 75.74014492464832
40.179538924 76.15606421742062
40.179671726 76.46740900227748
40.179936439 76.50346635983026
40.181552184 76.51689185342349
40.181664592 76.64322593694158
40.18190275 76.69844808600861
40.182065165 76.80862642073812
40.18277506 76.83067793950836
40.182875259 76.92305333568531
40.202882754 76.92305333568532
40.86226155 76.92305333568534
41.971177298 77.33897262845764
41.971324074 77.6503174133145
41.971570651 77.6863747708673
41.973309866 77.82613434797861
41.973528533 77.88135649704563
41.973701564 77.99153483177514
41.98121897 78.09743834671116
41.992840703 78.10596174672233
42.079222092 78.10596174672234
42.459422591 78.10596174672236
43.688021686 78.52188103949466
43.688164948 78.83322582435152
43.69009402 78.8692831819043
43.691680699 79.0090427590156
43.692033851 79.17444324281216
43.699132909 79.28034675774815
43.751525847 79.28034675774818
44.464219731 79.28034675774819
45.356854949 79.6962660505205
45.357230455 80.04366819293014
45.359263998 80.34882825383801
45.386829047 80.37840632552269
46.975550617 80.794325618295
46.975898898 81.14172776070464
46.977839123 81.4468878216125
47.104537589 81.44688782161253
48.544060992 81.86280711438484
48.544458597 82.2102092567945
48.547869179 82.40086589098804
48.563388805 82.49794835678632
48.625241266 82.49794835678634
50.044496067 82.91386764955865
50.044848992 83.26126979196829
50.048127442 83.45192642616186
50.062843065 83.54900889196014
50.12438767 83.54900889196016
51.507685457 83.71047382184571
51.507750186 83.74743664095652
51.508069246 83.81851747986167
51.508164577 84.02957259806732
51.510756927 84.26489551338986
51.511200048 84.30511972629716
51.511431233 84.3624935691007
51.515457693 84.48448038533527
51.837405164 84.48448038533529
52.093228385 84.4844803853353
52.931386044999996 84.90039967810762
52.931842079 84.96504409144246
52.933098122 85.200367006765
52.933123795 85.22100990266955
52.935117692 85.29796506247587
52.941362666 85.31840235708798
52.957046377 85.31840235708799
52.957754366 85.32138275500304
52.95917558 85.41995187871042
54.028859298 85.41995187871044
54.300308006 85.83587117148274
54.300779677 85.9005155848176
54.302130322 86.13583850014014
54.302156106 86.15648139604467
54.304088946 86.23343655585099
54.309972202 86.25387385046311
54.444164053 86.25387385046312
55.55129171 86.25387385046314
55.633931255 86.41533878034869
55.633984499 86.45230159945953
55.634298797 86.52338243836465
55.634388603 86.73443755657031
55.636907018 86.96976047189285
55.637521624 87.06735852760372
56.924956295 87.22882345748928
56.925020125 87.26578627660012
56.925331021 87.33686711550526
56.925422107 87.5479222337109
56.927825723 87.78324514903343
56.929887885 87.79719414803424
56.949510837 87.80388804493798
57.102598114 87.80388804493799
58.181749546 88.00231579393437
58.182080742 88.07339663283952
58.182167531 88.28445175104517
58.184058814 88.32871207297316
58.185677039 88.47936116786437
58.185977111 88.53372366536851
59.37362438 88.69518859525407
59.373691294 88.7321514143649
59.374015232 88.80323225327002
59.374095898 89.01428737147567
59.379077086 89.02273943279747
59.379305097 89.20919678829489
60.530042804 89.4076245372913
60.530415994 89.47870537619644
60.530511941 89.68976049440207
60.532150064 89.73402081633006
60.5390133 89.80064107056913
60.562450798 89.80064107056916
61.647716638 89.96210600045471
61.647776643 89.99906881956554
61.648086636 90.07014965847065
61.64816594 90.28120477667632
61.651091224 90.3254650986043
61.664377164 90.37146498035537
61.685787733 90.37146498035538
61.772557997 90.3714649803554
62.729826951 90.56989272935178
62.730127545 90.7922089196924
62.730217978 90.85202868646257
62.73182529 90.89628900839054
62.812703227 90.89628900839055
62.836523367 90.89628900839057
63.758971025 91.09471675738695
63.759280188 91.31703294772757
63.759360101 91.37685271449774
63.771498519 91.38530477581952
63.804896361 91.38530477581953
63.986082458 91.38530477581955
64.461637321 91.38530477581958
64.756778838 91.58373252481593
64.75708302 91.80604871515655
64.757178559 91.86586848192673
64.897943067 91.86586848192674
65.051969989 91.86586848192675
65.724160582 91.93347049036343
65.724638183 92.17081681289469
65.725249825 92.22687537960557
65.725679175 92.2268753796056
65.732537726 92.30983617562916
65.735587992 92.32441485863585
65.739353794 92.32441485863588
66.179243968 92.32441485863589
66.669220694 92.52284260763227
66.669554501 92.59392344653742
66.670165606 92.68542175631472
66.677044835 92.76838255233827
66.785279541 92.76838255233828
66.856733501 92.7683825523383
67.559830598 92.96681030133468
67.560125282 93.03789114023982
67.560774185 93.05992317275559
67.561122509 93.1293894500171
67.576972479 93.12938945001713
68.403472006 93.29085437990268
68.403532136 93.32781719901352
68.403828731 93.39889803791866
68.405352491 93.48919227820618
68.438812392 93.48919227820619
68.651180355 93.4891922782062
69.217425958 93.68762002720258
69.217748045 93.75870086610772
69.21834456 93.78073289862348
69.390195861 93.7807328986235
69.416626383 93.78073289862351
69.531924534 93.78073289862353
69.997713256 93.84833490706019
69.99879608 93.877711967551
69.998840122 94.04610902967309
70.008373344 94.06437160214622
70.008999142 94.06825986818488
70.056541739 94.06825986818491
70.742803505 94.13586187662158
70.743741312 94.16523893711238
70.744135887 94.23311395605971
70.744256842 94.29832925037658
70.746003749 94.29876827016095
70.753220639 94.32558577611319
70.753273225 94.35189857170761
70.767167494 94.35189857170762
71.170360319 94.35189857170764
71.463838056 94.4195005801443
71.464794755 94.4488776406351
71.46516074 94.51675265958242
71.465278852 94.5819679538993
71.467016957 94.58240697368366
71.474736678 94.6332563588119
71.530339537 94.63325635881192
71.585299102 94.63325635881193
72.078511341 94.63325635881195
72.151005546 94.70085836724863
72.151599855 94.83163845124145
72.152530038 94.83354807409103
72.153302575 94.86376476078797
72.156541534 94.88987424888418
72.162120845 94.90276494671343
72.164865666 94.90276494671345
72.175357745 94.90276494671346
72.284484566 94.90276494671348
72.791347793 94.90276494671349
72.806067132 94.97036695515018
72.806641961 95.101147039143
72.8075381 95.10305666199258
72.808299804 95.13327334868953
72.811450277 95.15938283678574
72.825169376 95.15938283678575
73.431330497 95.22698484522242
73.431755977 95.22698484522243
73.431904974 95.35776492921525
73.432624038 95.38945221897741
73.432882387 95.38945221897742
73.465138202 95.38945221897744
73.76423354799999 95.38945221897745
74.032228954 95.45705422741413
74.03301647 95.48643128790492
74.03355513 95.58974393425653
74.08446343 95.58974393425655
74.193049018 95.58974393425656
74.600163287 95.65734594269323
74.600952275 95.68672300318404
74.602117456 95.71998446986889
74.603637557 95.78812602668607
74.938963759 95.78812602668609
75.14331577 95.85572803512278
75.144057724 95.88510509561357
75.14501699 95.91836656229842
75.146845589 95.95209292312856
75.147660378 95.96414376569732
75.149587517 95.98129787728288
75.663910058 96.04889988571958
75.664557369 96.07827694621037
75.665063463 96.18867723715064
76.154941867 96.25627924558732
76.155336357 96.25627924558734
76.155740581 96.28565630607812
76.156680299 96.31891777276299
76.158327563 96.35264413359313
76.159210503 96.36469497616186
76.178406203 96.36469497616187
76.190699168 96.3646949761619
76.626736113 96.43229698459857
76.627116407 96.4322969845986
76.627337865 96.46167404508938
76.628353046 96.49493551177423
76.629841696 96.52866187260437
76.838286581 96.5286618726044
77.078138872 96.59626388104107
77.078705954 96.62564094153186
77.079727381 96.6589024082167
77.081259291 96.69262876904685
77.084757188 96.73759426668639
77.087346842 96.73759426668641
77.482727345 96.73759426668643
77.497359548 96.80519627512311
77.498006585 96.8345733356139
77.49887578 96.86783480229874
77.50071213 96.96747753953943
77.613173328 96.96747753953946
77.899851842 97.0350795479761
77.900209794 97.03507954797612
77.900530552 97.06445660846691
77.901349392 97.09771807515176
77.902728775 97.1314444359819
77.918676531 97.13144443598192
78.113992456 97.13144443598193
78.276236181 97.1990464444186
78.2767683 97.22695778608121
78.277608408 97.26168497159424
78.283227474 97.26168497159426
78.571297596 97.26168497159428
78.578552369 97.26168497159429
78.619082949 97.32928698003096
78.619411618 97.32928698003099
78.619717849 97.35866404052175
78.621175399 97.38230979639306
78.62494647 97.38689297736295
78.631644963 97.38689297736298
78.706541648 97.386892977363
78.943462715 97.45449498579967
78.944032116 97.48387204629046
78.945313993 97.50751780216177
78.951673634 97.5075178021618
79.24434694 97.5751198105985
79.244801142 97.60449687108928
79.245888288 97.6128019879742
79.248796821 97.81260027505425
79.534824738 97.88020228349095
79.534992606 97.90957934398176
79.540116862 97.9198749179109
79.551262641 97.91987491791093
79.803446559 97.9874769263476
79.80363864 98.01538826801021
79.807547029 98.0229611338973
80.055874718 98.09056314233399
80.056266015 98.11994020282478
80.075836905 98.11994020282481
80.292526425 98.1875422112615
80.2929745 98.34354583562961
80.512864815 98.4111478440663
80.600182414 98.41114784406633
80.722310912 98.44512096429625
80.723665599 98.4777790470425
80.915894514 98.51175216727242
81.054183003 98.51175216727245
81.095245676 98.59905876750037
81.267496265 98.6152215385483
81.410883993 98.61522153854833
81.700261552 98.75898242658363
82.222987794 98.82387617671091
82.224860528 98.82387617671094
