0.000356885 52.53251159602285
0.000435048 53.15876561767669
0.000524866 53.33857935765239
0.000627991 53.42723700512776
0.001115798 53.73957388926953
0.001235818 53.91237592065395
0.001282557 53.95126446925923
0.00142721 54.116729018275024
0.002221284 54.128531503729455
0.002798733 54.49804264721948
0.00410144 54.62570862571983
0.028390378 54.66590187588519
0.029284623 54.751018050093236
0.034069894 54.79712509039816
0.037988235 54.80671424805133
0.065433471 54.806714248051335
0.078918269 54.83807271722678
0.079314383 55.15040960136856
0.079413398 55.32321163275298
0.079453983 55.36210018135826
0.079579145 55.52756473037405
0.080219907 55.539367215828484
0.080678904 55.90887835931851
0.081711722 56.03654433781886
0.100680728 56.07673758798422
0.101383602 56.161853762192266
0.105299462 56.20796080249719
0.108472916 56.21754996015036
0.226341564 56.2230436108761
0.229378733 56.232632768529264
0.290650309 56.23263276852927
0.348613649 56.249069572280064
0.351772065 56.258658729933224
0.373990284 56.25865872993323
0.413324198 56.261662246637755
0.473113603 56.26166224663776
0.591030296 56.26558592597209
0.614832184 56.27517508362525
0.710719097 56.281185287250146
0.713757031 56.290774444903306
0.795933209 56.29077444490331
0.834116049 56.298264339916884
0.914219696 56.29826433991689
0.953814908 56.30317546228838
0.974900194 56.30317546228839
1.011619682 56.30374342366369
1.014746329 56.31333258131685
1.096205097 56.31333258131686
1.155335865 56.3168782089127
1.3132789329999999 56.316878208912705
1.369825359 56.32440170190624
1.372925883 56.3339908595594
1.392997471 56.33399085955941
1.609377603 56.343326497955914
1.667947447 56.34332649795592
1.689077634 56.34332649795593
1.724604797 56.35272509240819
1.8443056310000001 56.37676450237596
1.8474571549999999 56.38635366002912
1.8689960989999999 56.38635366002913
1.969770265 56.38932822513811
2.170861476 56.389328225138115
2.207905618 56.4199323176503
2.211055559 56.42952147530347
2.330073979 56.44249027148237
2.392486388 56.47332393716521
2.3956562789999998 56.48291309481838
2.4547071320000002 56.50074170373512
2.457834195 56.51033086138829
2.519710183 56.51463764951151
2.663081042 56.51463764951152
2.763407822 56.56074468981644
3.094005839 56.59858406386201
3.094091254 56.778397803837706
3.094181149 56.86705545131307
3.094598795 57.17939233545484
3.094742076 57.39108291544456
3.094855894 57.556547464460344
3.095520303 57.568349949914776
3.095982307 57.937861093404806
3.09699144 58.06552707190516
3.115993854 58.190836496278564
3.119633346 58.23694353658349
3.23557222 58.25477214550023
3.258608624 58.2643613031534
5.973401865 58.34302534797396
5.973495778 58.522839087949656
5.97543747 58.61149673542502
5.975819422 58.9238336195668
5.975950586 59.13552419955651
5.97606377 59.300988748572294
5.976672703 59.312791234026726
5.97709201 59.68230237751675
5.9784715219999995 59.782954380940346
6.020566891 59.87271956001454
8.780518907 59.962646249283814
8.780613427 60.14245998925951
8.780709588 60.23111763673487
8.78113137 60.543454520876644
8.781364245 60.920609649882145
8.782009283 60.93241213533658
8.782468367 61.30192327882661
8.783866583 61.33103547709216
8.790532564 61.338525372105735
8.791600227 61.383587530144766
10.463680395 61.38358753014477
11.408212283 61.409331809919124
11.444565359 61.40933180991913
11.506619513 61.4992584991884
11.506700469 61.6790722391641
11.506790714 61.767729886639465
11.507200477 62.08006677078124
11.507911792 62.20744761904493
11.508042582 62.469024385241156
11.508499533 62.8385355287312
11.509879693 62.86764772699675
11.527073397 62.890205863410294
13.955715427 62.89339200677111
13.972879787 62.91595014318465
14.167016899 63.005876832453936
14.167114894000001 63.18569057242963
14.167209787 63.274348219904994
14.167633407 63.58668510404677
14.168376479 63.71406595231046
14.168498516 63.9756427185067
14.168951115 64.34515386199672
14.170303172 64.37426606026227
14.222361866 64.37426606026229
15.941549307 64.40001034003663
16.300437657 64.40001034003664
16.746524185 64.62167018119531
16.746617653 64.6697507692816
16.746711696 64.75840841675698
16.74712037 65.07074530089875
16.747811801 65.19812614916243
16.747933798 65.45970291535866
16.748372076 65.82921405884869
16.782981665 65.8292140588487
17.651068348 65.85495833862305
17.73565821 65.85495833862306
19.252340946 65.97062930766668
19.252444369 66.1504430476424
19.252536046 66.23910069511776
19.252942038 66.55143757925953
19.253641995 66.81012265482225
19.25482972 66.82570208305154
19.254872746 66.98742616051105
19.254920456 67.0922000215041
19.255054084 67.13555050614566
19.255140503 67.23503170360192
19.25586936 67.23503170360193
19.262250672 67.25604077852338
21.695212054 67.37171174756702
21.695307891 67.55152548754272
21.695405252 67.64018313501808
21.695802176 67.95252001915985
21.696480813 68.21120509472257
21.697629832 68.22678452295186
21.697670573 68.38850860041136
21.697729011 68.49328246140442
21.697858078 68.53663294604598
21.697942744 68.63611414350225
21.766796881 68.63611414350227
24.063870956 68.9315988525216
24.063972614 69.02025649999696
24.064373163 69.33259338413873
24.065016348 69.45997423240242
24.065141828 69.72155099859866
24.068528142 69.74730463168255
24.07199449 69.78125650579116
24.072570012 69.8544950391369
24.072646419 69.91336954478966
24.072671242 69.92351551070803
24.073354545 69.92351551070804
26.387994673 70.21900021972738
26.388111156 70.30765786720274
26.388503263 70.6199947513445
26.38916412 70.7473755996082
26.389248342 70.7673024944467
26.389302148 71.00895236580445
26.392358364 71.03470599888834
26.395781889 71.06865787299695
26.403606704 71.20413933480269
26.430621435 71.21091687791382
27.356045214 71.21091687791383
28.638844348 71.50640158693315
28.638948154 71.59505923440852
28.6393171 71.9073961185503
28.639962359 72.03477696681398
28.640047125 72.05470386165247
28.640102627 72.29635373301022
28.643116218 72.32210736609412
28.646464327 72.35605924020273
28.654544642 72.49154070200846
30.811591175 72.51101576723046
30.811682853 72.7870254110278
30.811767528 72.87568305850316
30.81213476 73.18801994264493
30.812748125 73.31540079090863
30.812827562 73.33532768574712
30.812881351 73.57697755710485
30.815813104 73.60273119018876
30.819107925 73.63668306429737
30.836647797 73.7581288594413
30.854614457 73.75812885944131
32.93159994 74.05361356846065
32.931703186 74.142271215936
32.932065502 74.45460810007778
32.932695131 74.58198894834146
32.932774339 74.60191584317997
32.932826306 74.8435657145377
32.935704081 74.8693193476216
32.938937348 74.90327122173022
32.95554276 75.00626765970787
32.956043882 75.02471701687415
34.116747463 75.02471701687416
34.995375379 75.32020172589347
34.995476261 75.40885937336884
34.995859715 75.7211962575106
34.996443559 75.8485771057743
34.996524285 75.86850400061277
34.996576726 76.11015387197054
34.999377639 76.13590750505443
35.002551063 76.16985937916303
35.008095284 76.28865581996888
35.096049008 76.28865581996891
37.014682057 76.3081308851909
37.014792561 76.58414052898823
37.014882807 76.6727981764636
37.015265515 76.98513506060536
37.015854874 77.11251590886906
37.015934303 77.13244280370756
37.015990383 77.3740926750653
37.018835682 77.3998463081492
37.022003269 77.43379818225779
37.604241538 77.43379818225782
38.950002515 77.45327324747981
38.950086844 77.72928289127714
38.950172046 77.81794053875251
38.950530695 78.13027742289427
38.951083079 78.25765827115796
38.951159866 78.27758516599644
38.951210536 78.51923503735418
38.951870255 78.5192350373542
38.953927502 78.5449886704381
38.967671315 78.55699416458809
39.078933835 78.5569941645881
40.81447632 78.57646922981009
40.814636984 78.9411365210828
40.814991273 79.25347340522457
40.81552725 79.38085425348827
40.81560183 79.40078114832676
40.815651001 79.6424310196845
40.818963267 79.6681846527684
42.622536809 79.68765971799039
42.622701187 80.0523270092631
42.623071839 80.36466389340487
42.623585264 80.49204474166855
42.623666548 80.51197163650704
42.623717028 80.75362150786479
44.377958582 80.7730965730868
44.378107262 81.13776386435948
44.378451251 81.45010074850126
44.381067286 81.4664263778027
44.383929122 81.58728511489754
44.3839566 81.67189070799101
44.400868666 81.73110712467926
44.468680279 81.73110712467927
46.078240415 81.75058218990125
46.078390256 82.11524948117396
46.078751676 82.42758636531572
46.08165863 82.44391199461717
46.08392605 82.564770731712
46.083974995 82.62784867733741
46.096868504 82.64604928615317
46.138753123 82.64604928615319
47.7373071 83.03019164264788
47.739030718 83.0346129527806
47.739141382 83.038254337372
47.739208881 83.32464121700907
47.740565406 83.35885415609108
47.742830294 83.47971289318592
47.742889402 83.54279083881133
47.775603769 83.54279083881134
48.792916827 83.54279083881136
49.330221187 83.56226590403334
49.33039108 83.92693319530605
49.332889039 83.95020139752886
49.332962844 84.25559570874925
49.335691288 84.3764544458441
50.86042497 84.76059680233878
50.862034497 84.76501811247151
50.862108845 84.7686594970629
50.862199019 85.05504637669999
50.862960855 85.08925931578199
50.868219469 85.13349051092081
50.868754342 85.13349051092082
50.872905914 85.1929338684806
51.319379162 85.19293386848061
52.207865884 85.19293386848062
52.358806832 85.21240893370259
52.358949622 85.57707622497529
52.359002099 85.64458658792798
52.36140584 85.9057387384185
52.36265767 85.91862102639577
52.366663179 85.94996993355733
52.396420101 85.94996993355734
52.947205621 85.94996993355736
53.810044948 86.33411229005203
53.810213757 86.40162265300472
53.811755465 86.62856186441324
53.813029004 86.66277480349525
53.817386914 86.70700599863409
55.21577363 86.72648106385606
55.215926657 87.09114835512877
55.21596659 87.15865871808145
55.218344869 87.41981086857197
55.232444427 87.44672791549269
55.259411353 87.4467279154927
55.777239712 87.44672791549272
56.215694411 87.44672791549273
56.579753149 87.46620298071468
56.579895526 87.8308702719874
56.579935573 87.89838063494008
56.5824003 88.07162858715945
56.582842562 88.15953278543061
56.583496545 88.17241507340788
56.683653414 88.17241507340789
57.907514689 88.19189013862986
57.907670087 88.55655742990257
57.908183252 88.55655742990258
57.908224164 88.62406779285527
57.910009003 88.88521994334577
57.915943059 88.88521994334579
57.961973555 88.8852199433458
57.967139276 88.88521994334582
59.183349762 88.9046950085678
59.183485807 89.26936229984051
59.185271759 89.3368726627932
59.18747214 89.51012061501257
59.194157579 89.5638118742017
59.208976713 89.56381187420172
60.206687325 89.56381187420173
60.405594546 89.94795423069641
60.406111085 90.0154645936491
60.409426993 90.0770425771467
60.411728357 90.13835890381318
60.417829828 90.18871254586847
60.759262571 90.18871254586848
61.440167309 90.1887125458685
61.58462813 90.20818761109047
61.584761158 90.57285490236316
61.584809856 90.64036526531585
61.588941739 90.70194324881346
61.590770342 90.76325957547994
61.636269553 90.76325957547995
61.659613003 90.76325957547996
62.724062822 90.78273464070195
62.724195279 91.14740193197466
62.724697685 91.21491229492733
62.72764801 91.27649027842494
62.802618233 91.27649027842496
63.825359762 91.29596534364694
63.825509411 91.66063263491965
63.825546789 91.72814299787234
64.035437086 91.72814299787235
64.872313649 91.74761806309434
64.872447027 92.11228535436703
64.875844857 92.14920180618755
64.877737551 92.17584100580139
64.959078113 92.1758410058014
65.474413677 92.17584100580142
65.879171438 92.2802222664307
65.880136093 92.41813382512623
65.881520169 92.44572476282039
65.882681688 92.59689981411661
65.893584888 92.60949557654222
65.893713607 92.61083022489588
66.172924685 92.61083022489589
66.86771306 92.63030529011787
66.867845685 92.99497258139058
66.880514257 93.0239397670752
66.881080458 93.0318890332111
66.882950315 93.0444847956367
67.622401307 93.04448479563672
67.819718272 93.14886605626599
67.820656708 93.28677761496154
67.821967287 93.3143685526557
67.823060195 93.4655436039519
67.823428541 93.46554360395193
68.726872347 93.48501866917391
68.72700321 93.84968596044662
68.739410448 93.87865314613124
69.104433066 93.87865314613126
69.206548943 93.87865314613127
69.590753021 93.89812821135324
69.590871115 94.26279550262596
69.604879144 94.28985626111673
69.804975097 94.28985626111674
70.431160855 94.30933132633871
70.431281501 94.6739986176114
70.431705282 94.67399861761143
71.227327302 94.93296232075942
71.234106145 95.02483388724268
71.236320192 95.02483388724269
71.25233733499999 95.0248338872427
71.994118443 95.129215147872
71.994924705 95.26712670656752
71.999814262 95.28379759039069
72.000915838 95.37566915687395
72.725634182 95.63463286002192
72.759512141 95.63463286002195
73.430588123 95.66933121266541
73.430641099 95.71428156518013
73.431590137 95.87692567934678
74.098772167 95.95657438450493
74.099565459 96.19622987672528
74.138927979 96.1962298767253
74.291676741 96.19622987672531
74.737545936 96.23092822936874
74.737811246 96.27587858188346
74.739360847 96.3006111373546
74.73974382 96.32770826156809
74.745563788 96.40550860526128
75.341666818 96.44020695790472
75.341705432 96.48515731041944
75.34325574 96.50988986589057
75.343760415 96.53698699010407
75.350023689 96.57876009674878
75.929981026 96.61345844939221
75.930021733 96.65840880190693
75.931526581 96.68314135737806
75.932410165 96.71023848159156
75.936508162 96.73223919813323
76.50284672 96.8118879032914
76.504386369 96.83662045876251
76.50474867 96.86371758297604
77.026160588 96.89841593561947
77.026198793 96.94336628813419
77.027620443 96.96809884360532
77.030206738 96.99365014151464
77.071853002 96.99365014151465
77.122365331 96.99365014151466
77.52200047 97.07329884667281
77.523437063 97.09803140214395
77.530688212 97.12317500085503
77.540625086 97.12317500085506
78.011804806 97.15787335349849
78.011840588 97.2028237060132
78.01320391 97.22755626148434
78.19477712 97.22755626148435
78.329336744 97.22755626148437
78.466609898 97.30720496664252
78.470017686 97.32610495811201
78.531720678 97.32610495811203
78.896596954 97.36080331075546
78.896632708 97.40575366327018
78.901298878 97.42083526037817
78.926650752 97.42083526037818
79.000241581 97.4208352603782
79.311131346 97.45553361302161
79.311179475 97.50048396553633
79.334877062 97.50048396553635
79.388296848 97.50048396553636
79.696941622 97.50652991784638
79.697480116 97.51904805650322
79.698188278 97.55769874258782
79.761165723 97.55769874258783
79.830994723 97.55769874258785
80.045408545 97.56374469489786
80.045641168 97.57626283355471
80.046221734 97.60275268406458
80.048300869 97.61305503245553
80.056819433 97.61305503245555
80.061750991 97.61305503245556
80.096519706 97.61305503245558
80.373800861 97.6191009847656
80.374021775 97.63161912342244
80.37457027 97.65810897393231
80.381967652 97.65810897393234
80.685850234 97.66415492624236
80.686387809 97.89198363860109
80.755855044 97.8919836386011
80.974731859 97.89802959091111
80.980542598 97.89802959091112
81.142293296 97.89802959091114
81.244553859 97.89802959091115
81.25172679 97.8995123934528
81.280119386 97.89951239345281
81.431488155 97.89951239345282
81.509002345 97.90638437765948
81.509085186 97.99192450841271
81.567161363 97.99192450841272
81.977004958 98.17268867145678
82.019244442 98.17268867145681
82.187701414 98.28881917302529
82.270519161 98.2888191730253
82.372441714 98.28881917302532
83.041714251 98.32812586646898
83.170823228 98.328125866469
83.177530552 98.44242338012305
83.290657855 98.44242338012306
83.416913786 98.56340041986881
83.491362526 98.56340041986883
83.523831474 98.59878937642857
83.550879557 98.59878937642858
83.611674429 98.5987893764286
