0.000353618 47.01078632940641
0.000535684 47.03931859017842
0.000940454 47.15363672384085
0.001245463 47.178674479716896
0.002093309 47.615697235064665
0.002455468 47.6349345762367
0.002607343 47.934746384330055
0.006153225 47.96249230349928
0.013247737 48.04707090378818
0.072400684 48.04707090378819
0.078884213 48.635214632767
0.078983517 48.66374689353901
0.079287716 48.778065027201436
0.07953141 48.803102783077485
0.080194883 49.240125538425254
0.080489235 49.25936287959729
0.08060712 49.55917468769064
0.083397678 49.58692060685987
0.089172272 49.67149920714877
0.210690254 49.68515921128548
0.271220733 49.68519976996831
0.317294131 49.685199769968314
0.392318404 49.704105378861826
0.438322458 49.70410537886183
0.453143332 49.715306050179095
0.677022729 49.7153060501791
0.691204699 49.74175711860789
0.797426328 49.7417571186079
0.81187576 49.75823672688038
1.053549107 49.76177652901008
1.098075956 49.761776529010085
1.11242782 49.770427127181286
1.1580092 49.77042712718129
1.172566686 49.778475308718164
1.276573319 49.77847530871817
1.290395159 49.77915583951899
1.5175048119999999 49.779155839519
1.531707079 49.78265435308243
1.5775958079999999 49.782654353082435
1.651637641 49.78421350006767
1.891553852 49.78826239723043
2.128084952 49.7950111865064
2.18613726 49.79990554066456
2.41368643 49.79990554066457
2.427964051 49.80249519480943
2.473724445 49.80249519480944
2.5105013830000003 49.82468742204744
2.53341928 49.82468742204745
2.726432516 49.82765145983379
2.830910634 49.827651459833795
2.8463986070000002 49.91223006012269
3.0763882750000002 50.628780122617286
3.076827439 50.77163051705173
3.0770913540000002 50.796668272927775
3.077762663 51.233691028275544
3.078049916 51.25292836944759
3.078265162 51.27961523323049
3.078361761 51.33514804693162
3.080317305 51.511071363756756
3.08094348 51.58048609671016
3.19656686 51.58048609671017
3.35404317 51.580486096710175
3.433390909 51.66765435114394
4.829432141 51.69281061616829
4.909165111 51.692810616168295
5.951122355 52.482296135517664
5.951556301 52.625146529952104
5.951822512 52.65018428582815
5.952491645 53.08720704117592
5.952775732 53.10644438234796
5.952981641 53.133131246130866
5.953079172 53.18866405983199
5.955002447 53.36458737665713
5.955609466 53.43400210961054
6.05414324 53.43400210961055
6.518118735 53.44075089888652
8.768705961 54.26287669156328
8.769129103000001 54.40572708599771
8.769388648 54.43076484187378
8.770038895 54.867787597221536
8.770322887 54.887024938393566
8.770525493 54.91371180217648
8.770622089 54.9692446158776
8.772496318 55.14516793270273
8.777661013 55.175193603052804
8.80429803 55.181942392328764
9.874418873 55.18194239232877
11.526162925 56.01081697428148
11.526638436 56.153667368715915
11.526898696 56.17870512459197
11.52782106 56.63496522111177
11.528123166 56.717184898595804
11.531020408 56.923133885770994
11.628451596 56.92313388577101
13.453757566 56.923133885771016
14.214905724 57.752008467723726
14.215327871 57.89485886215817
14.215569564 57.91989661803423
14.2164606 58.37615671455403
14.216750904 58.45837639203805
14.230684453 58.655218821501805
14.236312612 58.658717335065234
14.237007236 58.66027648205048
14.600393566 58.660276482050485
14.962997216 58.66027648205049
14.966069766 58.6602764820505
16.419109423 58.660276482050506
16.81187353 59.48915106400323
16.812274209 59.632001458437664
16.812511737 59.65703921431372
16.813145991 60.094061969661475
16.813416407 60.11329931083352
16.813695135 60.19551898831754
16.815678094 60.3285116284414
16.827534574 60.392361417781295
16.828254489 60.3923614177813
16.833138669 60.39585993134474
16.833825468 60.39741907832998
16.937829463 60.39741907832999
19.346259837 61.2262936602827
19.346689931 61.36914405471713
19.348313121 61.39418181059319
19.348913915 61.83120456594094
19.349184046 61.85044190711299
19.349460759 61.93266158459702
19.362885792 62.12950401406078
19.363607562 62.129504014060785
19.368276657 62.13300252762422
19.922733213 62.13300252762423
21.814196572 62.96187710957695
21.814609408 63.104727504011386
21.814831729 63.12976525988744
21.815435623 63.5667880152352
21.815708538 63.58602535640723
21.815984621 63.66824503389126
21.829441112 63.755999113947674
21.829975839 63.865087463355025
21.860720413 63.86508746335503
21.877681048 63.86508746335504
24.232651814 64.69396204530777
24.233061339 64.8368124397422
24.233285122 64.86185019561826
24.23390671 65.298872950966
24.234170486 65.31811029213804
24.234413181 65.40032996962208
24.247618003 65.48808404967849
24.25915672 65.50321632953515
24.259859349 65.596491868285
24.270461291 65.59649186828501
24.833222494 65.59649186828503
26.567611333 66.42536645023775
26.56802041 66.56821684467218
26.568260354 66.59325460054824
26.568833286 67.03027735589599
26.569102969 67.04951469706803
26.569362617 67.13173437455207
26.594316126 67.23462073446514
26.601333295 67.31984809167813
28.145289753 67.31984809167814
28.835121503 68.14872267363086
28.835496967 68.29157306806529
28.836301096 68.7536335792891
28.836550919 68.77287092046114
28.838946841 68.77888038868183
28.839001766 68.83626224650507
28.844390957999998 68.84555255769811
28.86032788 68.95797695785826
30.437183008 68.95797695785828
31.059276215 69.786851539811
31.059911819 69.87496789959188
31.060406784 69.92970193424543
31.060472675 70.39176244546925
31.060743046 70.41099978664128
31.061431746 70.4109997866413
31.063172847 70.4743911126852
31.06943094 70.48368142387824
31.087700082 70.55645711720247
31.088059299 70.58097354418172
32.413067754 70.58097354418173
33.218756981 71.40984812613445
33.219341379 71.49796448591533
33.219849192 71.55269852056888
33.219920049 72.0147590317927
33.22017469 72.03399637296474
33.22085394 72.03399637296475
33.222547309 72.09738769900866
33.227679435 72.10667801020169
34.213774022 72.1066780102017
35.305808263 72.93555259215441
35.3062087 73.07840298658886
35.306951344 73.54046349781267
35.307207481 73.55970083898471
35.309581753 73.62309216502862
35.349911717 73.62309216502864
35.429646832 73.62309216502865
37.287185837 74.45196674698136
37.287793652 74.54008310676225
37.288242545 74.5948171414158
37.288575953 75.07611499381167
39.20371425 75.29348693525691
39.203764149 75.38081622378031
39.203908886 75.82640280485889
39.204268996 75.8745192006687
39.204305516 75.99310593554529
39.204755967 76.04783997019884
39.206249267 76.20834683694217
39.211464103 76.30130822536782
39.222148407 76.32907624056075
39.222347441 76.52913782259469
39.314451619 76.5291378225947
41.075076816 76.74650976403991
41.075116966 76.83383905256333
41.07527278 77.2794256336419
41.075459221 77.50086279898186
41.08315643 77.75433105415084
41.110348309 77.75433105415085
42.764608654 77.75433105415087
42.877242899 77.97170299559609
42.877278211 78.0590322841195
42.87742067 78.50461886519807
42.877586198 78.72605603053802
42.885000411 78.97952428570701
44.634920603 79.19689622715222
44.634980407 79.28422551567564
44.635146871 79.72981209675422
44.637009121 79.95124926209417
44.645293968 80.04892543115352
44.648086874 80.05083937590351
44.65224647 80.09410253054935
44.656481975 80.10391527178555
44.662538937 80.1144507785014
45.039967103 80.11445077850142
45.074745153 80.11445077850144
46.336275149 80.33182271994664
46.336311681 80.41915200847005
46.33646115 80.86473858954864
46.336624799 81.08617575488859
46.344897187 81.18385192394794
46.351605304 81.22902902334377
46.356346919 81.23884176457999
47.984499807 81.4562137060252
47.984548004 81.54354299454862
47.984705923 81.9891295756272
47.98488276 82.21056674096715
47.993046196 82.30824291002651
48.005074275 82.33222776838606
48.03768983 82.33222776838608
48.35641634 82.33222776838609
49.585297354 82.54959970983128
49.585336138 82.63692899835469
49.585487312 83.08251557943328
49.585843344 83.13063197524308
49.585879825 83.24921871011968
49.587190775 83.25730464218144
49.593510856 83.40162891383257
49.656331711 83.40162891383258
50.180238982 83.4016289138326
51.123980608 83.61900085527782
51.124021104 83.70633014380124
51.124180218 84.15191672487981
51.124518885 84.20003312068962
51.124555236 84.31861985556621
51.137026168 84.41978111991939
52.028226567 84.4197811199194
52.609210388 84.63715306136461
52.609245474 84.72448234988802
52.609587434 85.03235927477444
52.609697309 85.21818532677642
52.609729941 85.33677206165301
52.631100019 85.35904066840284
54.068992916 85.57641260984806
54.069038561 85.6637418983715
54.069391713 85.9716188232579
54.069498146 86.15744487525987
54.071479103 86.21396648617122
55.497089392 86.43133842761645
55.497130917 86.51866771613986
55.497464497 86.82654464102627
55.499093712 87.01237069302826
55.507687809 87.03792983617387
55.515850977 87.03792983617389
56.851003579 87.2553017776191
56.851042769 87.34263106614252
56.851387947 87.65050799102892
56.851480529 87.83633404303089
56.868594178 87.86189318617653
57.035629033 87.86189318617654
58.17165063 88.07926512762177
58.171696177 88.16659441614517
58.172059937 88.47447134103157
58.172151117 88.66029739303355
58.198070042 88.66029739303356
58.248764374 88.66029739303357
59.469279433 88.8776693344788
59.469326334 88.9649986230022
59.469651482 89.27287554788862
59.469813424 89.30011161964102
59.471118809000004 89.30806992516617
59.478577187 89.32954025084057
59.478603881 89.40615989528197
59.552836778 89.40615989528199
60.690265847 89.59182617683477
60.690386149 89.98582409636144
60.693913455 90.05393242741458
60.701169953 90.07540275308898
60.701196674 90.15202239753039
61.87589579 90.33768867908319
61.875958893 90.60873302894157
61.876022868 90.73168659860985
61.877580206 90.799794929663
63.011731355 90.98546121121578
63.011795798 91.25650556107416
63.011864542 91.37945913074246
63.016091513 91.39204599332048
63.029031381 91.41237308451804
63.032419907 91.43960915627044
64.102017081 91.62527543782323
64.102077539 91.89631978768162
64.102141829 92.0192733573499
64.106027967 92.03186021992794
65.165900431 92.21752650148072
65.165962685 92.4885708513391
65.166456616 92.61152442100739
65.185701506 92.6241112835854
65.432178118 92.62411128358542
66.178826906 92.8097775651382
66.178899612 93.08082191499659
66.188243006 93.11564013456724
66.208010162 93.11564013456726
67.165858604 93.30130641612004
67.165918135 93.57235076597843
68.110761037 93.59637269404662
68.110863112 93.67911516535911
68.112031301 93.7246394616824
68.11322271 93.7506661876532
68.113304986 93.85775039999425
68.116006414 93.86850147605703
68.116794126 93.99938753451707
69.005063756 94.02340946258525
69.005160552 94.10615193389773
69.006339188 94.15167623022104
69.007523769 94.17770295619182
69.007607087 94.28478716853289
69.010244392 94.29553824459568
69.012149309 94.3495432894671
69.015633609 94.4264243030557
69.864703285 94.53318870243636
69.86694218 94.60473972473045
69.867028947 94.71182393707151
69.869572215 94.7225750131343
69.871252046 94.77658005800573
70.689836614 94.8833444573864
70.692128125 95.06197969202154
70.694655842 95.07273076808433
70.69952235 95.10421637637742
70.731816928 95.10421637637744
71.493392727 95.21098077575812
71.495629169 95.38961601039325
71.498120382 95.40036708645604
71.505014066 95.40846306606878
72.258767006 95.51522746544944
72.261115896 95.58101805056329
72.262397456 95.60347975552676
72.266199991 95.64512331015582
72.26952644 95.65679534005662
72.273440486 95.65679534005663
72.317552316 95.65679534005665
72.986205804 95.76355973943731
72.988456639 95.82935032455116
72.989657587 95.85181202951463
72.993667445 95.8934555841437
73.385154128 95.89345558414371
73.683464728 96.00021998352437
73.685692696 96.06601056863822
73.686856997 96.0884722736017
73.691324386 96.08897333349758
73.852910137 96.08897333349759
74.357115516 96.1590205507421
74.357232036 96.19573773287827
74.359399915 96.26152831799212
74.360548057 96.28399002295559
74.991600029 96.39075442233626
74.99371622 96.4565450074501
74.999492327 96.46268234800264
74.999669649 96.46319176667411
75.598904242 96.56995616605478
75.601005176 96.63574675116863
76.180540156 96.70579396841313
76.180652422 96.7425111505493
76.182808539 97.08264202358103
76.728345487 97.1894064229617
76.731330221 97.23408404565635
76.959030204 97.23408404565636
77.246789951 97.23943040909863
77.246996986 97.34084844503703
77.253556659 97.35379917529126
77.663261709 97.35379917529127
77.747687168 97.35914553873354
77.747823713 97.42384639253576
77.747943777 97.46056357467194
77.748197255 97.46056357467195
77.754998757 97.49220506818163
78.228927893 97.49755143162392
78.229130555 97.59896946756231
78.683276024 97.6043158310046
78.683475034 97.70573386694299
79.110466478 97.79253801063592
79.116594497 97.79253801063594
79.125004263 97.79253801063595
79.518155159 97.83134971856124
79.520110579 97.86313516245728
79.520550863 97.86684185024015
79.521475583 97.86902623015332
79.867090984 97.86902623015334
79.900013597 97.88011749663261
79.901319343 97.90783793807864
79.903102075 97.93962338197467
79.903507514 97.94333006975755
79.904368556 97.96618929615106
79.911490863 97.96618929615107
80.244447539 97.97728056263036
80.24570396 98.00500100407639
80.247436542 98.0367864479724
80.24782284 98.04049313575528
80.368610022 98.0404931357553
80.572407172 98.07930484368059
80.574084274 98.11109028757663
80.574543263 98.12264961587793
80.879491432 98.16385106023075
80.882316224 98.19324676769926
80.888722899 98.19324676769928
81.172748277 98.23444821205211
81.174987748 98.34758089972311
81.287226691 98.34758089972313
81.447058993 98.38639260764842
81.448609582 98.41817805154446
81.688442054 98.41817805154447
81.702779047 98.45937949589731
81.704719581 98.5725121835683
81.941897252 98.6113238914936
81.943270265 98.6202525318864
81.953335751 98.62025253188641
82.164459741 98.65906423981173
82.373930087 98.66145041896742
82.393457404 98.66145041896743
82.753824714 98.75703164792498
82.851770881 98.75703164792499
83.483922463 98.83580517847648
83.888105111 98.99801007335338
83.932552238 98.9980100733534
83.964756293 99.12136779001612
83.969185296 99.12136779001615
84.291425791 99.16678753961497
84.313355927 99.16678753961499
84.31339981 99.166787539615
84.356291923 99.27294219734684
84.370115241 99.27294219734685
84.378257521 99.27294219734686
