0.000356357 57.22927816842214
0.000435317 58.76520482801726
0.000463113 58.86032770904812
0.000565831 59.06535950036621
0.000923917 59.39309748417817
0.001133555 59.505931553651564
0.005409474 59.764153927700434
0.006088809 59.87809216896008
0.017803724 59.974191848237325
0.01803027 60.124621741913614
0.03442519 60.147790574143386
0.034740192 60.16328961590081
0.043406528 60.222824442161766
0.078964277 60.22282444216177
0.079664796 60.274839709584874
0.079748913 60.479871500902966
0.080036084 60.80760948471491
0.080210736 60.9204435541883
0.083542068 61.17866592823719
0.084085401 61.29260416949683
0.093274134 61.38870384877408
0.093455862 61.53913374245035
0.106426522 61.562302574680125
0.106676042 61.57780161643756
0.113582052 61.63733644269852
0.236732501 61.63916040007177
0.237552157 61.63916040007178
0.325219081 61.639160400071795
0.358224004 61.64501718062856
0.359030593 61.645017180628564
0.360641014 61.64501718062857
0.418908973 61.647835743256415
0.481046838 61.648328504706676
0.508630511 61.64832850470668
0.603048383 61.655771702626225
0.63027019 61.65577170262623
0.750169992 61.65577170262624
0.842543278 61.6597706177146
0.843340602 61.65977061771461
0.844959863 61.659770617714614
0.90401323 61.66099980541787
0.931066667 61.66099980541788
0.964969152 61.68318307947489
0.991208839 61.683183079474894
1.08419967 61.68325487845544
1.111002158 61.68325487845545
1.145318725 61.68325487845546
1.2048603820000001 61.68791748037127
1.205667403 61.687917480371276
1.2323281 61.68791748037128
1.325640212 61.69187431845346
1.352334345 61.691874318453465
1.385460003 61.69187431845347
1.41322045 61.69187431845348
1.446870858 61.70028626343329
1.565762186 61.70699773351336
1.68607826 61.76332535587771
1.686862629 61.76332535587772
1.7137271090000001 61.763325355877726
1.7465369750000002 61.76902662950192
1.7473463420000002 61.76902662950193
1.773411641 61.76902662950194
1.834397848 61.769026629501944
1.867629526 61.79278556932313
1.868434886 61.79278556932314
1.928220122 61.83250374544127
2.047500273 61.85742762718964
2.048297109 61.857427627189644
2.074338335 61.85742762718965
2.136318697 61.85742762718966
2.170541826 61.86094021579001
2.260684691 61.860940215790016
2.295373011 61.8693222304676
2.322636832 61.86932223046761
2.44501724 61.86932223046762
2.54056331 61.8805964594194
2.567932995 61.88059645941941
2.6028423419999998 61.880596459419415
2.780317153 61.896095501176845
2.868798162 61.89609550117685
2.903081753 61.955630327437795
3.114397714 62.155782730550925
3.114434932 62.250905611581786
3.114524035 62.45593740289989
3.11483071 62.783675386711835
3.115004571 62.89650945618523
3.118306548 63.15473183023411
3.118818993 63.268670071493744
3.127709331 63.36476975077099
3.127891811 63.51519964444729
3.147834868 63.61340234469544
4.869577548 63.62890138645286
5.101363517 63.628901386452874
5.992579011 63.88858861582697
5.992617214 63.98371149685783
5.992706976 64.18874328817593
5.993181898 64.62931534146126
5.996414 64.88753771551015
5.9969480950000005 65.00147595676978
6.005702595 65.09757563604704
6.00588414 65.24800552972333
6.018158966 65.2711743619531
6.018401449 65.28667340371052
8.806669989 65.56185967484205
8.806716819 65.65698255587291
8.806809397 65.862014347191
8.807303075 66.30258640047634
8.810512611 66.56080877452523
8.811033849 66.67474701578487
8.819597395 66.77084669506212
8.819777033 66.92127658873841
11.537687776 67.19646285986992
11.537730694 67.29158574090079
11.537816466 67.49661753221888
11.538269416 67.93718958550423
11.541374439 68.1954119595531
11.541879293000001 68.30935020081274
11.550217481 68.40544988008999
11.576389811 68.46177750245435
11.577005311 68.49123771589977
12.054967896 68.49123771589979
14.207122265 68.76642398703129
14.207161175 68.86154686806215
14.207250686 69.06657865938023
14.207725683 69.50715071266558
14.210831462 69.76537308671446
14.211341974 69.87931132797411
14.220715633 69.95166815219345
14.222607615 69.96028759219146
14.245529397 69.97541100725135
14.348794027 69.97541100725137
16.792792647 70.25059727838287
16.792833844 70.34572015941374
16.792921533 70.55075195073184
16.795778344 70.55111972849477
16.795982629 70.69083619658294
16.796445844 70.73137571769112
16.797505487 70.743476453669
16.798132291 71.24954637806606
16.798612774 71.3634846193257
16.807783079 71.43584144354503
16.809650617 71.44446088354304
16.835188773 71.44446088354306
17.67122651 71.44446088354307
19.32337639 71.71964715467458
19.323428643 71.81477003570544
19.323520754 72.01980182702353
19.324643644 72.02016960478646
19.324854763 72.15988607287463
19.325336243 72.20042559398281
19.327023378 72.71859625435775
19.336209924 72.72526884734788
19.33634978 72.77728516658914
19.336613643 72.90489131983672
19.365825056 72.90489131983674
19.386137078 72.90489131983676
21.782424881 73.18007759096827
21.78246542 73.27520047199913
21.782552521 73.48023226331722
21.783633851 73.48060004108017
21.783843979 73.62031650916833
21.785175746 73.62284084300764
21.785978428 74.17902669065144
21.795016535 74.18569928364158
21.79514474 74.23771560288283
21.814956356 74.28119601344368
21.863068106 74.28119601344369
22.053986018 74.2811960134437
24.184101467 74.55638228457521
24.184143477 74.65150516560607
24.184228461 74.85653695692416
24.185303587 74.8569047346871
24.185510313 74.99662120277526
24.186823745 74.99914553661456
24.187634936 75.55533138425838
24.196549188 75.56200397724852
24.196673954 75.61402029648977
24.323050847 75.61402029648978
25.087335131 75.6140202964898
25.792840553 75.61402029648981
26.531313345 75.88920656762132
26.531351756 75.98432944865218
26.531438911 76.18936123997027
26.532516769 76.18972901773321
26.532729112 76.32944548582137
26.533999652 76.33196981966069
26.534973387 76.34790521436484
26.535278635 76.45820475028896
26.53539481 76.54997408558867
26.538137118 76.7848558819216
26.545780826 76.81680928047165
28.783879568 77.09199555160318
28.783922071 77.18711843263405
28.784004314 77.39215022395213
28.78502883 77.39251800171506
28.785239554 77.53223446980324
28.787094079 77.53475880364253
28.787423924 77.5506941983467
28.787706523 77.66099373427083
28.787831594 77.75276306957055
28.79106648 77.98764486590345
28.834702683 77.98764486590348
30.998145914 78.26283113703495
30.998196466 78.35795401806583
30.998284476 78.56298580938393
30.999318717 78.56335358714686
30.999529742 78.70307005523502
31.000234699 78.70307005523505
31.001675488 78.72152978377851
31.001973583 78.8318293197026
31.002120951 78.92359865500232
31.01475703 79.03579557584895
32.492676381 79.03579557584897
32.896960679 79.03579557584898
33.107231071 79.31098184698048
33.107266575 79.40610472801136
33.107351621 79.61113651932943
33.108339699 79.61150429709237
33.1085413 79.75122076518055
33.110673539 79.76968049372401
33.110950765 79.87998002964814
33.11107091 79.97174936494785
33.123429153 80.08394628579445
35.157272656 80.35913255692597
35.157321382 80.45425543795685
35.157406914 80.65928722927492
35.158393102 80.65965500703786
35.159553277 80.7799754084185
35.160923176 80.92813073959363
35.161022463 81.01990007489334
36.071641285 81.01990007489336
37.147044715 81.29508634602485
37.147157594 81.5952410183738
37.149285595 81.71592919751737
37.154694442 81.83777947782153
37.155031994 81.9426159525236
37.160774368 81.94780519641523
37.276722893 81.94780519641527
39.065555794 82.22299146754676
39.065669193 82.52314613989572
39.068720792 82.5699318350027
39.070592874 82.57045812047534
39.071195166 82.57045812047535
39.073008371 82.76568459934347
39.07335505 82.87052107404551
39.18742102 82.87052107404553
39.208475889 82.87052107404556
40.928797255 83.14570734517706
40.928911643 83.44586201752601
40.931853546 83.492647712633
40.933695601 83.49317399810563
40.934281497 83.49317399810565
40.937212131 83.712259645369
40.949525704 83.77382367649328
40.963350981 83.7738236764933
41.059662555 83.77382367649331
41.659102225 83.77382367649332
42.73355393 84.04900994762482
42.733667969 84.34916461997378
42.736546918 84.39595031508077
42.738310228 84.3964766005534
42.740859424 84.59170307942153
42.741720634 84.6155622478168
44.481163161 84.89074851894829
44.481267338 85.19090319129724
44.484669512 85.23768888640426
44.486395108 85.23821517187687
44.488121399 85.433441650745
44.489498046 85.45730081914026
45.676213801 85.45730081914027
46.192528136 85.73248709027176
46.192704829 85.78555546140869
46.194523833 85.96268012285854
46.194674925 86.0059609412135
46.198792677 86.0450199933591
46.199094904 86.07159193282361
46.199354934 86.07995374320035
46.204976782 86.15365836088692
46.205166378 86.27518022206844
46.212899256 86.29338738831368
46.557210176 86.29338738831369
46.576223058 86.2933873883137
47.83300077 86.56857365944522
47.833159602 86.62164203058215
47.833306393 86.79876669203198
47.833433716 86.84204751038696
47.837580985 86.88110656253257
47.837876911 86.90767850199704
47.839802959 87.1112667912419
48.103534025 87.11126679124192
49.433270674 87.38645306237345
49.433442022 87.43952143351038
49.433723257 87.65992691331516
49.438075592 87.72555790492527
49.444034206 87.80762433298861
49.453747461 87.89705985932429
50.973961997 88.1722461304558
50.974341103 88.44571998139754
50.97865958 88.51135097300765
50.998748343 88.5909981791411
50.999949834 88.59341740107097
51.375317114 88.59341740107098
52.478132594 88.86860367220248
52.478537649 89.14207752314422
52.482866259 89.20770851475433
52.503065147 89.2873557208878
53.312332325 89.28735572088782
53.924385998 89.56254199201932
53.924805972 89.83601584296106
54.239522985 89.83601584296107
55.360756015 90.11120211409259
55.363472247 90.12236993427497
55.364232464 90.13912784021808
55.364854796 90.16078180017259
55.364943775 90.25743238508146
55.368677774 90.30279655678159
55.377460664 90.3263847033452
55.377578182 90.34933335083916
55.655073561 90.34933335083919
56.722136643 90.40586682456419
56.722471127 90.4353970013729
56.7225817 90.4901338264776
56.723218743 90.52466177908138
56.724298863 90.62241834150004
56.724396688 90.62451962197068
56.724874863 90.63568744215306
56.72561415 90.65244534809617
56.726240218 90.67409930805067
56.726330912 90.77074989295957
56.730020329 90.81611406465967
56.739543653 90.83970221122328
56.776140476 90.8397022112233
56.793016469 90.83970221122331
58.043905168 90.8962356849483
58.044242268 90.92576586175701
58.045875179 90.98050268686171
58.046475172 91.01503063946552
58.04750479 91.11278720188415
58.047599812 91.11488848235481
58.048043808 91.17235997367553
58.049392421 91.26111875334368
58.052901702 91.30648292504381
58.388455344 91.30648292504382
59.161434109 91.30648292504384
59.33263164 91.58166919617534
59.335291956 91.63914068749605
59.336652552 91.7278994671642
59.341106159 91.7692403987794
59.368710156 91.76924039877943
60.572765147 92.04442666991093
60.575743801 92.10189816123163
60.576669355 92.1906569408998
60.707310392 92.19065694089981
60.862602436 92.19065694089983
61.75696035 92.46584321203133
61.759515959 92.52331470335204
61.76793667 92.5897276397045
61.778097142 92.59953045187481
62.25897601 92.59953045187483
62.895798463 92.61472011668724
62.896153342 92.68559410240852
62.896241381 92.74033092751324
62.897373062 92.75133209482394
62.897773968 92.87261544253568
62.897861792 92.87471672300634
62.898305991 92.93218821432706
62.914376242 92.95087728239304
62.915108837 92.9986011506795
62.928860143 92.99860115067952
63.390536108 92.99860115067953
63.721930169 92.99860115067955
64.00242287 93.27378742181102
64.003025569 93.27378742181104
64.005250491 93.33125891313175
64.020959271 93.34994798119774
64.107447241 93.34994798119776
64.65984011 93.34994798119777
65.06837818 93.36513764601018
65.068748031 93.43601163173146
65.069192898 93.45019423594174
65.069281544 93.47168463060665
65.069549467 93.4879598875746
65.069945268 93.50174962414688
65.070363497 93.53686163406918
65.070431564 93.62513425232926
65.070872808 93.68260574365
65.154338259 93.68260574365002
66.088357505 93.9577920147815
66.088891034 93.95779201478152
66.100220085 93.99449937432273
66.102074837 93.99449937432274
66.243452898 93.99449937432276
66.441674503 93.99449937432277
67.070175841 94.26968564545427
67.082033597 94.27633879786836
67.084289162 94.27633879786839
67.450883052 94.2763387978684
68.035666374 94.29152846268084
68.035989337 94.29547318522043
68.036015405 94.36240244840212
68.036427491 94.37658505261237
68.036505993 94.39807544727728
68.036734346 94.41435070424527
68.037121516 94.42814044081754
68.037501385 94.46325245073982
68.037565619 94.55152506899992
68.054728038 94.55817822141402
68.068149486 94.55817822141404
68.943659225 94.83336449254554
68.978242473 94.83336449254556
69.307855557 94.83336449254557
69.813187047 95.0216269633361
69.814946362 95.10768949226531
70.00001769 95.10768949226532
70.645447903 95.12287915707775
70.64563754 95.12682387961733
70.646130512 95.20793574700927
70.646205943 95.22942614167418
70.646417876 95.24570139864217
70.646750674 95.25949113521445
70.647108051 95.29460314513672
70.652543349 95.30058308790171
70.654828888 95.35848826233304
70.735313238 95.35848826233305
71.443853903 95.3736779271455
71.444173873 95.37762264968508
71.444530146 95.45873451707702
71.444600992 95.48022491174193
71.444824705 95.49650016870991
71.445148222 95.51028990528219
71.445526366 95.54540191520447
71.4509221 95.55138185796946
71.459800791 95.5775221436223
71.616528275 95.57752214362233
72.20261808 95.58767608080207
72.203025716 95.6777683983663
72.203110151 95.69925879303118
72.203361321 95.71553404999916
72.203642815 95.72932378657144
72.204035004 95.76443579649374
72.278222796 95.76443579649376
72.935817188 95.77962546130617
72.93607131 95.78357018384575
72.936482151 95.8646820512377
72.936556854 95.8861724459026
72.936778302 95.90244770287059
72.938251628 95.91190978383126
72.942813876 95.92591802924134
73.069882265 95.92591802924136
73.3661136 95.92591802924137
73.492793405 95.92591802924139
73.641363504 95.93607196642111
73.641741145 96.02616428398534
73.642053993 96.0639299356182
73.643284352 96.0733920165789
73.911349862 96.07339201657891
74.004852759 96.07339201657892
74.313920105 96.08354595375867
74.314274585 96.17363827132287
74.314594607 96.21140392295574
74.326185367 96.21140392295575
74.328368768 96.21140392295577
74.405754844 96.21140392295578
74.958680137 96.22659358776819
74.958929775 96.23053831030778
74.959281203 96.31165017769975
74.961297209 96.32181649120018
74.962548249 96.34761822568059
74.966761017 96.34834474049669
75.003806419 96.34834474049671
75.567209133 96.35849867767647
75.567562 96.44859099524069
75.569102594 96.47570042028494
75.569378165 96.47570042028495
75.56999558 96.48510798786126
76.159305331 96.50424237521327
76.159806696 96.5501230192587
76.160039451 96.55012301925872
76.161180814 96.5663504212801
76.161441797 96.56635042128012
76.16161196 96.59552055610564
76.161880339 96.59552055610567
76.162947579 96.62132229058608
76.274753942 96.6213222905861
76.418597599 96.62132229058611
76.711802223 96.63147622776584
76.712302228 96.68633732198357
76.713571998 96.70256472400494
76.713985418 96.7317348588305
76.719075055 96.74867797037432
76.729724704 96.74867797037433
76.735848369 96.74867797037435
77.234349683 96.76781235772634
77.234792833 96.81369300177181
77.23502167 96.81369300177182
77.236278307 96.8299204037932
77.236429807 96.85909053861874
77.241002131 96.93843391245542
77.267373662 96.93843391245544
77.731486913 96.95756829980746
77.731799878 97.0386801671994
77.733519404 97.04884648069984
77.786064272 97.04884648069985
77.88747222 97.04884648069986
78.207301464 97.06798086805185
78.207619257 97.14909273544382
78.217351183 97.14909273544384
78.657834948 97.16822712279584
78.659532299 97.23033516886268
78.685702403 97.23033516886271
79.087599114 97.24946955621472
79.090080461 97.2928705192373
79.092642975 97.35175344814955
79.179527262 97.35175344814957
79.492532267 97.37088783550158
79.494843377 97.41428879852413
79.498599568 97.41676847954702
79.499823661 97.41676847954703
79.501277676 97.41676847954704
79.873978482 97.43590286689907
79.876149409 97.47930382992162
79.918501474 97.47930382992165
80.219710629 97.49843821727364
80.223398321 97.50940131295351
80.223660801 97.51295023352259
80.223715665 97.53351124320139
80.226051994 97.5370950419418
80.526479785 97.53709504194183
80.54725241 97.55622942929381
80.55065127 97.56719252497368
80.550913864 97.57074144554275
80.550954081 97.59130245522155
80.704360064 97.59130245522157
80.832707671 97.5913024552216
80.854659989 97.61043684257359
80.857632998 97.62139993825343
80.85790133 97.6249488588225
80.858574586 97.62694865725905
80.859920397 97.64025348515501
81.144710072 97.65938787250705
81.146853695 97.68362303933993
81.239960645 97.68362303933996
81.418794061 97.70275742669197
81.421800125 97.71372052237182
81.422615525 97.71700939036906
81.42270073 97.71926924137746
81.517133484 97.71926924137748
81.676149293 97.72942317855724
81.678874381 97.74936672440937
81.679126824 97.75291564497842
81.679402869 97.88735068705809
81.914656724 97.89750462423785
81.916885014 97.89841153124905
81.917337244 97.91744817008998
81.917567332 97.92099709065903
82.016954715 97.92099709065904
82.141185899 97.94013147801107
82.143842818 97.95109457369094
82.144626977 97.95438344168815
82.348156673 97.97351782904019
82.350667534 97.98448092472003
82.354832683 97.98448092472006
82.543860586 98.00361531207204
82.546159815 98.13852672666806
82.683410953 98.13852672666809
82.72476797 98.1576611140201
82.727035548 98.36420019352474
82.748110565 98.36420019352477
82.895762441 98.38333458087678
82.924614596 98.3833345808768
83.054432642 98.51214527697837
83.148899176 98.5121452769784
83.200791014 98.51368523563208
83.218562551 98.51368523563211
83.457498809 98.58386697694154
83.458190401 98.6306066245816
83.48543584 98.63060662458162
83.527210568 98.63060662458163
83.679109415 98.83655428530476
83.682258212 98.83655428530479
83.720501029 98.8365542853048
83.861524955 98.91956620263961
83.874478791 98.91956620263963
83.935730212 98.91956620263964
83.939410048 98.96355801094651
84.303389984 98.96451474300801
