0.00035317 47.51477250582972
0.000428247 47.571771682883835
0.000456082 48.959724538322334
0.000603705 49.10842424489875
0.000874823 49.240912479136654
0.002995418 49.31655700788493
0.003641764 49.894780250970506
0.014711409 49.938433747710896
0.015996286 50.01931884325339
0.0400592 50.019318843253394
0.078593676 50.44576006590954
0.078710032 50.594459772485955
0.078931303 50.72694800672385
0.080625902 50.80259253547214
0.081123033 51.38081577855772
0.089682084 51.42446927529811
0.090679748 51.5053543708406
0.110302045 51.50535437084061
0.152366658 51.52108890300904
0.29162091 51.521088903009044
0.393774039 51.530780018751145
0.591551369 51.53078001875115
0.632920453 51.533847314680294
0.651582626 51.5338473146803
0.874034341 51.54307949784738
0.934047756 51.54746488857271
0.952488087 51.54746488857272
1.053290352 51.55469666717726
1.174288478 51.578911539009994
1.192409795 51.57891153901
1.293621841 51.58571798919106
1.31155118 51.58571798919107
1.412048441 51.58851954679398
1.430623075 51.58851954679399
1.490682329 51.588519546794
1.6515234479999998 51.59531311266494
1.7684112829999998 51.599999035211184
1.887105536 51.601452653394915
1.9053533580000002 51.60145265339492
2.025659913 51.608515759039186
2.241558415 51.614527184048605
2.359668282 51.614740660190336
2.378749635 51.69562575573283
2.4800996140000002 51.70188144135083
2.5394347980000003 51.701881441350835
2.7200875030000002 51.745534938091225
2.859346178 51.82642003363372
3.070516242 51.9491865911701
3.070615648 52.048291994451205
3.070654153 52.598088033376506
3.070883064 52.7305762676144
3.072566669 52.806220796362695
3.073125554 52.876070131440684
3.073156772 53.11767112888597
3.073856575 53.29708978214604
3.073911712 53.38444403944827
3.081450284 53.42809753618866
3.082436767 53.50898263173115
3.543461536 53.50898263173116
4.811301683 53.55263612847154
4.983693811 53.55263612847155
5.95107943 54.256489517180405
5.951226904 54.40518922375682
5.951590544 54.45650545048888
5.95189582 54.486949333773396
5.953178542 54.61332198674301
5.95365407 55.19154522982859
5.961944276 55.235198726568974
5.988524983 55.23519872656898
8.749796412 55.48250387638824
8.749924834 56.131405318594645
8.750569221 56.213165428611205
8.751821688 56.33953808158083
8.752346335 56.40938741665882
8.752500705 56.6309935482996
8.753084786 56.83040706736417
8.753136207 56.9177613246664
9.181468154 56.91776132466641
11.490515798 57.165066474485684
11.490656018 57.813967916692086
11.491329241 57.89572802670865
11.492593298 58.02210067967827
11.495440024 58.34545186819651
11.495794165 58.45313914859027
11.501103371 58.484160470604074
11.523109553 58.49989513480792
11.531394714 58.49989513480793
12.478522093 58.499895134807936
14.159453551 58.747200284627205
14.15958296 59.396101726833614
14.160201771 59.477861836850174
14.161414705 59.604234489819795
14.164255322 59.92758567833803
14.164783409 59.95508162420787
14.167469823 60.014423606234836
14.169836030999999 60.066294280745595
14.222022485 60.0662942807456
16.747322649 60.31359943056487
16.747467385 60.96250087277128
16.750204189 61.04426098278785
16.751363751 61.17063363575746
16.753021634 61.4939848242757
16.753532191 61.52148077014554
16.756193867 61.58082275217251
19.275937603 61.82812790199178
19.276066512 62.477029344198186
19.276654539 62.55878945421475
19.277847484 62.68516210718437
19.279548973 63.008513295702606
19.28007437 63.036009241572444
19.292959913 63.047765116388774
19.293683155 63.066858279759714
19.321469035 63.095351223599415
21.736533406 63.34265637341868
21.736664401 63.991557815625086
21.737293086 64.07331792564165
21.738452537 64.19969057861127
21.741076954 64.52304176712951
21.741620446 64.55053771299934
21.754127784 64.56229358781567
21.848400028 64.56229358781569
24.130099221 64.80959873763496
24.130226514 65.45850017984135
24.130823063 65.54026028985791
24.131986001 65.66663294282753
24.134958908 65.68365019246522
24.135100347 66.0174800772156
24.148136981 66.02923595203193
26.449668062 66.2765411018512
26.449802756 66.9254425440576
26.450445829 67.00720265407416
26.45158963 67.13357530704378
26.453539656 67.15059255668149
26.45369647 67.48442244143186
26.499338026 67.48442244143187
28.741756375 67.73172759125114
28.741898274 68.38062903345755
28.74250656 68.46238914347411
28.745276869 68.55421735959229
28.74553557 68.60577904608144
28.760956274 68.62876485671775
28.76333842 68.63061711557911
28.766008997 68.71622507071406
28.766062584 68.78545610281913
28.769425234 68.82883951902426
28.776567286 68.9273860634335
30.952781329 69.17469121325279
30.952911521 69.82359265545918
30.953494204 69.90535276547574
30.956243372 69.99718098159391
30.956507795 70.04874266808307
30.972260847 70.07172847871936
30.974539004 70.07358073758073
30.977059976 70.15918869271567
30.977110159 70.22841972482074
33.203401266 70.47572487464001
33.203531782 71.1246263168464
33.204095442 71.20638642686296
33.207672567 71.29821464298114
33.207936491 71.34977632947029
33.224776106 71.37461439896795
33.227295606 71.46022235410291
33.229416765 71.48667696429472
33.240316736 71.48667696429473
33.27042549 71.48667696429474
35.313843138 71.73398211411401
35.313986159 72.38288355632041
35.314586616 72.46464366633697
35.317226365 72.55647188245514
35.317479448 72.6080335689443
35.334955002 72.63287163844196
35.337354754 72.7184795935769
35.38241111 72.71847959357692
37.423481383 72.96578474339618
37.423606616 73.61468618560257
37.424145937 73.69644629561913
37.426923044 73.7126050432498
37.426978272 73.83983619822645
37.443888162 73.86467426772413
37.449976249 73.89449930001098
37.566666757 73.89449930001099
39.398816134 74.14180444983025
39.3989413 74.79070589203666
39.39945214 74.87246600205322
39.40220396 74.88862474968387
39.402256941 75.01585590466054
39.42325682 75.02665066368628
39.536277769 75.0266506636863
41.270570027 75.27395581350557
41.27069953 75.92285725571195
41.271204736 76.0046173657285
41.274727645 76.02077611335918
41.277902179 76.12663428034641
41.278487833 76.12663428034642
42.464841005 76.12663428034644
43.080411301 76.3739394301657
43.080527399 77.0228408723721
43.081027247 77.10460098238867
43.0845194 77.12075973001932
43.087562658 77.22661789700656
44.850256718 77.47392304682583
44.850376153 78.12282448903223
44.850868602 78.20458459904879
44.853474914 78.22074334667946
44.86130823 78.28440359473593
44.866007469 78.32317339810369
44.934745995 78.3231733981037
45.037036056 78.32317339810372
46.554349734 78.57047854792299
46.554485712 79.21937999012937
46.556844545 79.30114010014593
46.559343154 79.3172988477766
46.567021519 79.38095909583308
46.60111841 79.38095909583309
46.63448089 79.3809590958331
48.235316397 79.62826424565237
48.235432551 80.27716568785878
48.23819341 80.33939673076391
48.238220906 80.3466229624904
48.238384877 80.375084545506
48.24930277 80.4257399734135
48.299979331 80.42573997341351
49.831133301 80.67304512323277
49.831267551 81.32194656543918
49.83402677 81.3841776083443
49.834060519 81.3914038400708
49.834219286 81.41986542308639
49.850917847 81.43686040158032
49.913318876 81.43686040158033
51.384456445 81.68416555139959
51.384575435 82.33306699360598
51.385163537 82.333066993606
51.387235527 82.39529803651112
51.387417465 82.43098585125321
51.509293325 82.43098585125323
51.924902562 82.43098585125324
52.877095961 82.64694976509473
52.877203952 83.32719244327889
52.885724364 83.40677085428969
52.94438606 83.4067708542897
54.244413961 83.40677085428972
54.323301995 83.62273476813121
54.323396393 84.30297744631538
54.331447692 84.38255585732617
54.369988864 84.38255585732618
55.715386443 84.59851977116769
55.715507719 84.8179674698838
55.715709118 84.98809177157722
55.715761403 85.24822237876128
55.731845169 85.35217669650895
55.921080812 85.35217669650896
56.111200793 85.35217669650898
57.072298807 85.56814061035048
57.072396403 85.78758830906659
57.07257181 85.95771261076001
57.072631646 86.21784321794408
57.089981025 86.2537917874663
57.644524759 86.25379178746631
58.398818035 86.46975570130782
58.398922872 86.68920340002393
58.399095696 86.85932770171733
58.399656559 86.90569542932889
58.40257891 86.98510997107005
58.412845624 86.99013286312224
58.413366976 87.02300201350687
58.41846646 87.15147708468223
59.700351041 87.36744099852375
59.700464034 87.58688869723986
59.700654477 87.75701299893328
59.701159283 87.80338072654484
59.7035562 87.882795268286
59.714471159 87.88781816033818
59.714979338 87.92068731072281
60.926862309 88.13665122456432
60.926969103 88.35609892328043
60.927147579 88.52622322497385
60.92790442 88.53753460622686
60.929999574 88.65200549432656
60.941198042 88.67406764984136
61.036640172 88.67406764984138
62.111829087 88.8900315636829
62.111941001 89.10947926239899
62.11213571 89.27960356409241
62.112899473 89.29091494534543
62.114911372 89.40538583344512
62.126304576 89.40585335674696
63.257740549 89.62181727058848
63.257841436 89.84126496930458
63.258014141 90.011389270998
63.261173566 90.1371715403507
63.278869035 90.13717154035072
63.566874079 90.13717154035074
64.372253517 90.57258315290835
64.372442458 90.74270745460177
64.379047527 90.81975797139266
64.443148942 90.81975797139268
65.435731002 91.0357218852342
65.435834118 91.2551695839503
65.436003544 91.42529388564373
65.446919981 91.4645671966993
65.953736657 91.46456719669932
66.452329159 91.68053111054083
66.45242654 91.89997880925694
66.452603006 92.07010311095036
66.463957523 92.10113876676097
66.524313775 92.10113876676098
67.484215678 92.31710268060249
67.484335181 92.53655037931858
67.484524163 92.70667468101202
67.637308049 92.70667468101203
68.443443933 92.92263859485355
68.443540417 93.14208629356966
68.443707182 93.31221059526307
68.515015046 93.31221059526308
69.33906542 93.35235260870388
69.339212547 93.38107495909907
69.339267621 93.57093724445616
69.339564445 93.62140234754125
69.339655399 93.73675145786048
69.345561988 93.74537006759975
69.347195563 93.84510942851082
69.356298208 93.86771019918477
69.620005911 93.86771019918478
70.199911754 93.90785221262558
70.200042151 93.93657456302076
70.200107551 94.12643684837786
70.200368119 94.17690195146295
70.20045363 94.29225106178217
70.206270952 94.30086967152144
70.207858359 94.40060903243251
70.257996965 94.40060903243253
71.027363277 94.44075104587333
71.027499236 94.46947339626851
71.027563614 94.6593356816256
71.027816656 94.7098007847107
71.027899668 94.82514989502992
71.033513897 94.8337685047692
71.040668254 94.87794045101342
71.041952315 94.89986885876262
71.086944374 94.89986885876263
71.797797676 94.89986885876264
71.819919434 94.94001087220343
71.820038957 94.96873322259862
71.82024464 94.98530676761158
71.820342405 95.2090606110408
71.820425343 95.32440972136003
71.825802128 95.3330283310993
72.309208581 95.33302833109931
72.57835902 95.37317034454011
72.578487118 95.40189269493528
72.578685733 95.41846623994824
72.578779424 95.64222008337748
72.579270334 95.7575691936967
72.586484791 95.76563653202655
72.593308455 95.76618780343597
72.599251417 95.76618780343598
73.302658898 95.80632981687675
73.302795513 95.83505216727195
73.302988642 95.8516257122849
73.303072838 96.07537955571414
73.317398121 96.07537955571415
73.676703295 96.07537955571416
73.996789178 96.11552156915495
73.996911786 96.14424391955015
73.997095995 96.1608174645631
73.998937916 96.19614601832612
74.001405948 96.25684986764605
74.005350695 96.38306492937073
74.009852481 96.38457130799235
74.663117801 96.42471332143315
74.663241473 96.45343567182833
74.663402044 96.47000921684128
74.66507404 96.5053377706043
74.665424852 96.50533777060431
74.670964675 96.53157461352296
74.673662829 96.63333750026408
74.673724153 96.69064401208648
74.76166648 96.6906440120865
75.287976775 96.73078602552731
75.288237233 96.77608192093544
75.289834082 96.81141047469845
75.290174529 96.81141047469846
75.295497798 96.83764731761713
75.45880446 96.83764731761714
75.891440304 96.87778933105794
75.891693952 96.92308522646609
75.893280773 96.9584137802291
75.893594835 96.95841378022911
75.902380894 96.9590773004039
75.922912411 96.95907730040392
76.469536835 96.99921931384472
76.469802762 97.04451520925286
76.471373062 97.07984376301587
76.471690109 97.07984376301589
77.022279996 97.11998577645669
77.02250665 97.16528167186483
77.024248392 97.22239343109656
77.544212555 97.26253544453736
77.544446157 97.30783133994551
77.552501698 97.32956730052423
78.036506966 97.36970931396503
78.036724691 97.41500520937318
78.252768962 97.41500520937319
78.511212861 97.45514722281399
78.511975846 97.46779634503444
78.513278211 97.49236969617542
78.519888218 97.49236969617543
78.950003862 97.49236969617544
78.963189779 97.5451608318367
78.965025904 97.56800913401435
78.973880065 97.56800913401436
79.386167264 97.60815114745515
79.38690322 97.62080026967561
79.388835669 97.6250843849822
79.392577818 97.6291103238248
79.464459518 97.62911032382482
79.787098508 97.6692523372656
79.787814345 97.68190145948607
79.789710144 97.68618557479265
79.805349792 97.68618557479266
80.073321482 97.68618557479267
80.170598003 97.72632758823346
80.171231883 97.73897671045393
80.172943418 97.83013887758223
80.187098997 97.83013887758224
80.515615196 97.88293001324351
80.56172339 97.88293001324352
80.841741599 97.93010347182671
80.845021725 97.93572114890478
81.060348748 97.93572114890479
81.147875526 97.98289460748796
81.160005063 97.98289460748798
81.171522973 97.98289460748799
81.433811106 98.03028788131357
81.450667782 98.03028788131358
81.488710944 98.0302878813136
81.707453355 98.04109467423504
81.708798543 98.06260153529001
81.710453171 98.06374309356396
81.757114241 98.06374309356397
81.967316756 98.0960567475404
81.982287601 98.09605674754042
82.204473933 98.11910511371937
82.207113884 98.35470919141376
82.327825725 98.35470919141378
82.63933605 98.44096981253237
82.640642696 98.44096981253239
82.681813982 98.4409698125324
82.836227626 98.479415538127
82.952428223 98.47941553812701
83.193154948 98.55286219138092
83.219108753 98.55286219138094
83.2414575 98.55286219138095
83.350485332 98.6176205207687
83.365325614 98.61762052076871
83.437451269 98.61762052076872
83.632099023 98.75592801814881
83.642477194 98.75592801814882
83.706852619 98.75592801814884
83.975500368 98.80580263013648
84.012188624 98.8058026301365
