0.000359169 52.5531777020148
0.000427318 54.68684708546298
0.000502398 54.95382115969169
0.001001873 55.28166460472409
0.048811795 55.28166460472411
0.056561332 55.306502308533446
0.078749909 56.18672308914494
0.078812724 56.453697163373654
0.079220486 56.781540608406054
0.116865052 56.78154060840607
0.12287196 56.80637831221541
0.242999345 56.8075515023907
0.483792995 56.81528058331329
0.604597124 56.820924707159044
0.724160544 56.83082244316349
0.901409819 56.8308224431635
0.961793528 56.8316261056644
1.022598572 56.831626105664405
1.204123521 56.843641111938474
1.444330159 56.86533441823676
1.560908448 56.868405603595725
1.678134441 56.887524648920966
1.9312711280000001 56.89857931438821
1.9737520549999998 56.92341701819755
2.034738976 56.940994977696
2.094775176 56.9452982155353
2.170266086 56.95471553775592
2.212417842 56.97955324156526
2.329706633 56.9803076547756
2.642758059 56.99308528928656
2.6851087529999997 57.040579305560904
2.8051165449999997 57.04184347861324
2.865722592 57.08740824719495
2.924341256 57.11006455965995
3.064511441 58.022428371110415
3.0645545 58.43118875706036
3.06525381 58.517373246028534
3.072162772 58.55047767026996
3.083555683 58.62852088399807
3.107012978 58.7838699059021
3.339487874 58.78386990590211
4.956086429 58.82148524422241
5.071489416 58.821485244222416
5.187911012 58.82274941727476
5.954716647 58.93099874041551
5.954763504 59.850828326046276
5.954800293 60.25958871199621
5.9555352379999995 60.34577320096438
5.973775305 60.45692083893393
6.004730749 60.457675252144256
7.751696848 60.49529059046457
8.420747039 60.496554763516905
8.467034301 60.49655476351691
8.754722888 61.21919849191777
8.754916985 61.3020234777128
8.757360599 61.569645162713805
8.757403759 62.16909593670672
8.911265552 62.169095936706725
9.518685203 62.169605696548736
10.171882248 62.17036010975906
11.474330002 62.89351359800195
11.474551018 62.97633858379697
11.477094849 62.976338583796974
11.478737747 63.14488872651558
11.479822906 63.20495021271686
11.479962507 63.26210315746341
11.480410039 63.416235709240695
11.483289685 63.591593558239786
11.48416522 63.69392583117878
11.494538886 63.69392583117879
11.497321728 63.84341104279089
14.146345453 64.56731894424411
14.1465638 64.65014393003912
14.150113064 64.878755558959
14.150246453 64.93590850370556
14.150687981 65.09004105548284
14.153562114 65.26539890448193
14.154291018 65.26539890448194
14.15519457 65.36773117742094
14.170272567 65.38054984619592
14.17283986 65.40224315249421
14.224916884 65.40224315249422
16.757492234 66.12615105394741
16.757700725 66.20897603974244
16.762745766 66.43758766866232
16.762882784 66.49474061340888
16.763311359 66.64887316518617
16.766123134 66.82423101418524
16.766829174 66.82423101418526
16.767001347 66.92656328712425
16.78340541 66.93938195589924
19.29550329 67.66328985735244
19.295703466 67.74611484314747
19.29912884 67.97472647206735
19.299685875 68.1860119685912
19.302409859 68.36136981759029
19.303129472 68.3613698175903
19.303296167 68.4637020905293
21.764370434 69.1876099919825
21.764553938 69.27043497777753
21.769847208 69.49904660669742
21.770407279 69.71033210322125
21.773050364 69.88568995222033
21.868810352 69.88568995222035
24.173523528 70.60959785367353
24.1737171 70.69242283946856
24.177016214 70.92103446838846
24.177587255 71.13231996491228
24.180934713 71.30767781391138
24.227516667 71.3076778139114
26.514113415 71.38983972418873
26.514205039 71.6394180131052
26.514243996 71.76378304384028
26.514268229 72.11441070115961
26.517482043 72.3430223300795
26.518039946000002 72.55430782660333
26.531284097 72.56282468101635
26.534220299 72.6006322619008
26.534585548 72.70005320446793
26.57957626 72.70005320446795
26.600802891 72.70005320446796
28.523162585 72.70005320446798
28.798603176 72.78221511474528
28.798680278 73.03179340366175
28.798717178 73.15615843439683
28.798739846 73.50678609171617
28.799458004 73.50678609171618
28.80189868 73.73539772063606
28.802434005 73.9466832171599
28.815645231 73.95520007157292
28.819474927999998 74.01299196286082
28.820119019 74.01299196286084
29.098674578 74.01299196286085
31.016530916 74.09515387313819
31.016624984 74.34473216205464
31.016663754 74.46909719278972
31.0166878 74.81972485010905
31.019923141 75.04833647902895
31.020479289 75.25962197555279
31.033489534 75.26813882996579
31.036423903 75.30594641085025
33.229268363 75.38810832112759
33.229345545 75.63768661004406
33.229383615 75.76205164077913
33.229406865 76.11267929809847
33.232423603 76.34129092701836
33.2329602 76.5525764235422
33.245648471 76.56109327795521
35.480612557 76.64325518823254
35.480706516 76.89283347714901
35.480743229 77.01719850788409
35.480767053 77.36782616520343
35.483804394 77.59643779412332
35.484314093 77.80772329064716
37.647178375 77.88988520092448
37.647255035 78.13946348984096
37.647291215 78.26382852057603
37.647313587 78.61445617789536
37.653994134 78.69899327651191
37.65609828 78.74678742335206
37.660702263 78.88248939279411
37.662066175 78.97776018504786
37.667200333 78.98023197729279
37.680311254 79.0311452398726
39.667117565 79.11330715014994
39.66719706 79.3628854390664
39.667233516 79.48725046980148
39.667291477 79.67358468555733
39.667895675 79.83787812712082
39.674133148 79.92241522573735
39.675604733 79.97020937257751
39.680153432 80.10591134201957
39.681725774 80.13522424426135
39.682105295 80.2011821342733
39.686580036 80.20365392651823
40.641306272 80.20365392651824
41.562376402 80.28581583679558
41.562465795 80.53539412571205
41.562503178 80.65975915644712
41.562576097 80.84609337220297
41.563220667 81.01038681376646
41.569389257 81.094923912383
41.570874637 81.14271805922316
41.575330103 81.27842002866521
41.576682409 81.37369082091894
41.613990819 81.37369082091895
43.504409208 81.45585273119627
43.504484209 81.70543102011275
43.504519836 81.82979605084782
43.504591061 82.01613026660367
43.505186111 82.18042370816715
43.511185544 82.2649608067837
43.512646364 82.31275495362385
43.516950882 82.4484569230659
43.518468234 82.47776982530769
43.521962791 82.53598443450527
43.554616977 82.53598443450528
45.274820453 82.61814634478263
45.274898941000004 82.8677246336991
45.274996081 83.17842388019002
45.277434253 83.22026235988969
45.281524617 83.31317542841279
45.282999393 83.4750485672102
45.287274261 83.61075053665226
45.293180003 83.65828225807292
46.973331876 83.74044416835025
46.973407482 83.99002245726672
46.97344316 84.11438748800178
46.973511437 84.30072170375763
46.975291789 84.34256018345731
46.979306907 84.43547325198041
46.981309871 84.5973463907778
46.985457198 84.73304836021987
46.986913307 84.76236126246164
47.020377376 84.76236126246165
48.631238006 84.844523172739
48.631317694 85.09410146165547
48.631468244 85.28860414554003
48.632039378 85.40480070814638
48.636071277 85.41141603823297
48.639156295 85.70142539516658
48.643206789 85.83712736460862
48.772816441 85.83712736460863
48.819554766 85.83712736460865
49.234872774 85.83712736460866
50.224199642 85.91928927488597
50.224837259 85.91928927488598
50.224900767 86.16886756380245
50.22497001 86.47956681029338
50.228889888 86.48618214037992
50.231939335 86.77619149731353
50.252315583 86.88891911529326
50.270599314 86.88891911529328
50.439912261 86.88891911529329
51.779877743 86.9710810255706
51.780077179 87.41516199837164
51.781001266 87.42338152750119
51.785785354 87.44850060442327
51.787492718 87.48026571003753
51.797539062 87.61285881338205
51.798863191 87.77324286325221
53.258314329 87.85540477352954
53.258521365 88.29948574633059
53.259432173 88.30770527546014
53.264206263 88.33282435238222
53.270709514 88.33564753397133
53.27592127 88.49718256134099
53.27952755 88.54918879881583
53.368207619 88.54918879881585
54.709537665 88.63135070909316
54.70975895 89.0754316818942
54.710653691 89.08365121102376
54.715324919 89.10877028794584
54.721052308 89.11159346953495
54.727071712 89.2731284969046
55.039498284 89.27312849690463
56.134840741 89.35529040718194
56.135438579 89.35529040718195
56.136115174 89.38811907435368
56.136654582 89.52664976813831
56.136918499 89.56896847129791
56.137615801 89.68639230167862
56.13772875 89.79495587212608
56.140580618 89.83270998603463
56.146730433 89.83553316762374
56.893747342 89.83553316762375
57.506041231 89.91769507790107
57.507280483 89.9505237450728
57.507809427 90.08905443885743
57.508067182 90.13137314201703
57.508736119 90.24879697239773
57.508847649 90.35736054284519
57.511634433 90.39511465675373
57.538502167 90.39511465675375
57.670574277 90.39511465675376
58.823603358 90.47727656703107
58.824196309 90.47727656703108
58.824858184 90.5101052342028
58.825413452 90.64863592798744
58.825660603 90.69095463114702
58.826338143 90.80837846152774
58.826440673 90.9169420319752
58.929840209 90.91694203197521
59.543977182 90.91694203197522
60.113653023 91.05776427637615
60.115493215 91.1704633032089
60.115733307 91.21278200636849
60.117322222 91.22732070497516
60.119902589 91.2442523615468
60.120795808 91.2701036852698
60.122442956 91.36533870127964
60.128765899 91.4040175763346
60.134922144 91.41405995461511
61.160199107 91.41405995461513
61.338084038 91.55488219901606
61.339784924 91.66758122584882
61.341338983 91.72443862761507
61.343869838 91.74137028418673
61.344738207 91.7672216079097
61.346521755 91.80704327527408
62.522011095 91.94786551967502
62.523716604 92.06056454650778
62.525222081 92.11742194827403
62.527723308 92.13435360484569
62.528584799 92.16020492856866
62.532987857 92.19259988260117
62.601660203 92.19259988260119
63.667393689 92.33342212700212
63.669081833999996 92.44612115383488
63.670567747 92.50297855560113
63.673028046 92.51991021217277
63.673817103 92.54576153589576
63.80726406 92.54576153589578
64.763433226 92.68658378029671
64.765094038 92.79928280712947
64.76657491 92.85614020889572
64.768882799 92.87307186546737
64.769509335 92.91199938913189
65.408038181 92.9119993891319
65.828835954 93.05282163353284
65.830529217 93.1655206603656
65.831932505 93.22237806213185
65.834219348 93.2393097187035
65.840063992 93.24221247685495
66.476829357 93.24221247685496
66.854108475 93.3830347212559
66.855697635 93.49573374808865
66.857063956 93.5525911498549
66.859362286 93.56952280642655
67.066898839 93.56952280642656
67.844683525 93.7103450508275
67.846237723 93.82304407766026
67.847585607 93.87990147942651
67.89998655 93.87990147942652
68.798770211 94.02072372382746
68.800331862 94.13342275066022
68.808170418 94.18418718806299
68.826197962 94.184187188063
69.174451253 94.18418718806304
69.72244015 94.32500943246393
69.723924055 94.4377084592967
69.741556922 94.43770845929672
70.035523284 94.43770845929674
70.583491722 94.5785307036977
70.587670195 94.63176008397618
70.588694392 94.68650454759806
70.599828122 94.69122973053044
71.006431838 94.69122973053045
71.413383559 94.83205197493137
71.416892146 94.88528135520986
71.418120863 94.91074768165491
71.419048407 94.93244842000446
71.421491435 94.93438119092929
71.421779548 94.9343811909293
71.429450206 94.94002581883176
71.471314377 94.94002581883177
72.204497396 95.08084806323271
72.208279965 95.13407744351119
72.208868122 95.1751960606035
72.210164961 95.18124450830578
72.216820419 95.18317727923062
72.228535558 95.18317727923063
72.410920179 95.18317727923065
72.965087879 95.32399952363158
72.969353493 95.41834752100237
72.970512907 95.42439596870467
73.694518618 95.56521821310561
73.698651296 95.6595662104764
73.700476541 95.66278866513792
74.215382306 95.66278866513794
74.393450958 95.80361090953888
74.398348118 95.80402522343434
74.398498321 95.84038044885462
74.400794799 95.88518735715012
74.400960535 95.89297407109252
74.414403061 95.89297407109254
75.006778818 95.89297407109255
75.05801928 96.03379631549348
75.062900269 96.0705658548092
75.06745737 96.0763664030649
75.306229794 96.07636640306491
75.675365043 96.07636640306492
75.692975645 96.21718864746585
75.700397403 96.2196262287336
75.703296299 96.25395818678159
75.710383465 96.2539581867816
76.296843891 96.39478043118253
76.304143875 96.39721801245028
76.327495966 96.3972180124503
76.546725325 96.39721801245031
76.615867776 96.39721801245032
76.873724912 96.53804025685125
76.918725722 96.53804025685126
77.334167887 96.53804025685127
77.421862811 96.58128118190439
77.422765857 96.65064369379401
77.42313291 96.65064369379402
77.424439013 96.67680736551073
77.457301616 96.67680736551074
77.571936577 96.67680736551075
77.943705379 96.72004829056388
77.944612544 96.7894108024535
77.947133209 96.79181752706141
77.95056329 96.79470778443783
77.951636354 96.80120365304512
78.029709985 96.80120365304514
78.32804612 96.80120365304515
78.437259093 96.84444457809829
78.438126908 96.9138070899879
78.438473437 96.91380708998791
78.440516739 96.91621381459582
78.441859997 96.91910407197226
78.789892725 96.91910407197227
78.92014149 96.9623449970254
78.920996686 97.03170750891502
78.927434781 97.03411423352291
78.933018412 97.03411423352293
79.158495744 97.03411423352294
79.37361789 97.07735515857607
79.374458711 97.14671767046569
79.418043466 97.1467176704657
79.693287271 97.14671767046572
79.693589975 97.14671767046573
79.805561765 97.18995859551885
79.805932302 97.18995859551886
79.80646979 97.21235735261604
79.810087495 97.22827594749813
79.812614753 97.23604312226593
80.062858863 97.23604312226594
80.185711841 97.23604312226595
80.213032173 97.27928404731908
80.213359734 97.2792840473191
80.213879065 97.30168280441627
80.216030357 97.30348054420304
80.217452517 97.31760139929835
80.218301662 97.3528735957218
80.471130457 97.35287359572182
80.595472805 97.39611452077494
80.595761907 97.39611452077496
80.596255213 97.41851327787214
80.597946617 97.42031101765892
80.599302702 97.43443187275425
80.924527048 97.43443187275426
80.942285782 97.47767279780737
80.942598132 97.47767279780739
80.943059474 97.50007155490455
80.947947522 97.50937524878056
80.974876592 97.50937524878057
81.189499563 97.50937524878059
81.270399289 97.5526161738337
81.270717584 97.55261617383371
81.271166903 97.57501493093089
81.296187083 97.57501493093092
81.533041071 97.57501493093093
81.575580439 97.61825585598403
81.575866465 97.61825585598405
81.579812166 97.62038184646303
81.579915772 97.62868462990598
81.586168226 97.62868462990599
81.656528675 97.628684629906
81.854528154 97.62868462990602
81.868627727 97.67192555495912
81.868917275 97.67192555495915
81.872709789 97.67250525020607
81.87276829 97.69222225449954
81.938275695 97.69222225449955
82.025457921 97.69222225449957
82.144292923 97.73546317955268
82.144563405 97.7354631795527
82.149930516 97.73546317955271
82.268687385 97.73546317955272
82.40424524 97.77829769786041
82.407556205 97.77829769786042
82.407909136 97.77870410460585
82.561861629 97.77870410460586
82.644029197 97.82153862291356
82.844288004 97.82153862291358
82.867621923 97.97551954906436
83.078187171 97.9796846331909
83.079503484 98.00670110213761
83.227997011 98.00670110213763
83.274468473 98.01086618626415
83.276842024 98.01442541378478
83.342097803 98.01442541378479
83.439578931 98.0144254137848
83.458580668 98.01859049791132
83.458986162 98.09578397395906
83.520555276 98.09578397395907
83.612620252 98.09578397395909
83.627144153 98.24307520169177
83.630702708 98.2430752016918
83.787624325 98.24724028581832
83.808122571 98.24724028581834
83.894232884 98.24724028581835
83.931868275 98.40339170895709
83.933461651 98.47822972241882
83.961990775 98.47822972241883
83.967399244 98.47822972241885
84.411606128 98.51889046247666
84.413736582 98.51889046247668
84.506802127 98.55123383203461
84.514274406 98.55123383203463
85.063027373 98.76667982339225
85.11126993 99.12111845193004
85.117161438 99.12111845193006
85.127742003 99.12111845193007
