0.000362957 46.98933434782793
0.000469803 47.25910549454593
0.000652458 47.7240208765248
0.000936503 47.76486581632927
0.002082199 47.92339665936826
0.002113117 48.00820980563757
0.002346813 48.18315609198461
0.002428005 48.233831892123455
0.003491648 48.23383189212347
0.015781716 48.28252828345416
0.021639884 48.34039990574701
0.022698359 48.34039990574702
0.033451099 48.473188441993564
0.058405205 48.4972984025846
0.079574686 48.71021441259453
0.079714763 49.175129794573415
0.079932512 49.21597473437789
0.080871404 49.37450557741686
0.080899502 49.45931872368619
0.081091918 49.634265010033225
0.081158196 49.68494081017207
0.091660982 49.73363720150278
0.096269753 49.79150882379562
0.105704669 49.924297360042154
0.124643924 49.9484073206332
0.369266618 49.95854925006153
0.470789146 49.95916858397435
0.490283111 49.9832785445654
0.732590421 49.986017394547325
0.972157189 49.99790490586894
1.032360692 49.99790490586896
1.191704267 50.01266766340163
1.312486802 50.023999903137984
1.3323943790000001 50.04810986372902
1.392267282 50.04810986372903
1.571270242 50.04858070600779
1.6320406859999999 50.048580706007805
1.84701991 50.07316713674745
1.866690696 50.0972770973385
2.203651759 50.11070839942462
2.222827639 50.13481836001565
2.345383762 50.134818360015664
2.466540233 50.15514871963135
2.5870441939999997 50.155148719631356
2.705636772 50.172140897802045
2.766916858 50.17214089780205
2.886977672 50.17214089780206
3.085414781 50.437823518167974
3.085476572 50.70759466488599
3.085635184 51.17251004686486
3.085885635 51.21335498666933
3.086825864 51.37188582970832
3.08685315 51.45669897597763
3.087047507 51.63164526232467
3.087115845 51.682321062463515
3.098003794 51.73101745379422
3.114659123 51.768558716471375
3.11469975 51.80588125425777
3.120926526 51.805881254257784
3.6976002230000002 51.809660855233126
4.157950843 51.82287343242848
5.067984276 51.8299912148488
5.126041792 51.82999121484882
5.555527952 51.8469833930195
5.763000358 51.846983393019514
5.959175987 52.12965819155613
5.959236011 52.39942933827413
5.959392056 52.864344720253
5.959640801 52.905189660057474
5.960593341 53.06372050309646
5.960622682 53.148533649365774
5.960826168 53.32347993571281
5.961665632 53.323479935712825
5.961731607 53.37415573585167
5.97087187 53.42285212718238
6.084161147 53.422852127182395
6.532810452 53.42996990960272
6.548754827 53.46751117227987
6.721534601 53.467511172279885
8.758701135 53.774295931407536
8.758765236 54.04406707812555
8.758920497 54.50898246010442
8.759161761 54.54982739990889
8.760053205 54.70835824294787
8.760080388 54.79317138921719
8.760294875 54.96811767556423
8.760362266 55.01879347570308
8.770300859 55.067489867033785
9.320292330000001 55.0674898670338
11.515073969 55.37427462616145
11.51514657 55.64404577287945
11.51530553 56.10896115485832
11.515559588 56.14980609466281
11.516458639 56.30833693770178
11.516488763 56.39315008397111
11.516692361 56.568096370318145
11.516760514 56.61877217045699
11.623713559 56.61877217045701
14.189645122 56.92555692958466
14.18971321 57.19532807630267
14.189854914 57.66024345828154
14.190100918 57.70108839808603
14.190996539 57.859619241125
14.191023602 57.94443238739433
14.191210428 58.119378673741366
14.191279413 58.170054473880214
16.792470951 58.17846267997915
16.792533825 58.74661037972588
16.792694975 59.211525761704735
16.793513059 59.21152576170475
16.793750764 59.25237070150922
16.795247034 59.29509155932524
16.795429575 59.35987893917108
16.796110068 59.39693049181952
16.800541848 59.52945453434165
16.801283304000002 59.52945453434167
16.802456703 59.56978745288623
16.81018069 59.573151763426964
16.810257115 59.62116339192882
16.811947063 59.65877346584294
18.495376183 59.658773465842955
19.32903397 59.667181671941876
19.329088542 60.23532937168861
19.329233941 60.70024475366748
19.333646362 60.78381055128797
19.333819996 60.84859793113381
19.336838458 60.87157433496081
19.338824104 61.01817352630438
19.342712011 61.052932392384406
19.345566626 61.054674501728584
19.346330408 61.0546745017286
19.347430908 61.06187075538969
19.347506442 61.109882383891545
19.397685459 61.10988238389156
21.816759889 61.118290589990494
21.816837892 61.686438289737225
21.816997785 62.151353671716095
21.819588756 62.29970684918243
21.822498932 62.32268325300943
21.824480164 62.469282444353
21.828286328 62.504041310433024
21.831926287 62.5057834197772
21.833746823 62.51297967343831
21.834172303 62.528696392383665
21.834522303 62.56099130194016
23.870769532 62.56099130194018
24.240213536 62.56939950803908
24.240260582 63.137547207785815
24.240408186 63.6024625897647
24.242888363 63.75081576723103
24.245815429 63.773792171058034
24.250565518 63.847874132553315
24.25157548 63.95515022848164
26.579881891 63.96355843458058
26.579939664 64.53170613432731
26.580097986 64.99662151630618
26.582602138 65.14497469377251
26.585484336 65.16795109759951
26.595368767 65.34930915502311
28.911239215 65.35771736112204
28.911302013 65.92586506086877
28.91161343 66.33220124803164
28.913878328 66.53913362031398
28.916666309 66.56211002414098
28.927644024 66.58976043626502
28.927743223 66.62281342361241
28.943705143 66.67875980347897
31.161870399 66.6871680095779
31.161926187 67.25531570932462
31.162236423 67.6616518964875
31.162946984 67.66165189648751
31.164500178 67.86858426876984
31.167236304 67.89156067259682
31.167939594 67.89156067259684
31.178818947 67.91921108472089
31.178918042 67.95226407206826
31.222987751 67.95226407206827
33.320431065 67.96067227816721
33.320485195 68.52881997791394
33.320798586 68.93515616507679
33.322989499 69.14208853735913
33.32565067 69.16506494118612
33.326320194 69.16506494118613
33.336891721 69.19271535331016
33.420943643 69.19271535331018
35.376215444 69.20112355940911
35.376268996 69.76927125915584
35.376582131 70.17560744631871
35.378731737 70.38253981860105
35.381383931 70.40551622242803
35.382044701 70.40551622242805
35.40018353 70.41808483914141
37.383069722 70.42649304524035
37.383135533 70.99464074498708
37.383458853 71.40097693214994
37.385627663 71.60790930443228
37.388260453 71.63088570825929
37.537880661 71.6308857082593
39.320329906 71.63929391435822
39.320383403 72.20744161410497
39.320690526 72.61377780126783
39.322759479 72.82071017355017
39.337632942 72.84368657737717
41.189387883 72.85209478347609
41.189444406 73.42024248322284
41.189748206 73.8265786703857
41.191795992 74.03351104266804
41.209764805 74.03943885684775
41.570771221 74.03943885684777
43.011020441 74.04784706294669
43.011071583 74.61599476269342
43.011359521 75.02233094985628
43.014902167 75.22926332213862
43.03163643 75.23519113631833
43.667933274 75.23519113631835
44.782902882 75.24359934241727
44.782956107 75.81174704216401
44.78340136 75.94423791843438
44.784882457 76.06090363255537
44.785216602 76.42501560160922
44.910802492 76.42501560160923
46.506268674 76.43342380770814
46.506327905 77.00157150745488
46.506783284 77.13406238372525
46.508244528 77.25072809784623
46.509155937 77.26180171717922
46.509589929 77.3118206611037
46.511640558 77.59495703345432
46.579634839 77.59495703345434
46.746678249 77.59495703345435
48.156967564 78.17151293930002
48.157394121 78.30400381557037
48.159632244 78.43174314902436
48.160057488 78.48176209294883
48.162085403 78.76489846529945
49.747937349 79.34145437114512
49.748393278 79.47394524741549
49.751035754 79.65170352479394
49.754088566 79.65994425174098
49.761913984 79.88085063049434
51.286056006 80.45740653634
51.286459882 80.58989741261037
51.289003913 80.76765568998883
51.29264503 80.77589641693586
51.303132668 80.80362670033887
51.310606882 80.93035190379601
51.312969575 80.94921724092502
52.791920194 81.52577314677067
52.792355711 81.65826402304104
52.794904347 81.8360223004195
52.798511336 81.84426302736654
52.809308991 81.87199331076954
52.817021519 81.93194544560879
52.818549747 81.93677217343519
52.906439387 81.9367721734352
53.347833832 81.93677217343522
54.265318749 82.51332807928085
54.26575062 82.64581895555122
54.268244603 82.82357723292968
54.271736826 82.83181795987672
54.471372517 82.83181795987673
54.471808284 82.83181795987674
55.683151596 83.4083738657224
55.68359918 83.54086474199275
55.686024672 83.71862301937121
55.692115043 83.72071481804804
55.696242280999996 83.72129655680338
55.703693677 83.72686374631824
55.765167799 83.72686374631826
56.415516571 83.72686374631827
57.044186922 84.30341965216391
57.044602853 84.43591052843428
57.047010062 84.61366880581272
57.052949745 84.61576060448955
57.056976925 84.6163423432449
57.163812338 84.61634234324491
57.549125566 84.61634234324492
58.374234622 85.19289824909058
58.374682414 85.32538912536094
58.37707796 85.5031474027394
58.396664134 85.50314740273942
59.66160284 86.07970330858505
59.662016424 86.21219418485543
59.669976826 86.22978163226347
59.672331613 86.3511943937867
59.697660501 86.35119439378673
60.900624633 86.92775029963238
60.901001401 87.06024117590275
60.908773103 87.10930073542863
60.914584129 87.11096645847911
62.085012896 87.68752236432478
62.090921756 87.78021270150167
62.099792127 87.86907280012103
62.331697734 87.86907280012105
63.243723146 88.4456287059667
63.249636482 88.5383190431436
64.360535219 89.11487494898925
64.379040278 89.14154501208874
64.400256624 89.14154501208876
65.414343556 89.71810091793441
65.433278642 89.73454100833892
65.494484887 89.73454100833894
66.44024289 90.31109691418459
66.464092434 90.3110969141846
67.459589713 90.35300391245977
67.459697878 90.35858503467482
67.45975615 90.48231000742965
67.460103232 90.88765282003027
68.288773903 90.88765282003028
68.404159735 91.00634953183605
68.404250391 91.04252680306182
68.404933375 91.14571779123803
68.405085941 91.21794795891039
68.408225124 91.45563519245316
68.408660706 91.45563519245317
68.463371805 91.45563519245319
69.290058784 91.4556351924532
69.309380418 91.61050917548475
69.31005498 91.71370016366096
69.310357669 91.78593033133332
69.311192386 91.84109203584786
69.311641748 91.84109203584788
69.311683788 91.87615067540757
69.314613066 91.90376035080435
69.317752514 91.94725682891932
69.321528053 92.02132309247229
70.158773545 92.0213230924723
70.178210275 92.14001980427807
70.17832176 92.17619707550384
70.178983891 92.27938806368005
70.179119564 92.3516182313524
70.182614746 92.40677993586695
70.182723554 92.44183857542666
70.18418184 92.46944825082343
70.186802725 92.51294472893841
70.203662531 92.51294472893842
71.019106737 92.66781871196996
71.019731665 92.77100970014617
71.021350423 92.84323986781853
71.022103416 92.89840157233309
71.026019965 92.96106988728955
71.036808206 92.96106988728957
71.069350545 92.96106988728958
71.435970861 92.9610698872896
71.822435538 93.11594387032115
71.82305326 93.21913485849736
71.823321079 93.2913650261697
71.826181335 93.34652673068427
71.827679516 93.40919504564074
71.853873958 93.40919504564076
72.584075295 93.52789175744651
72.584175614 93.56406902867228
72.584773923 93.66726001684849
72.584906308 93.73949018452085
72.588245924 93.76411368044919
72.595331237 93.81225177755663
72.668046458 93.81225177755664
72.696754659 93.81225177755665
73.310826603 93.93094848936241
73.310925794 93.96712576058817
73.311527294 94.07031674876438
73.311658273 94.14254691643674
73.314917576 94.16717041236508
73.384891611 94.1671704123651
73.834881766 94.16717041236511
74.016233018 94.32204439539663
74.016787904 94.42523538357283
74.017039497 94.4974655512452
74.031247375 94.49746555124521
74.244761912 94.49746555124523
74.683328032 94.61616226305101
74.683423907 94.65233953427678
74.683975567 94.75553052245299
74.694161098 94.76017006857852
74.694936599 94.81107831825086
74.84612442 94.81107831825088
75.319595438 94.96595230128243
75.320082511 95.0325426035118
75.323041037 95.03549499226897
75.327485702 95.06914328945864
75.330063889 95.07378283558417
75.476860885 95.07378283558418
75.929150202 95.22865681861573
75.929717012 95.33184780679194
76.134139686 95.33184780679196
76.508166903 95.45054451859772
76.508422999 95.45054451859774
76.508483113 95.48027982667719
76.508591117 95.55331209205286
76.511442063 95.55626448081004
76.517898935 95.57846897410352
76.958632116 95.57846897410353
77.060549146 95.6971656859093
77.062306034 95.72690099398875
77.063229824 95.75601008762716
77.065572161 95.79993325936442
77.313240334 95.79993325936444
77.567885918 95.79993325936445
77.585234735 95.91862997117022
77.58547935 95.91862997117023
77.588354785 95.9774743728881
78.082782 96.09617108469388
78.083029402 96.09617108469389
78.086265739 96.09807301060087
78.086867846 96.13760438718894
78.088036721 96.14991544007775
78.55833839 96.26861215188356
78.56190615 96.27051407779051
78.56248049 96.3100454543786
78.564820978 96.32690772767886
78.798174455 96.32690772767887
79.018073711 96.44560443948465
79.020885568 96.44750636539162
79.021464864 96.48703774197969
79.025587231 96.4870377419797
79.099850739 96.48703774197972
79.446955673 96.6057344537855
79.450241917 96.60763637969247
79.454542555 96.63628157291465
79.707630021 96.63628157291467
79.854335594 96.75497828472044
79.856831824 96.76854473820764
79.86083314 96.82525345938365
79.868803601 96.82525345938366
80.16050084 96.82525345938367
80.238352669 96.94395017118943
80.238561146 96.94395017118944
80.241045011 96.94585209709642
80.586772474 97.0645488089022
80.58695888 97.06454880890222
80.72517231 97.06454880890223
80.914894954 97.183245520708
80.917374974 97.1960214697945
81.16020497 97.19602146979452
81.222278504 97.31284621366623
81.222400938 97.31471818160028
81.311864524 97.3147181816003
81.516527532 97.37049741602233
81.516852601 97.40081953391959
81.522547499 97.43328555904931
81.594784719 97.43328555904932
81.709391822 97.43328555904934
81.793376837 97.49396712341886
81.796699671 97.52432758518104
81.796773454 97.54999422449306
81.808483013 97.54999422449308
81.967681387 97.54999422449309
82.051918021 97.60577345891512
82.052176967 97.63609557681238
82.066143613 97.6360955768124
82.194379511 97.63609557681241
82.29266933 97.69677714118194
82.352568187 97.69677714118195
82.519424185 97.73564839447796
82.52126398 97.73953765018742
82.546896165 97.73953765018743
82.722436236 97.73953765018744
82.730183389 97.77840890348347
82.731680192 97.78727850898265
82.82924178 97.78727850898267
82.925525524 97.82614976227867
82.932783634 97.82614976227869
82.951244711 97.8261497622787
83.106940758 97.96282652884642
83.114205091 97.96282652884643
83.280004287 97.99599527546961
83.365406575 97.99599527546962
83.438923638 97.99833248791005
83.459497922 97.99833248791006
83.574960746 97.99833248791008
83.583044641 98.28813553574065
83.596627528 98.28813553574066
83.711289207 98.28813553574068
83.717530053 98.43471970826499
83.722648805 98.434719708265
84.06424217 98.46717864112135
84.323721506 98.65084405009388
84.325129121 98.6508440500939
84.395391957 98.7419124120749
84.403306001 98.74191241207491
