0.0003533 54.06796644277745
0.00046306 54.86426238714261
0.000506551 54.90542823487808
0.000654495 54.96266255781508
0.000817265 55.011283554686855
0.001141291 55.21833900155127
0.004190604 55.34345976507271
0.005267192 55.54294457656286
0.005444317 55.61025236479664
0.005885089 55.988278722411536
0.014685654 56.0206221539636
0.015721411 56.02062215396361
0.040145086 56.113481534797444
0.079539744 56.242589108045124
0.079579654 56.283754955780594
0.079693615 56.34098927871759
0.079824046 56.38961027558937
0.080087685 56.596665722453785
0.082461199 56.72178648597522
0.083307192 56.921271297465374
0.08346068 56.98857908569915
0.083816953 57.36660544331405
0.090686816 57.398948874866115
0.091524133 57.39894887486612
0.110742193 57.49180825569996
0.171593942 57.491808255699965
0.233155511 57.504045721369906
0.415789578 57.50404572136991
0.595616134 57.518768399703085
0.714591898 57.53154400616479
0.724891802 57.5315440061648
0.894492388 57.53154400616481
0.955922068 57.534973737958246
0.965829572 57.53497373795825
1.075744814 57.536120915978216
1.085431262 57.53612091597822
1.196710737 57.536827460465936
1.20658865 57.53682746046594
1.256547962 57.53763975492028
1.375389267 57.541629941501796
1.385346663 57.5416299415018
1.4983303590000001 57.558814944618234
1.508336553 57.55881494461824
1.618740044 57.56608435870537
1.6886103540000001 57.566084358705375
1.7391574250000001 57.569955694945605
1.748640361 57.56995569494561
1.8586188620000001 57.581924198836106
1.928737656 57.58192419883611
1.978705315 57.6014107310926
2.212137373 57.6132550899118
2.221968964 57.61325508991181
2.27137043 57.61325508991182
2.331160085 57.61589483146653
2.341021525 57.615894831466534
2.51085224 57.61589483146654
2.6716258330000002 57.618998807008815
2.691599006 57.71185818784265
2.701602706 57.71185818784266
2.933843069 57.7137768184167
3.084380138 58.05527197613603
3.084425886 58.0964378238715
3.084550865 58.15367214680849
3.084692008 58.202293143680265
3.084947482 58.40934859054468
3.087313414 58.53446935406612
3.088134301 58.73395416555627
3.088284857 58.801261953790046
3.088693477 58.92108196979741
3.090977403 59.06585791381973
3.093348994 59.10118428620696
3.095350414 59.21163174295701
3.09613732 59.21163174295702
3.114254934 59.211631742957024
3.117765639 59.213550373531056
3.211771294 59.214271484511734
3.230194289 59.21427148451175
3.233777793 59.21619011508578
3.579452976 59.21619011508579
4.15257625 59.31023484088786
4.271554117 59.310234840887865
4.385909512 59.312153471461905
4.740426686 59.31215347146191
5.965491545 59.752251727112075
5.965543794 59.793417574847545
5.965671005 59.85065189778454
5.965820549 59.8992728946563
5.966085413 60.10632834152073
5.968455345 60.23144910504217
5.9692463270000005 60.43093391653232
5.969395331 60.498241704766095
5.969817902 60.618061720773476
5.96994749 60.620399048599815
5.972104724 60.762837664795775
5.9744439719999995 60.79816403718301
5.974573079 60.810008396002225
5.99827475 60.910530124507105
7.156073908 60.91053012450711
8.775847851 61.35254701073132
8.775911388 61.39371285846679
8.776044449 61.4509471814038
8.776196641 61.49956817827556
8.776479962 61.706623625139976
8.778781106 61.83174438866143
8.779561624 62.03122920015158
8.779710583 62.098536988385355
8.78013863 62.21835700439272
8.780269599 62.220694332219075
8.782408002 62.363132948415036
8.784719785 62.39845932080227
8.784849735 62.41030367962147
9.479150879 62.41030367962148
11.511876462 62.85232056584568
11.511928513 62.89348641358115
11.51205973 62.95072073651816
11.512204396 62.99934173338992
11.512447368 63.20639718025435
11.514703359 63.331517943775786
11.515506542 63.53100275526594
11.515655826 63.598310543499714
11.5160595 63.71813055950708
11.518248801 63.862906503529395
11.54503448 63.86677783976965
11.551819537 63.89823287591663
12.838582361 63.898232875916634
14.192869428 64.34024976214083
14.192927287 64.3814156098763
14.193064048 64.43864993281329
14.195196217 64.48727092968507
14.195450061 64.69432637654948
14.197619587 64.81944714007093
14.198368326 65.01893195156109
14.198513501 65.08623973979486
14.199698495 65.10372693105994
14.200798729 65.14751095925044
14.20103945 65.35083569982454
14.227043482 65.35470703606478
14.53976555 65.3547070360648
16.794217788 65.796723922289
16.794276491 65.83788977002447
16.794406485 65.89512409296147
16.794553135 65.94374508983324
16.794794495 66.15080053669766
16.797228472 66.20607794975602
16.797656241 66.2759213002191
16.797695246 66.47540611170925
16.79783296 66.54271389994302
16.799010817 66.5602010912081
16.799734603 66.56020109120811
16.800110749 66.6039851193986
16.800838816 66.60398511939862
16.800942031 66.6562229374783
16.815940122 66.7780529617333
16.818008493 66.77886525618761
18.093458556 66.77886525618763
19.324138979 67.22088214241182
19.324200959 67.2620479901473
19.324329345 67.31928231308429
19.326258115 67.36790330995606
19.326594517 67.468087510425
19.328844829 67.63023616987883
19.329245106 67.70007952034192
19.329282185 67.89956433183207
19.329420858 67.96687212006584
19.330546204 67.98435931133092
19.331262054 67.98435931133093
19.331612764 68.02814333952142
19.331713678 68.08038115760111
19.34709022 68.20221118185611
21.797982431 68.64422806808034
21.798032416 68.68539391581581
21.798156937999998 68.74262823875279
21.798296517 68.79124923562455
21.798613692 68.89143343609348
21.800939448 69.05358209554734
21.801351964 69.12342544601042
21.801393469 69.32291025750058
21.801535811 69.39021804573434
21.802673993 69.40770523699942
21.803388463 69.40770523699945
21.803823438 69.50372708326961
21.823828553 69.54292808818857
21.823916326 69.60749804676175
21.840419243 69.62370338501692
24.213231542 70.06572027124112
24.213294459 70.10688611897659
24.213425744 70.1641204419136
24.213575 70.21274143878536
24.213928246 70.31292563925429
24.216594556 70.74440246066136
24.216751139 70.81171024889515
24.217889489 70.82919744016023
24.21973318 70.92521928643042
24.244480733 70.96442029134938
24.24743084 71.02899024992256
26.544358043 71.47100713614678
26.544412911 71.51217298388225
26.544537569 71.56940730681926
26.544679767 71.61802830369102
26.544982198 71.71821250415995
26.547629195 72.14968932556705
26.547774417 72.21699711380082
26.548879542999998 72.23448430506589
26.568314314 72.28572531403115
28.821117842 72.72774220025535
28.821171 72.76890804799082
28.821291494 72.82614237092783
28.82143067 72.87476336779959
28.821744597 72.97494756826852
28.824335599 73.40642438967559
28.824484553 73.47373217790938
28.825567397 73.49121936917446
28.842772991 73.5373374269431
29.42309604 73.53733742694313
31.028046889 73.97935431316732
31.028108137 74.02052016090279
31.028236561 74.0777544838398
31.028387106 74.12637548071156
31.02871316 74.22655968118049
31.03124609 74.65803650258756
31.031395896 74.72534429082135
31.032476775 74.74283148208643
33.209872858 74.74283148208646
33.249182548 75.18484836831065
33.249225015 75.22601421604612
33.249342662 75.28324853898313
33.249476167 75.33186953585489
33.249757052 75.43205373632382
33.252291968 75.8635305577309
33.252432694 75.93083834596469
33.253497094 75.94832553722974
33.822555973 75.94832553722976
35.314400892 76.006934261896
35.31444078 76.32591218362255
35.314464853 76.43150827118946
35.314584182 76.48874259412644
35.314708256 76.5373635909982
35.315036744 76.63754779146716
35.317449938 77.06902461287423
35.317597499 77.13633240110799
36.582845499 77.13633240110802
37.338016943 77.19494112577426
37.338060301 77.5139190475008
37.338083975 77.61951513506769
37.338203185 77.67674945800469
37.338327859 77.72537045487645
37.338614686 77.82555465534539
37.341039228 78.25703147675249
37.341181266 78.32433926498625
38.563824638 78.32433926498628
39.268246112 78.45510502359285
39.268295948 78.70192591137904
39.268319582 78.80752199894592
39.268550525 78.91337731875468
39.268845672 79.01356151922361
39.273141339 79.34014298910394
39.27326205 79.38645646113942
39.275984284 79.42867958643417
39.279181084 79.4497458998686
39.298938242 79.48156064938856
39.52509724 79.48156064938858
41.170968591 79.61232640799518
41.171019212 79.8591472957814
41.171042863 79.96474338334828
41.171269634 80.07059870315705
41.173290756 80.13400047363739
41.175730512 80.16062182409406
41.175843503 80.4973643735063
41.175962231 80.54367784554178
42.330418234 80.54367784554181
43.000955304 80.67444360414838
43.001013793 80.9212644919346
43.001037472 81.02686057950145
43.001265774 81.13271589931021
43.005671803 81.22273902024723
43.005769326 81.55948156965947
43.006098569 81.57681957988048
43.067479877 81.5768195798805
44.771518742 81.7075853384871
44.771580953 82.06000231384017
44.771800593 82.16585763364894
44.776818089 82.20862129747753
44.776928843 82.39333103003672
44.777290557 82.53513845793309
44.78674171 82.58468071015984
46.478058291 82.71544646876642
46.478120374 83.06786344411948
46.478329416 83.17371876392825
46.478931591 83.17371876392828
46.483218078 83.21648242775684
46.483319774 83.40119216031603
46.483673126 83.5429995882124
46.507075925 83.54299958821242
48.138721145 83.67376534681905
48.138783288 84.02618232217212
48.139002113 84.13203764198089
48.143846264 84.17480130580948
48.144506356 84.35951103836867
48.145576813 84.36130760496197
48.145601735 84.36899947014605
48.161380984 84.38204731762606
48.165322323 84.39799717847897
49.20754243 84.397997178479
49.73554684 84.52876293708557
49.735832045 84.98703523224741
49.742066121 84.99385096298236
49.742103894 85.22399706041257
49.74261436 85.2239970604126
49.760021787 85.23704490789258
49.790675384 85.23704490789261
51.275362769 85.36781066649921
51.275624597 85.82608296166104
51.27616452 85.82608296166107
51.281848995 85.832898692396
51.281889527 86.06304478982624
51.987395093 86.06304478982626
52.77363763 86.19381054843286
52.77369693 86.54622752378593
52.773896719 86.6520828435947
52.778462742 86.69484650742329
52.780041806 86.88135280657578
52.780068778 86.88904467175989
54.213696337 87.01981043036646
54.214227638 87.10572355902424
54.214338348 87.37222740571953
54.220156246 87.46042287149588
54.222311338 87.52084638935689
54.222862563 87.59242906699323
54.223048655 87.61285018219571
54.235124971 87.64505459970259
54.238629361 87.651863985974
54.458595798 87.65186398597403
55.637921991 87.7826297445806
55.637989892 88.13504671993367
55.642589828 88.28366570357103
55.646953262 88.35524838120737
55.647127831 88.37566949640983
55.659249886 88.40787391391673
55.68614703 88.40787391391676
56.499508068 88.40787391391679
56.994097076 88.53863967252336
56.994155246 88.89105664787645
56.998673416 89.03967563151382
57.002976838 89.11125830915013
57.00313535 89.13167942435261
57.029539488 89.13167942435264
58.308232849 89.26244518295924
58.30870562 89.34835831161702
58.308839737 89.6148621583123
58.314360387 89.70305762408863
58.316422793 89.76348114194967
58.31709458 89.80734634586771
58.394167096 89.80734634586774
59.578505407 89.93811210447434
59.578566063 90.29052907982741
59.582916088 90.43914806346477
59.611353964 90.4391480634648
60.794544987 90.5699138220714
60.795052366 90.6558269507292
60.795770575 90.71191020801469
60.796193738 90.77740587089205
60.800518210999996 90.8687303856663
60.800677252 91.01052626320082
61.974260654 91.14129202180744
61.974719866 91.22720515046522
61.977180645 91.28328840775073
61.977618452 91.34878407062807
61.981482221 91.44010858540231
61.981660742 91.47579650025371
61.988414375 91.49159513259939
62.238027938 91.49159513259941
63.120091117 91.62236089120599
63.120553665 91.7082740198638
63.121253173 91.7643572771493
63.121650185 91.82985294002664
63.125615762 91.92117745480088
63.125779577 91.95686536965225
63.132337719 91.97266400199796
64.15450621 91.97266400199798
64.221449241 92.10342976060458
64.221921682 92.18934288926236
64.222600442 92.24542614654787
64.223031386 92.31092180942521
64.226830313 92.40224632419948
64.227001725 92.43793423905085
65.271948971 92.56869999765745
65.272457431 92.60422113716807
65.272483473 92.63327107069183
65.273119106 92.71069638360076
65.273495773 92.7761920464781
65.27861153 92.89188418268789
65.32003662 92.89188418268792
66.277692811 93.02264994129455
66.278210694 93.08722101432893
66.278837148 93.16464632723783
66.279221702 93.23014199011517
66.292073537 93.23384512181111
67.259767789 93.36461088041771
67.260276438 93.42918195345213
67.262638335 93.57210292923837
68.211396389 93.702868687845
68.211878677 93.76743976087938
68.21551726 93.81291155414833
68.217379742 93.82849666021097
68.220474904 93.85646368204844
68.220723334 93.8951150369514
68.220909545 93.9046612424991
68.25693342 93.90466124249913
69.105677621 94.03542700110573
69.106128491 94.09999807414012
69.107135854 94.1890219953092
69.118496343 94.22767335021216
69.26967646 94.22767335021219
69.972762686 94.3584391088188
69.973203214 94.42301018185319
69.977529469 94.42703692146534
69.979890965 94.48406708118478
69.981199275 94.51203410302224
69.989119637 94.51203410302226
69.998099482 94.51203410302227
70.489278741 94.51203410302229
70.802282736 94.64279986162889
70.802751236 94.70737093466327
70.806986237 94.71139767427543
70.809286708 94.76842783399486
70.812337253 94.77789028311783
71.224101394 94.77789028311784
71.544694287 94.77789028311786
71.594936452 94.90865604172446
71.595370354 94.97322711475884
71.596699967 95.01957062797149
71.602148305 95.03428401409043
71.678425682 95.03428401409046
72.347864927 95.16504977269707
72.348316854 95.22962084573146
72.353634749 95.23364758534362
72.357226978 95.27596435894412
72.360479749 95.28301201660543
72.922352535 95.28301201660544
73.074691504 95.41377777521205
73.075131131 95.47834884824644
73.076141671 95.5246923614591
73.08816947 95.5313090615529
73.772281919 95.66207482015949
73.772691136 95.72664589319388
73.776564366 95.73067263280603
73.781579391 95.73273856895898
73.782969344 95.77298940640654
73.800823183 95.77298940640655
74.256942472 95.77298940640657
74.442982599 95.90375516501317
74.443390652 95.96832623804755
74.447229156 95.97235297765971
74.452159334 95.97441891381266
74.453323152 96.01179725987072
74.453529374 96.01179725987073
74.517952181 96.01179725987075
75.080367332 96.14256301847736
75.080806672 96.20713409151175
75.084451096 96.2111608311239
75.08900866 96.21322676727682
75.113510227 96.21322676727685
75.707524021 96.34399252588345
75.707903572 96.40856359891784
75.766210177 96.40856359891785
76.283169445 96.53512473697954
76.283820025 96.53670324754229
76.286473707 96.54848838136014
76.288075212 96.55433982466023
76.376571775 96.55433982466025
76.837247983 96.68090096272192
76.837747585 96.6824794732847
76.84025006 96.69426460710253
77.369958319 96.8208257451642
77.370433699 96.82240425572698
77.873240106 96.8990833370749
77.8737076 96.9023293061328
77.87539848 96.90497798876277
77.875756569 96.9105786820765
77.87697624 96.93262680636633
77.8803055 96.93609652152335
78.354726825 97.01277560287127
78.355193688 97.0160215719292
78.356848625 97.01867025455914
78.357185458 97.02427094787288
78.358869563 97.0463190721627
78.806138359 97.12299815351062
78.808211365 97.12889280519849
78.808562466 97.13449349851223
78.809896757 97.19120226838416
79.229896272 97.26788134973208
79.231872363 97.27377600141995
79.232209039 97.27937669473366
79.233255893 97.62239472231443
79.633341517 97.69907380366234
79.633754026 97.70231977272027
79.63523492 97.70496845535021
79.635543044 97.71056914866395
79.640610987 97.71091617479553
79.663701555 97.71091617479556
80.01728836 97.78759525614345
80.017688003 97.79084122520138
80.019043778 97.79348990783134
80.019331175 97.79909060114505
80.26885572 97.79909060114508
80.364637175 97.875769682493
80.366343941 97.88166433418087
80.69323366 97.95834341552879
80.693576538 97.96158938458669
80.768074503 97.96158938458672
80.997342583 97.9914806352862
81.002288909 98.01991588394219
81.003092478 98.0199158839422
81.265612398 98.01991588394222
81.289718116 98.0498071346417
81.29445537 98.188260703577
81.388293651 98.18826070357703
81.562876719 98.2042553422089
81.56439824 98.21815195427651
81.819617464 98.2820190149795
82.057588575 98.28964619616265
82.058547126 98.28964619616268
82.05990953 98.29801365361139
82.283208865 98.30564083479454
82.287680894 98.30564083479457
83.194601408 98.41444574859462
83.197843145 98.41444574859463
83.202003488 98.41444574859464
84.402619919 98.4603059940849
84.496499763 98.47441446458738
84.501942239 98.47441446458741
84.536410973 98.88688119337243
84.564627914 98.89451609903556
