0.000357841 47.78184993515364
0.000468338 48.267587543577584
0.000497053 48.43181255925996
0.000538362 48.45248693078157
0.000639344 48.60721156872473
0.000892476 48.687820113074785
0.001093404 48.880586996145105
0.002128515 48.96186345256452
0.00224226 49.178573935900225
0.002632628 49.473986427805436
0.078869669 49.83601801708706
0.078897905 50.000243032769454
0.078931994 50.02091740429106
0.07900848 50.17564204223422
0.07935922 50.4490174696546
0.08019988 50.530293926074016
0.080295764 50.74700440940972
0.080614799 51.04241690131493
0.142530821 51.04241690131494
0.262479411 51.05336660891562
0.26331185 51.053366608915624
0.323197409 51.05653132085515
0.323997079 51.05653132085516
0.444630239 51.065781861826146
0.506563133 51.06578186182615
0.566408434 51.065988478702316
0.567196222 51.06598847870232
0.627565675 51.06707846343407
0.745763051 51.072472015464065
0.746565498 51.07247201546407
0.806250173 51.07247201546408
0.866095941 51.081910758583284
1.134297843 51.08194436004754
1.161707238 51.081944360047544
1.219608058 51.08218864273267
1.45875742 51.08423021946003
1.459537104 51.08423021946004
1.517436504 51.08450505643919
1.637485796 51.0845050564392
1.753523245 51.09188442481749
1.8732389870000001 51.092178032236085
1.874024598 51.09217803223609
2.053279441 51.0921780322361
2.104329908 51.092178032236106
2.113036422 51.127332087449254
2.113819593 51.12733208744926
2.172843569 51.12733208744927
2.342227529 51.127332087449275
2.3509342650000002 51.15261309487219
2.402297386 51.152613094872194
2.41230328 51.16374840925977
2.53095121 51.181968943575775
2.531762754 51.18196894357578
2.650365297 51.224552595572995
2.773383597 51.275912161118505
2.774196808 51.27591216111851
2.864854418 51.308085862756585
2.890977602 51.3080858627566
3.068684967 51.79144895998306
3.068718408 51.95567397566545
3.068755806 51.97634834718704
3.068844902 52.13107298513022
3.069065949 52.21168152948027
3.069267398 52.32438777619727
3.072901127 52.67943190661208
3.073068408 52.78194001369043
3.077525571 52.8170940689036
3.078240896 52.96567414257285
3.194616736 52.98389467688885
3.220574828 53.01606837852694
4.11030467 53.026478328886064
4.226643665 53.02647832888607
4.373719511 53.058652030524144
4.513624377 53.05865203052416
5.26174228 53.11001159606967
5.948708703 53.65417887960937
5.948749358 53.818403895291745
5.948774466 53.87964798966747
5.94888102 53.993802904756514
5.94910856 54.074411449106584
5.949263474 54.26717833217689
5.951326438 54.50607859248448
5.9514554539999995 54.52427720720434
5.95222721 54.64466993331671
5.984875786 54.705104995952816
5.985265695 54.734460844656404
5.999833185 54.86057776383723
8.747377745 55.48827831456053
8.747432689 55.65250333024291
8.747458723 55.71374742461863
8.747574411 55.82790233970768
8.747805696 55.90851088405775
8.747959853 56.10127776712805
8.750020603 56.34017802743564
8.750149954 56.358376642155505
8.750927211 56.478769368267876
8.782425698 56.53920443090398
8.782813578 56.56856027960757
11.473954029 57.19626083033086
11.473997039 57.36048584601323
11.474021688 57.42172994038896
11.474121699 57.53588485547802
11.47434196 57.61649339982807
11.47450187 57.80926028289838
11.476483049 58.04816054320597
11.476610882 58.06635915792583
11.479973354 58.17907890824132
12.437295531 58.17907890824134
14.142062402 58.80677945896464
14.14211763 59.03224856902273
14.142216322 59.14640348411179
14.144545067 59.22701202846184
14.144674391 59.41977891153216
14.146529658 59.65867917183975
14.146657777 59.6768777865596
14.153218056 59.730607517640394
14.153336143 59.76162380129104
14.156231031 59.77087434226203
14.162183236 59.78959753687508
14.243341984 59.78959753687509
16.73114947 60.41729808759838
16.731206372 60.64276719765648
16.731309471 60.75692211274553
16.731530425 60.8375306570956
16.73167966 61.030297540165904
16.733596251 61.26919780047349
16.733724801 61.287396415193356
16.740438279 61.34112614627416
16.74055908 61.37214242992481
16.743404792 61.38139297089579
16.763381368 61.38159958777197
19.246094428 62.00930013849526
19.246153994 62.23476924855336
19.246253204 62.34892416364241
19.24857059 62.42953270799248
19.248712229 62.622299591062784
19.250529509 62.86119985137037
19.250639613 62.87939846609024
19.257051118 62.93312819717103
19.257167784 62.96414448082167
19.259959868 62.97339502179267
19.285336512 62.97339502179268
21.696237788 63.60109557251599
21.696298947 63.82656468257407
21.69640366 63.94071959766313
21.696621603 64.02132814201319
21.696772628 64.21409502508351
21.698674261 64.42232726574927
21.69878669 64.47119390011095
21.705107212 64.52492363119175
21.705225656 64.5559399148424
24.079452865 65.18364046556569
24.07950983 65.40910957562377
24.079607993 65.52326449071283
24.079807217 65.60387303506289
24.079953428 65.79663991813321
24.08180369 66.0355401784408
24.081913515 66.05373879316065
24.088198458 66.10746852424145
24.101525505 66.12437038835188
24.102144976 66.13532009595257
26.405264908 66.76302064667587
26.405330339 66.98848975673397
26.405431984 67.10264467182301
26.405650822 67.18325321617309
26.4058007 67.3760200992434
26.40764195 67.58425233990918
26.407752223 67.63311897427086
26.413945391 67.68684870535165
26.48736998 67.68684870535166
28.668860777 68.31454925607495
28.668916361 68.54001836613305
28.669017955 68.6541732812221
28.669232043 68.73478182557217
28.669379561 68.92754870864249
28.671190025 69.13578094930826
28.671302808 69.18464758366993
28.679261752 69.21450727077216
30.907731066 69.84220782149548
30.907786444 70.06767693155358
30.907885738 70.18183184664262
30.908097018 70.26244039099268
30.90846899 70.33289280970013
30.909998482 70.66343951472875
30.910106439 70.71230614909044
33.115669594 71.44349268323523
33.115749663 71.56547580987183
33.115852131 71.67963072496089
33.116055548 71.76023926931096
33.116429301 71.8306916880184
33.12446918 71.90630360073385
33.125401665 72.20579558909535
33.153817567 72.21010502740873
35.210940726 72.94129156155353
35.211021668 73.06327468819012
35.211127116 73.17742960327917
35.211347771 73.25803814762924
35.211715117 73.32849056633667
35.220005788 73.40410247905213
35.222109667 73.65073707476633
35.222291429 73.65894373570563
35.222547654 73.70359446741362
37.202393637 74.43478100155842
37.202465302 74.55676412819501
37.202555261 74.67091904328406
37.202762527 74.75152758763413
37.203120488 74.82198000634158
37.219973725 74.89228226178794
37.224536308 75.0667173325623
37.224917507 75.14422651477123
37.22553827 75.1550831139453
39.126635822 75.88626964809009
39.126727781 76.00825277472667
39.126833451 76.12240768981572
39.127057179 76.20301623416579
39.127427868 76.27346865287322
39.144476729 76.3437709083196
39.148969356 76.51820597909396
39.149327726 76.59571516130289
39.156461216 76.6039218222422
39.664142957 76.60392182224221
40.995115669 77.335108356387
40.99518698 77.45709148302359
40.995287198 77.57124639811263
40.995467179 77.6518549424627
40.995823758 77.72230736117015
41.011254031 77.79260961661652
41.015719777 77.96704468739088
41.016277959 77.9670446873909
42.805230274 78.6982312215357
42.805302427 78.8202143481723
42.805396327 78.93436926326135
42.805895719 79.08543022631885
42.82213422 79.15573248176523
42.829229279 79.33016755253958
43.632273542 79.33016755253959
44.551710713 80.06135408668437
44.551788476 80.18333721332098
44.551919642 80.29749212841003
44.55244768 80.44855309146752
44.571680825 80.47159313474027
44.578081658 80.58673038323998
44.85544895 80.58673038324
46.255614663 81.3179169173848
46.255693859 81.43990004402137
46.255790926 81.55405495911045
46.256292494 81.70511592216793
47.31147088 81.70511592216795
47.901799455 82.43630245631276
47.901885333 82.55828558294935
47.901989709 82.6724404980384
47.917984115 82.68727070848003
47.921912183 82.79692902433636
48.341846268 82.7969290243364
49.503224881 83.06656126119123
49.503299218 83.08454756326131
49.503619489 83.36002247663073
49.505355004 83.3791790849295
49.50538218 83.52811555848118
49.506510042 83.67189972876363
49.50710787 83.67189972876365
49.510475617 83.74462817991112
49.511000181 83.74462817991113
49.513592187 83.76425360020681
49.519557116 83.77908381064846
49.523953863 83.80097682412061
51.044745979 84.07060906097547
51.044834198 84.08859536304556
51.045163914 84.1143231089322
51.046669749 84.20121796283334
51.04690802 84.53216335826541
51.048053339 84.67594752854788
51.051941466 84.74867597969536
51.054990269 84.76830139999106
51.060242209 84.78313161043268
51.065966154 84.78313161043269
51.15691117 84.7831316104327
52.561252043 85.5143181445775
52.561324807 85.63630127121408
52.561414852 85.75045618630313
52.576269254 85.76528639674476
52.606094012 85.76528639674477
52.699711541 85.76528639674478
54.008665877 86.03491863359963
54.008738377 86.05290493566972
54.0090343 86.07863268155634
54.010630744 86.08711269162146
54.010705948 86.49647293088958
54.011750608 86.64025710117204
54.015530293 86.71298555231951
54.016003479 86.71298555231952
54.018444873 86.73261097261522
54.237831047 86.73261097261523
55.441125016 86.79552694903748
55.441395157 87.01761039160202
55.441840284 87.14168554547147
55.443768341 87.24690177194228
55.444253778 87.24690177194229
55.444358294 87.6075816770425
55.44811684 87.68031012818999
56.326471888 87.68031012819
56.801105178 87.74322610461223
56.801326964 87.96530954717677
56.801657705 88.08938470104621
56.803492809 88.19460092751704
56.804047882 88.55528083261726
56.807713209 88.62800928376474
57.211072057 88.62800928376475
58.11580535 88.69092526018699
58.116024846 88.91300870275154
58.116357007 89.03708385662097
58.118389086 89.05177443739726
58.118957074 89.11258360101566
58.123713882 89.13481260738332
58.125047488 89.15158649797588
58.125183718 89.16974784706697
58.131953542 89.17749103489675
58.135313478 89.36180159754637
59.399243286 89.42471757396862
59.399459553 89.64680101653316
59.399771495 89.7708761704026
59.401779763 89.78556675117888
59.402329156 89.84637591479728
59.402789497 89.84637591479729
59.409069028 89.90354016084859
59.419407953 90.0899219015869
60.056597329 90.08992190158692
60.626756676 90.35955413844177
60.627079862 90.3637289046389
60.629140422 90.47771036955774
60.629327117 90.5136870552194
60.629842439 90.57449621883782
60.630290734 90.57449621883784
60.636241337 90.63166046488914
61.249284038 90.63166046488915
61.805743503 90.6945764413114
61.805892872 90.7281990177712
61.808041812 90.91665988387592
61.808311442 91.04073503774538
61.810117831 91.05542561852164
61.810625046 91.11623478214005
61.811024844 91.11623478214007
61.823663141 91.15348982796333
62.415141101 91.15348982796334
62.950705922 91.21640580438559
62.9508696 91.2500283808454
62.951245459 91.56256440081957
62.95360072 91.63806414521424
62.954035909 91.63806414521426
63.48007666 91.63806414521427
64.060819697 91.70098012163652
64.060981284 91.73460269809631
64.061282648 92.0471387180705
64.063587409 92.12263846246518
65.112129907 92.21917701534721
65.112443736 92.53171303532139
65.118792097 92.56491843630066
65.132423559 92.5968073024417
65.377400836 92.59680730244172
66.134875144 92.69334585532376
66.135464996 92.81060803573229
66.136890256 92.98459577041254
66.141556408 93.0390872762772
66.386674148 93.03908727627721
66.749142202 93.03908727627723
67.138560076 93.13562582915925
67.139124696 93.2528880095678
67.14180411 93.42687574424804
67.150365118 93.43646207288853
67.439969611 93.43646207288855
68.104833998 93.5330006257706
68.105359839 93.65026280617913
68.106745525 93.82425054085937
68.771793549 93.82425054085938
69.01151793 93.92078909374143
69.012058479 94.03805127414995
69.01243175 94.03805127414996
69.013440094 94.09230916170242
69.017395086 94.10087876974026
69.020892134 94.16170542912641
69.02125524 94.16170542912643
69.87833392 94.48364133387962
69.88980289 94.49916031739347
70.703273153 94.82109622214668
70.801036243 94.82109622214669
71.518941158 94.86018385918403
71.520227764 94.86642330168182
71.520895114 94.88627710981798
71.521222228 95.08915484298971
71.52493359 95.09772445102756
71.525286218 95.09772445102757
72.273516747 95.13681208806491
72.274644976 95.14305153056272
72.277355223 95.21201730410425
72.278447557 95.31320539184863
72.279330616 95.35156381068076
72.288370351 95.36578307187061
72.289062607 95.37153145407957
72.30390248 95.37153145407959
73.006556575 95.41061909111691
73.007642576 95.41685853361473
73.009734799 95.48582430715625
73.011023319 95.50857341374352
73.011105991 95.58701239490063
73.012001333 95.62537081373276
73.020119775 95.63959007492261
73.477073204 95.63959007492262
73.703500033 95.67867771195993
73.704561024 95.68491715445775
73.706765487 95.7538829279993
73.707799173 95.85507101574366
73.708629163 95.8934294345758
73.908656055 95.89342943457581
74.370315036 95.93251707161313
74.371375826 95.93875651411095
74.373371484 96.00772228765247
74.37461786 96.03047139423974
74.376280384 96.07948656581193
74.37674063 96.0853035515754
74.377034317 96.14136889677265
74.377395919 96.14172934508237
74.873951554 96.14172934508238
75.007236135 96.18081698211971
75.008291526 96.1870564246175
75.01025761 96.25602219815904
75.011425361 96.27877130474629
75.013307391 96.33360346208197
75.014588192 96.36163297897168
75.020409345 96.3616329789717
75.198102739 96.36163297897171
75.614671398 96.40072061600904
75.61614596 96.4333184024186
75.617535736 96.47592583204838
75.61871905 96.49867493863562
75.62056955 96.5535070959713
75.623527537 96.572954591099
75.97793338 96.57295459109902
76.218373982 96.61204222813633
76.219799544 96.6446400145459
76.221164857 96.68724744417567
76.222337021 96.70999655076291
76.223990218 96.8583387023934
76.279993459 96.85833870239341
76.647246127 96.85833870239343
76.781517415 96.89742633943074
76.782878054 96.9300241258403
76.784172176 96.97263155547007
76.785261878 96.99538066205734
76.790282813 97.06587263893805
76.94832984 97.06587263893806
77.255120731 97.06587263893807
77.312270679 97.1049602759754
77.313311725 97.13755806238498
77.315608061 97.18016549201474
77.316609055 97.202914598602
77.81586029 97.339094468219
78.161776109 97.33909446821902
78.277124601 97.33909446821903
78.29776867 97.3575062648552
78.298733452 97.36980037873403
78.299702123 97.41775962755884
78.304692101 97.43728711664764
78.532083717 97.43728711664765
78.751664384 97.50897254009453
78.754532118 97.51595227598744
78.840716127 97.51595227598746
78.944096416 97.51595227598747
79.182110679 97.53436407262367
79.182993958 97.54665818650247
79.18422756 97.57394456664696
79.184377598 97.57922244928105
79.186409154 97.58763769943435
79.21070898 97.58763769943437
79.591341335 97.65199504985867
79.597758252 97.65920680831891
79.644028978 97.65920680831893
79.975500183 97.67761860495513
79.976295664 97.68991271883392
79.977302711 97.71719909897844
79.977433669 97.72247698161252
79.979310801 97.7235641587432
79.980040164 97.81969157355051
79.987273913 97.81969157355054
80.02204403 97.81969157355056
80.322642832 97.83810337018674
80.32342611 97.85039748406554
80.324381202 97.87768386421006
80.32450376 97.88296174684413
80.326293756 97.88404892397485
80.332878455 97.88404892397486
80.652309568 97.90246072061107
80.653066776 97.91475483448987
80.653987621 97.94204121463436
80.654099334 97.94731909726845
80.672878881 97.94731909726846
80.95986429 97.96573089390466
80.96059268 97.97802500778346
80.962227566 97.98249297521838
81.254125386 98.01319888573339
81.259963023 98.0131988857334
81.527552672 98.10789448898059
81.538193651 98.1078944889806
81.78247539 98.23004363305904
82.024850572 98.23603498172186
82.132388028 98.23603498172187
82.249625626 98.31777911161912
82.457604758 98.32770104478583
82.651071878 98.41168423794929
82.653452392 98.4116842379493
84.064171118 98.45874633442499
84.311452546 98.57911813447332
