0.000353832 51.608435443177115
0.000427985 52.08263881247999
0.000471182 52.32259269878096
0.001348166 52.38587590810806
0.005980848 52.580093200098055
0.007786299 52.84920959916344
0.078856824 53.03962812857204
0.078885362 53.51383149787492
0.078919883 53.753785384175885
0.079708062 53.75378538417589
0.081804218 53.80911413101271
0.083351582 54.01128588549298
0.084739996 54.280402284558356
0.14571468 54.28149562619991
0.206248239 54.28149562619992
0.386995685 54.28242909849006
0.50800539 54.30551326610721
0.568913158 54.30551326610722
0.749626653 54.316501454265115
0.80962522 54.31650145426512
0.990385951 54.32416939981324
1.110133567 54.32445591675538
1.7041668589999999 54.338622655436644
1.764278776 54.33862265543665
1.822866731 54.34148090010135
2.061272872 54.388682911703945
2.119333023 54.44205323457686
2.590768174 54.51867320874538
2.70997751 54.64932104440632
2.770747705 54.667185147274495
3.065976566 55.09587460087011
3.066014046 55.57007797017299
3.066049925 55.81003185647397
3.066800221 55.87331506580105
3.070904278 55.88672487707958
3.071110518 56.02678953227393
3.071693302 56.33664875685643
3.188372022 56.33664875685644
4.685502674 56.46729659251738
4.800055157 56.467296592517386
5.147469729 56.485160695385545
5.956754782 57.03445460951745
5.956794551 57.508657978820324
5.957272987 57.69409582620428
5.957563557 57.81189507444839
5.968310146 57.929492392269864
5.968378135 58.1546243049675
6.075026512 58.28527214062844
8.760375363 58.8524301576285
8.760416055 59.32663352693138
8.760888709 59.51207137431534
8.761187122 59.629870622559444
8.790359984 59.95473575021039
11.499775506 60.652541602871395
11.499820335999999 61.126744972174265
11.500284875 61.31218281955823
11.500602187 61.429982067802335
11.538616429 61.4942090627509
11.592144128 61.494209062750905
14.187261718 62.1920149154119
14.187308393 62.66621828471478
14.187799193 62.85165613209874
14.189350586 62.96945538034285
16.789113303 63.667261233003856
16.789155279 64.14146460230673
16.789620657 64.32690244969069
16.801086567 64.35842166738104
16.822922717 64.44441518099266
19.329044998 65.1122056566216
19.329256241 65.2227494507845
19.332117155 65.39926257941327
19.332225497 65.44408090819825
19.333350873 65.49719830382679
19.333378115 65.57602563233988
19.333504602 65.65511401908444
19.340476835 65.73277809755821
19.342749168 65.83338146803085
21.82165535 66.53118732069186
21.821704616 67.00539068999473
21.824157768 67.04408030612262
21.831170141 67.1217443845964
21.833360077000002 67.22234775506902
23.984513505 67.22234775506904
24.241554937 67.92015360773004
24.241593724 68.39435697703291
24.24394146 68.4330465931608
24.250814583 68.51071067163457
24.260406279 68.51260237194575
24.261085078 68.51260237194576
24.262336607 68.53842552688437
24.448581189 68.53842552688438
26.576852241 69.23623137954537
26.576897844 69.71043474884824
26.57925252 69.74912436497614
26.586054161 69.82678844344991
26.595681308 69.82868014376109
27.060151981 69.8286801437611
28.859283943 70.49647061939002
28.859470597 70.60701441355293
28.860367635 70.7835275421817
28.860475598 70.82834587096666
28.861566467 70.88146326659522
28.861594105 70.96029059510829
28.861719853 71.03937898185286
28.868393041 71.11704306032664
28.877742188 71.11893476063781
31.052375381 71.78672523626675
31.053446802 72.07378215905842
31.053560514 72.11860048784338
31.054627105 72.17171788347193
31.05465503 72.25054521198501
31.054777601 72.32963359872959
31.061282058 72.40729767720336
33.173534101 73.07508815283228
33.174557715 73.36214507562396
33.175392201 73.40696340440893
33.175716002 73.46008080003747
33.17574002 73.53890812855055
33.175852716 73.61799651529512
33.192167492 73.68095112239355
33.212773753 73.69566059376889
35.222841328 74.39346644642991
35.222881805 74.86766981573278
35.2250708 74.90635943186066
35.24085971 74.9693140389591
37.191895122 75.63710451458803
37.19291631 75.92416143737971
37.19400902 76.02209716179323
37.194033665 76.1009244903063
37.194146795 76.18001287705086
37.194803075 76.18001287705087
39.11935986 76.8478033526798
39.120328181 77.13486027547148
39.121427081 77.232795999885
39.121459892 77.31162332839807
39.122077922 77.35202209901475
39.122240221 77.39071171514263
40.985176204 78.08851756780362
40.985269376 78.4878194428953
40.990700577 78.50057467717751
40.991878356 78.5477947698496
42.788880275 79.21558524547852
42.79056491 79.2456006225106
42.794328982 79.65765773188447
42.795499978 79.70487782455656
44.533964376 80.40268367721755
44.534241076 80.4832551633643
44.535815109 80.67134098401407
44.540626866 80.78792735175355
44.541222587 80.78792735175357
44.610204991 80.78792735175358
46.241553138 81.48573320441457
46.241829429 81.56630469056132
46.241892877 81.75439051121108
46.242484215 81.7543905112111
46.248570183 81.85719467281956
46.249004685 81.87097687895059
46.447730747 81.8709768789506
47.889438593 81.9107798585644
47.889698533 82.21711350145114
47.890511324 82.23176800749295
47.890849976 82.28941418747903
47.891098255 82.56878273161158
47.899994642 82.66780750070505
47.900821607 82.80835683235954
47.900965455 82.95072087800843
48.253310271 82.95072087800844
49.481522062 83.64852673066943
49.481805338 83.7290982168162
49.48186954 83.91718403746594
49.49997353 83.93668797868551
49.530504975 83.93668797868553
50.415741358 83.93668797868554
51.008126742 83.97649095829934
51.008331471 84.28282460118609
51.009090244 84.2974791072279
51.009555461 84.30959341035201
51.00963808 84.63449383134653
51.017561573 84.73351860044
51.019952784 84.77897555062268
51.020581571 84.90066636198897
51.021110725 84.90066636198898
51.025584983 84.90315113814304
52.504976433 84.94295411775686
52.505216161999996 85.02625116059875
52.505368369 85.0265812124889
52.505425889 85.15498631861958
52.505973817 85.26394226668542
52.506427297 85.27605656980951
52.506951831 85.46647531572701
52.514268614 85.69998175989751
52.517262636 85.74543871008018
52.517878016 85.86712952144647
53.224243295 85.86712952144649
53.942049124 85.9069325010603
53.942347559 85.91782222609989
53.942416937 85.99055959579235
53.942469679 86.11896470192302
53.943007382 86.22792064998886
53.943456048 86.24003495311295
53.944434299 86.43045369903045
53.951112062 86.66396014320095
53.954487408 86.70941709338364
53.955109947 86.83110790474991
54.19577311 86.83110790474993
55.342105177 86.87091088436372
55.342418362 86.88180060940334
55.34249 86.95453797909579
55.342545298 87.08294308522645
55.343101054 87.19189903329229
55.343556782 87.20401333641638
55.345418713 87.32246021259473
55.346140118 87.32570618165263
55.346667313 87.32570618165266
55.351117228 87.39147706631306
55.351232945 87.62793852650438
55.359522654 87.66084185002626
55.363725983 87.71492854494994
55.93252451 87.71492854494996
56.177295983 87.71492854494997
56.704145622 87.75473152456377
56.704349388 87.83802856740567
56.704555784 87.96676372542649
56.705093249 88.07571967349233
56.705529894 88.08783397661642
56.707386409 88.20628085279478
56.708120281 88.20952682185268
56.712893562 88.2752977065131
56.713016431 88.51175916670442
57.74936004 88.51175916670444
57.881622776 88.51175916670445
58.019694524 88.55156214631822
58.019976776 88.56245187135784
58.020082755 88.76359434718097
58.021028056 88.8846645983709
58.023300441 89.00311147454923
58.02402959 89.00635744360716
58.031512073 89.03548899420736
58.035195301 89.08635708902847
58.036575416 89.23444338790415
58.139418877 89.23444338790418
59.308167893 89.27424636751797
59.308463121 89.2851360925576
59.308575146 89.4862785683807
59.309052113 89.59523451644654
59.309456422 89.60734881957066
59.311283775 89.72579569574899
59.311981259 89.72904166480691
59.317332135 89.79481254946731
59.323920159 89.80904131022822
59.330578318 89.95038155711558
59.503028466 89.95038155711559
59.749602174 89.9503815571156
60.541600038 89.9901845367294
60.541871991 90.00107426176902
60.541987014 90.20221673759212
60.542892319 90.32328698878206
60.545041235 90.44173386496038
60.545714472 90.44497983401831
60.555582836 90.45068329247562
60.555645496 90.52497947943962
60.579745217 90.52497947943965
61.718419795 90.56478245905348
61.718733806 90.57567218409307
61.720453932 90.77681465991618
61.72091313 90.88577060798204
61.721344238 90.89788491110612
61.72293481 91.01633178728446
61.723565459 91.01957775634239
61.727955587 91.08534864100278
61.728362171 91.0853486410028
62.045460194 91.08534864100281
62.86266994 91.12515162061662
62.86294046 91.13604134565621
62.863071299 91.33718382147931
62.863917589 91.45825407266928
62.87008627 91.48167122830391
62.872652737 91.52095934517546
62.87291332 91.53574654783996
62.873028706 91.54170910330716
62.876227903 91.58565037636284
62.881100362 91.60564094892037
63.254188065 91.6056409489204
63.972037943 91.64544392853419
63.972309082 91.65633365357381
63.972435659 91.85747612939691
63.973288948 91.97854638058685
63.979153042 92.00196353622148
63.981457079 92.04125165309303
63.981714013 92.05603885575754
63.981828506 92.06200141122473
63.984915683 92.10594268428041
64.112686779 92.10594268428044
65.027523782 92.14574566389423
65.027796132 92.15663538893385
65.027907618 92.19821966111407
65.027999627 92.22904270673614
65.028618163 92.25243063540917
65.028739074 92.47884811594689
65.034596991 92.50226527158152
65.036825173 92.54155338845307
65.037176496 92.56230314658477
65.047346726 92.5623031465848
65.770594291 92.56230314658481
66.061161283 92.60210612619859
66.061433537 92.61299585123821
66.061535155 92.65458012341843
66.061617229 92.68540316904051
66.062022297 92.91238772826205
66.06234412 92.93520857825128
66.068058829 92.95862573388591
66.071313317 92.99791385075744
66.169992455 92.99791385075746
67.010824275 92.99791385075747
67.082179789 93.03771683037128
67.082445444 93.04860655541088
67.082546568 93.0901908275911
67.082626903 93.12101387321316
67.083018083 93.34799843243472
67.083344488 93.37081928242392
67.089020936 93.39423643805858
67.100009264 93.42541285265068
67.557956957 93.4254128526507
68.040036317 93.46521583226449
68.040294141 93.47610555730411
68.040415266 93.51768982948433
68.040480461 93.5485128751064
68.040851268 93.77549743432793
68.041953018 93.7946162055262
68.0492571 93.795312955332
68.05732213 93.80012274692761
68.093245769 93.80012274692764
68.9452313 93.83992572654144
68.945481305 93.85081545158106
68.945611328 93.89239972376127
68.945685157 93.92322276938334
68.946238594 93.94661069805638
68.946398469 94.15020732860488
68.953841874 94.17002284960894
69.145778433 94.17002284960896
69.650106044 94.17002284960897
69.818392098 94.20982582922275
69.818631947 94.22071555426237
69.818734998 94.2622998264426
69.818806356 94.29312287206466
69.819367093 94.31651080073769
69.819510846 94.52010743128622
70.167945132 94.52010743128623
70.644809394 94.55991041090003
70.64505641 94.57080013593963
70.645152131 94.61238440811985
70.645227911 94.64320745374192
70.645782671 94.66659538241497
70.646437468 94.78446491925587
70.655899128 94.80524371327346
70.656204283 94.80524371327347
71.304920257 94.80524371327348
71.438657819 94.8450466928873
71.438906099 94.85593641792688
71.439007455 94.89752069010711
71.439087396 94.92834373572917
71.439622734 94.95173166440223
71.440226867 95.06960120124312
71.452866722 95.06960120124313
71.456155277 95.06960120124315
72.089285142 95.06960120124316
72.193996213 95.1482197940453
72.194418135 95.16187817807676
72.194479016 95.19270122369883
72.195054794 95.26791492469454
72.204416294 95.29218031678565
72.206114701 95.31099474963275
72.265731908 95.31099474963278
72.921714334 95.3896133424349
72.922114526 95.40327172646639
72.922194765 95.43409477208846
72.925140936 95.46386890412333
72.929090129 95.48857149637385
72.929417692 95.53357386517524
72.960856876 95.53357386517527
73.028025852 95.53357386517528
73.457279246 95.5335738651753
73.616431162 95.61219245797741
73.616781587 95.6258508420089
73.616855044 95.65667388763097
73.619691127 95.68644801966585
73.622215545 95.71115061191637
73.62441231 95.72597948354556
73.664819418 95.72597948354557
73.745457257 95.72597948354559
73.972548573 95.7259794835456
74.287758535 95.76578246315941
74.288069236 95.81825646037923
74.288129325 95.84907950600129
74.288602399 95.87246743467435
74.290772378 95.87885363803616
74.294420927 95.90355623028668
74.298857687 95.91406536649681
74.324624995 95.91406536649683
74.515475397 95.91406536649684
74.921232677 95.99268395929899
74.921674561 96.03716538895252
74.924332705 96.06693952098739
74.928030221 96.09164211323791
74.965484056 96.09164211323792
75.099354589 96.09164211323795
75.527500014 96.13144509285173
75.527821611 96.1702607060401
75.527844788 96.21474213569365
75.528291638 96.23813006436669
75.530311408 96.2445162677285
75.533690996 96.30359669723961
75.557394485 96.30359669723963
75.733110771 96.30359669723966
76.110499134 96.38221529004178
76.110911324 96.42669671969533
76.113426558 96.4564708517302
76.213333182 96.45647085173022
76.529546959 96.45647085173023
76.658539293 96.53508944453237
76.658900799 96.57957087418592
76.661368899 96.5815288195126
76.668221473 96.60295880285896
76.702638902 96.60295880285898
76.931606647 96.60295880285899
77.181087239 96.64276178247279
77.181383278 96.68157739566114
77.181406912 96.7260588253147
77.181727478 96.79845361436058
77.441018601 96.79845361436061
77.679704654 96.87707220716274
77.680077457 96.9215536368163
77.682460437 96.92351158214296
77.760615567 96.92351158214298
78.118956345 96.923511582143
78.154169217 97.00213017494515
78.154517264 97.04661160459871
78.606653435 97.11521161471855
78.60804098 97.12351982485528
78.608760524 97.12884052143262
78.609201359 97.1633370398837
78.77326274 97.16333703988371
79.036604802 97.23193705000355
79.037935806 97.24024526014028
79.038634012 97.24556595671763
79.039501514 97.26774471377733
79.04189613 97.27284461438134
79.044140218 97.27284461438136
79.101176907 97.27284461438137
79.442450664 97.34144462450121
79.44375499 97.34975283463793
79.44441122 97.35507353121528
79.445210816 97.37725228827499
79.44741898 97.40870848025999
79.454882541 97.40870848026
79.824889093 97.47730849037984
79.826091159 97.48561670051657
79.826706296 97.49093739709392
79.827480686 97.51311615415361
79.952821367 97.51311615415362
80.084113981 97.51311615415364
80.172029944 97.58171616427347
80.173208096 97.59002437441019
80.173786874 97.59534507098755
80.498819708 97.64638688801341
80.49898096 97.65914172602139
80.499262788 97.66394508110739
80.502470373 97.66976197652225
80.517455187 97.66976197652228
80.803382995 97.72080379354813
80.804018101 97.7383619866421
80.816181052 97.73836198664212
80.950184368 97.73836198664213
81.095415941 97.96815519904072
81.167286658 97.96815519904074
81.249781581 97.96815519904075
81.370415973 97.97049013328767
81.37045026 97.98003629844716
81.371065873 98.00964263987404
81.371359775 98.00978749855842
81.372156179 98.01100835883453
81.372687248 98.01919701606658
81.439464399 98.0191970160666
81.516983872 98.01919701606661
81.629768854 98.02153195031353
81.629821663 98.03107811547302
81.630431121 98.0606844568999
81.630727514 98.06082931558429
81.631541188 98.06205017586039
81.69485369 98.0620501758604
81.870632088 98.06438511010734
81.870664659 98.07393127526683
81.871204136 98.1035376166937
81.871472348 98.10368247537808
81.971555303 98.1036824753781
82.097340659 98.10601740962503
82.097373996 98.11556357478453
82.099420052 98.14119559444428
82.103840884 98.1411955944443
82.309264923 98.14353052869122
82.30929863 98.15307669385072
82.311109729 98.37546393931787
82.50604482 98.3777988735648
82.50607264 98.38734503872429
82.508452961 98.39640655681694
82.509255155 98.41069391986223
82.5196633 98.41069391986225
82.69111171 98.41302885410919
82.691146469 98.42257501926868
82.693409398 98.43163653736133
82.6941954 98.45578793823593
82.707807956 98.45578793823594
82.788618715 98.45578793823596
82.860533809 98.45812287248289
82.86056222 98.46766903764238
82.862694446 98.47673055573503
82.863290296 98.538720377597
82.876087994 98.53872037759702
83.019407194 98.54105531184395
83.019439205 98.55060147700344
83.021473953 98.55966299509609
83.044818725 98.5596629950961
83.166149702 98.56199792934304
83.16617623 98.57154409450253
83.20430863 98.57154409450254
83.425266451 98.80077723568236
83.503033796 98.80077723568238
83.541149543 98.87873081849015
83.542695866 98.87873081849017
83.830109873 98.88906928136389
83.979794137 98.96289580698208
