0.000361729 54.47786018825673
0.000475781 54.73343574977193
0.000522919 55.54431655178861
0.000692612 55.883938379416875
0.001217233 55.89850275363156
0.001467551 55.979706184408556
0.016266071 56.02077675946485
0.027058215 56.13121335288022
0.027320808 56.164759532343
0.032213318 56.17821294531291
0.053352406 56.27374688488155
0.053645572 56.32590681642493
0.079794883 57.00452502824736
0.079931086 57.34414685587562
0.08033699 57.35871123009032
0.08052804 57.4399146608673
0.100482307 57.59142182933897
0.100700835 57.61494274224546
0.104449803 57.63842142177165
0.120853871 57.73395536134029
0.121081237 57.78611529288369
0.242790239 57.78739864655972
0.364337639 57.78903067901385
0.423293472 57.78903067901386
0.725426555 57.798827091950045
0.845387066 57.80359505322855
0.964708972 57.81870741107332
1.084498211 57.81926082221749
1.2024537180000001 57.82180071887998
1.261861128 57.821800718879985
1.439248095 57.83787673332641
1.49784793 57.837876733326425
1.7347765659999999 57.85667542309278
1.9131587479999999 57.87370912751844
1.9134048099999998 57.92586905906184
2.090354606 57.97062039476536
2.149489544 57.97556740562723
2.388572807 57.98073869938595
2.633351464 58.00766663384029
2.6335969329999998 58.05982656538369
2.755807005 58.069851831939985
2.87547921 58.08330524490988
3.076566388 58.23477919377193
3.076612455 59.0456599957886
3.076751404 59.385281823416875
3.077367877 59.48104962840854
3.109263459 59.58973780177291
3.116512211 59.77509032888155
3.116718878 59.82725026042493
5.959838604 59.83213600031033
5.959903863 60.08771156182553
5.959943879 60.8985923638422
5.960089098 61.23821419147046
5.960707704 61.33398199646214
5.980214718 61.50901007784029
6.209364949 61.56117000938369
8.76754218 61.61821568081247
8.767611555 61.873791242327655
8.767651942 62.68467204434434
8.767800065 63.0242938719726
8.784096108 63.057063911838725
8.784870827 63.05706391183873
8.803364046 63.20588358772412
11.494835974 63.2629292591529
11.494895617 63.5185048206681
11.494934632 64.32938562268477
11.495078418 64.66900745031303
11.510959493 64.70177749017915
11.56426162 64.70177749017917
14.156794338 64.75882316160795
14.156850408 65.01439872312315
14.156887472 65.82527952513982
14.157352708 66.09134855176444
14.157850381 66.16490135276808
14.187216062 66.19767139263422
16.747194323 66.25471706406299
16.74725954 66.5102926255782
16.747297524 67.32117342759489
16.747750921 67.58724245421949
16.773951739 67.62836350599265
16.874616626 67.62836350599267
19.258338424 67.68540917742145
19.258394715 67.94098473893663
19.258431371 68.7518655409533
19.26068851 69.01793456757792
19.29428884 69.01793456757794
19.344676527 69.01793456757795
21.724662139 69.07498023900672
21.724719039 69.3305558005219
21.724758082 70.14143660253858
21.725308362 70.14386778597331
21.725442401 70.15998089971252
21.726551583 70.30333364870647
21.743344578 70.30536220407457
21.743424674 70.32748429181063
21.755271839 70.37807198516501
21.755669154 70.40675241797744
22.039342596 70.40675241797746
24.129142284 70.46379808940623
24.129201599 70.71937365092141
24.12923999 71.5302544529381
24.129766158 71.53268563637283
24.129897537 71.54879875011204
24.130973078 71.69215149910598
24.147635249 71.69418005447407
24.147713935 71.71630214221014
24.159188321 71.76688983556453
26.47891598 71.76991700035123
26.479103825 71.83739923546995
26.47939594 72.49687927967418
26.480033518 72.7833636287529
26.482557339 72.82409522036733
26.48466121 73.00398369279954
26.496982892 73.05431747206114
26.497046871 73.07643955979722
27.701868881 73.07643955979724
28.826289764 73.07946672458392
28.826487994 73.14694895970264
28.826790042 73.80642900390687
28.82740201 74.0929133529856
28.829871461 74.13364494460002
28.831943466 74.31353341703223
28.859466341 74.36386719629385
28.903254848 74.36386719629387
31.119908885 74.42091286772263
31.119959752 74.6764884292378
31.119994955 75.4873692312545
31.12050323 75.48980041468924
31.120612165 75.50591352842845
33.28205714 76.24250461864933
33.283362886 76.52238732161682
33.284116787 76.52238732161683
33.285815181 76.56311891323126
35.428652663 76.56614607801795
35.428843493 76.63362831313667
35.429132332 76.80456457493493
35.429704694 77.16113020489401
35.429852273 77.20495354190514
35.429879182 77.44377829589904
35.430454368 77.57959270641963
35.438460831 77.6064024008134
35.457934716 77.60640240081342
35.465250456 77.62032429803405
35.667506516 77.62032429803408
37.509310698 78.35691538825496
37.510412784 78.50098368070185
37.514094522 78.57712429429161
37.518500492 78.62694347380041
37.518678437 78.66360778561621
39.463640127 78.7202351404613
39.463746058 79.08027094937496
39.464013909 79.40019887583709
39.464443778 79.54426716828401
39.468526108 79.54889472839356
39.468764868 79.62040778187374
39.48433083 79.67022696138257
39.490109861 79.68408568801458
41.388388782 79.68711285280129
41.388568645 79.75459508792001
41.388860034 79.92553134971824
41.389367428 80.28209697967735
41.389506966 80.32592031668845
41.389532762 80.56474507068235
41.390196665 80.56474507068238
41.393506084 80.56937263079193
41.393737883 80.6408856842721
41.40890409 80.69070486378094
43.217964993 80.74733221862601
43.218076604 81.10736802753968
43.218551384 81.2887161554437
43.218702157 81.3325394924548
43.218728227 81.57136424644872
43.222551909 81.5759918065583
43.228906843 81.60979848072469
44.726096167 81.6097984807247
44.987607188 81.61282564551138
44.987825951 81.6803078806301
44.988154532 81.85124414242836
44.98865747 82.20780977238744
44.988810969 82.25163310939854
44.989494457 82.25163310939857
44.989521017 82.49045786339249
44.992672724 82.49508542350205
45.096867207 82.49508542350208
46.707120249 82.55171277834714
46.707228882 82.85425981704199
46.707680532 83.09309671516485
46.707835907 83.13692005217595
46.707861625 83.37574480616985
48.364177538 83.43237216101491
48.364297236 83.73491919970976
48.36470826 83.97375609783262
48.364853325 84.01757943484373
48.366064055 84.0329687941329
48.366261535 84.0579103647737
48.371944408 84.22250307666064
48.390378766 84.22547901139438
48.710973066 84.22547901139441
49.965024317 84.28210636623947
49.965140778 84.58465340493433
49.966459346 84.84184398200034
49.966822515 84.88270299935743
49.967010404 84.90764456999824
49.973635119 84.91410920346277
49.981449973 85.01232570010814
50.752014481 85.01232570010815
51.50697542 85.06895305495323
51.507098918 85.37150009364805
51.508432937 85.41830164724595
51.508524027 85.42343094738214
51.508587421 85.50486701463308
51.508915565 85.58798764282281
51.508963226 85.61916175785836
51.508997388 85.69449125871199
51.516027379 85.70095589217651
51.53738902 85.79917238882186
51.553038252 85.79917238882187
53.008350167 85.85579974366694
53.008462839 86.15834678236179
53.008830355 86.39718368048462
53.008968808 86.44100701749572
53.010252951 86.48133794742573
54.449528394 86.53796530227079
54.449648449 86.84051234096565
54.449990352 87.0793492390885
54.450125913 87.12317257609958
54.450726905 87.1231725760996
54.467817841 87.1517347671397
55.877526276 87.20836212198479
55.878083245 87.28960450136024
55.87956911 87.39445908775444
55.880045291 87.76809973774566
55.882442303 87.79256229481543
55.887331948 87.79356939581358
55.901476121 87.806528640732
57.242697843 87.86315599557706
57.243308609 87.94439837495251
57.243595786 88.04925296134671
57.244095779 88.21250458786979
57.244184404 88.21763388800598
57.244244406 88.29906995525694
57.244282106 88.38219058344664
57.244703102 88.40453993239474
57.244750867 88.42289361133793
57.251568063 88.44836326940585
57.351784269 88.44836326940587
58.560072495 88.50499062425096
58.560512316 88.5358750060036
58.560574529 88.88939562910907
58.560911849 89.18031727806017
58.56153071 89.18031727806019
58.594417546 89.1803172780602
59.826415727 89.23694463290526
59.826934422 89.31818701228072
59.827222466 89.42304159867491
59.827671888 89.79668224866613
59.83000626 89.8211448057359
60.29684966 89.82114480573591
61.04753998 89.87777216058096
61.048076654 89.95901453995644
61.049662887 90.06386912635064
61.050112419 90.22712075287369
61.050198821 90.23225005300988
61.050254239 90.31368612026084
61.050565163 90.39680674845054
61.074676204 90.39680674845057
61.755232076 90.39680674845059
62.227662291 90.45343410329563
62.228178305 90.53467648267109
62.22846549 90.63953106906528
62.230524398 90.64070400816617
62.23087539 90.67403674609339
62.231202457 90.69787955016186
62.231270999 90.79830210312956
62.232335579 90.94500140345808
62.324182707 90.94500140345811
62.370170894 90.94500140345812
63.362214685 91.00162875830317
63.36274882 91.08287113767862
63.363009884 91.18772572407282
63.364765363 91.22223140110096
63.368118681 91.3202575353239
63.369235384 91.35697147029165
63.373083975 91.47443125787956
63.509182924 91.47443125787957
63.88316643 91.47443125787959
64.469884563 91.53105861272466
64.470357378 91.61230099210012
64.470626312 91.71715557849429
64.471110952 91.76999550865388
64.471610157 91.82624281016486
64.473105669 91.87592661255856
64.494947681 91.87592661255859
65.52602013 91.93255396740362
65.526663336 92.00854123137567
65.527321314 92.22773816484384
65.529226122 92.23847070063333
65.531466496 92.25118274442436
65.537104151 92.2648333856529
65.578886896 92.26483338565293
66.243209499 92.26483338565296
66.538524673 92.321460740498
66.539155049 92.39744800447008
66.540844347 92.54206338329578
66.542044581 92.6273774737277
66.543882137 92.64008951751873
66.549038664 92.64823782166027
66.551221873 92.65289188173404
66.590780847 92.65289188173406
67.366255727 92.65289188173408
67.394553466 92.65289188173409
67.536614049 92.70951923657914
67.537036331 92.7907616159546
67.537303556 92.89561620234879
67.537753675 92.94845613250835
67.537808778 93.00470343401936
67.541820344 93.02814801359987
67.54629843 93.03629631774142
67.722041329 93.03629631774143
68.464682108 93.03629631774145
68.494855731 93.0929236725865
68.495449103 93.16891093655855
68.49638024 93.33186056851574
68.496423767 93.38810787002672
68.499949586 93.41155244960723
68.508735838 93.41822367300149
68.524327517 93.4182236730015
68.937934916 93.41822367300152
69.152790293 93.41822367300153
69.399021422 93.47485102784658
69.399473311 93.55609340722204
69.400169249 93.7700352252868
69.404006509 93.79347980486732
69.960913917 93.79347980486733
70.271924423 93.85010715971238
70.272797848 93.93134953908783
70.273425521 94.08904405564162
70.273472993 94.14529135715263
70.287155515 94.15602389294212
70.288655112 94.16873593673311
70.908336714 94.16873593673313
71.103884689 94.22536329157818
71.104878021 94.46430018750742
71.105333507 94.52054748901843
71.118854678 94.53128002480791
71.731942896 94.53128002480793
71.908963402 94.58790737965298
71.909971189 94.65585798208521
71.911016385 94.8138756850082
71.912161953 94.9224560315689
72.588393114 94.92245603156891
72.667598173 94.97908338641396
72.66852141 95.21802028234318
72.844578139 95.2180202823432
73.306308401 95.21802028234322
73.392804691 95.27464763718827
73.394900028 95.50061594254346
73.409484924 95.50061594254349
73.884700982 95.5006159425435
74.091889649 95.55724329738855
74.09445328 95.70011027025645
74.096951801 95.78321160274378
74.283003053 95.78321160274379
74.360595894 95.78321160274382
74.762815675 95.83983895758887
74.765150648 95.98270593045673
74.76784898 96.02597687456431
74.768755382 96.061990253915
74.946710189 96.06199025391501
75.363895573 96.06199025391503
75.404242421 96.11861760876009
75.406559984 96.26148458162795
75.4095337 96.30475552573553
75.414033032 96.30475552573554
75.415210979 96.32553968231612
75.427928058 96.32553968231613
76.047017863 96.36831629902233
76.047480416 96.41683473276683
76.047552335 96.52503401002906
76.049396396 96.56830495413666
76.624613132 96.61108157084284
76.624799944 96.76779928184959
76.627814772 96.81107022595717
76.654512019 96.81107022595718
77.19593689 96.85384684266339
77.196371968 96.90236527640786
77.196425206 97.01056455367012
77.720635536 97.14317917248725
77.722977416 97.17392695071081
77.72757247 97.1776108571449
77.737851042 97.17761085714491
77.818398188 97.17761085714493
78.22050843 97.31022547596204
78.222688259 97.3409732541856
78.290195991 97.34097325418563
78.718656433 97.3837498708918
78.719722097 97.39605952381373
78.720446331 97.4039529073215
78.72123657 97.46555121146291
78.723656853 97.47358787300274
78.773042541 97.47358787300276
78.891528796 97.47358787300277
79.175049313 97.51636448970895
79.175947653 97.52867414263089
79.176605849 97.53656752613865
79.177601106 97.59816583028005
79.180405501 97.59816583028007
79.289533357 97.59816583028008
79.603001268 97.64094244698627
79.603876332 97.65325209990819
79.603957608 97.6532520999082
79.604540042 97.66114548341595
79.606324256 97.7214219565212
79.62299521 97.72142195652121
80.01125457 97.7641985732274
80.012093628 97.77650822614932
80.012181959 97.77650822614933
80.012996554 97.78440160965708
80.014272045 97.79918000114036
80.015626136 97.8370117254916
80.395678276 97.84973090270644
80.39715634 97.8797883421978
80.397928899 97.89209799511973
80.398764774 97.89999137862749
80.399944564 97.91476977011075
80.401103573 97.92926281834066
80.402478479 97.95118613745997
80.568303219 97.95118613745998
80.743473141 97.9639053146748
80.74576236 98.0062724070881
80.746269899 98.01416579059587
80.74765384 98.02894418207913
80.74866379 98.23198783728297
80.761891809 98.23198783728299
81.072039404 98.23643877510072
81.072149651 98.2870741069111
81.072616102 98.29496749041887
81.073783489 98.30974588190213
81.074898256 98.32423893013204
81.191008422 98.32423893013205
81.376885025 98.34720957439279
81.378700331 98.37932519976017
81.379250018 98.38721858326794
81.380302433 98.4019969747512
81.386615655 98.40199697475121
81.672321498 98.42496761901195
81.674569728 98.4649766278871
81.675732873 98.52451366308857
81.81892559 98.52451366308858
81.947381648 98.55328868600671
81.949153508 98.58749331622445
81.980392954 98.58749331622447
82.202802242 98.6104639604852
82.203377157 98.61626833914261
82.207310613 98.62585208012364
82.207332903 98.64543506891405
82.207486903 98.65010169406621
82.264578717 98.65010169406622
82.444430439 98.67887671698436
82.446950477 98.67887671698438
82.447232677 98.6884604579654
82.447566804 98.69167433867507
82.66529016 98.69167433867509
82.672218036 98.72044936159323
82.674889568 98.73003310257424
82.725717732 98.73003310257425
82.883235612 98.7588081254924
82.947282903 98.75880812549241
83.082278427 98.76183529027911
83.082338977 98.76325906331013
83.086238882 98.76325906331014
83.266201441 98.76628622809686
83.59443032 98.86740266057502
83.609388231 98.86740266057504
84.480301999 98.87160241676845
84.486434164 98.87160241676847
84.504835007 98.87160241676848
