0.000350325 46.78843813995489
0.000431412 46.82655658247414
0.000474067 47.050270180253534
0.000996771 47.21673542139598
0.002041653 47.5513657629529
0.0020726 47.70915327299575
0.028073998 47.825757916367905
0.029099718 47.82575791636791
0.079161503 48.34625157171078
0.079190451 48.38437001423003
0.079224744 48.60808361200944
0.07962443 48.774548853151884
0.080469536 49.1091791947088
0.080496833 49.26696670475165
0.101010989 49.38357134812381
0.10184154 49.383571348123816
0.343725406 49.38720160248742
0.344502779 49.38720160248743
0.464256453 49.39478907048553
0.46502296 49.39478907048554
0.585730607 49.3969414731912
0.704541574 49.39740627794608
0.95348953 49.40848096957991
1.059791773 49.422113810108854
1.180659029 49.42548374980257
1.181445612 49.425483749802574
1.240271775 49.42548374980258
1.300425576 49.42788580968673
1.361478374 49.42788580968674
1.4220217339999999 49.47080319558099
1.482208279 49.470803195581006
1.6727947539999999 49.475453912749344
1.733099916 49.47545391274936
1.8979384929999998 49.48812820733689
2.128084644 49.499154286835235
2.128837552 49.49915428683524
2.186726303 49.49915428683525
2.246691267 49.50918912068
2.487402449 49.51065260331556
2.488233615 49.51065260331557
2.6070802029999998 49.51560243399665
2.607873859 49.515602433996655
2.667022963 49.51560243399666
2.8471831119999997 49.632207077368825
3.06369484 50.279781987903455
3.063728077 50.3179004304227
3.063767318 50.5416140282021
3.064214749 50.708079269344545
3.065056087 51.04270961090146
3.065085409 51.20049712094431
3.0844882240000002 51.31710176431647
3.891204087 51.32205159499757
5.94252379 52.08623114890435
5.942572262 52.1243495914236
5.942974615 52.31083720240165
5.943053713 52.51452843034546
5.943886299 52.84915877190236
5.944535414 52.878545450435986
5.944745262 53.00694628194521
6.001255548 53.006946281945226
6.058744968 53.01189611262631
8.729932469 53.81419410905236
8.730360599 54.00068172003042
8.730451388 54.204372947974214
8.732804864 54.44838711360614
8.734476615 54.53900328953112
8.745553414 54.56475971370113
8.7479836 54.60667211537989
8.761711027 54.609074175264034
8.858687034999999 54.685292483093654
11.460736142 55.49254031020079
11.461155545 55.67902792117885
11.46124413 55.88271914912263
11.463528651 56.12673331475457
11.475355091 56.163570303713236
11.475608338 56.182349691218754
11.477144455 56.24310591484956
11.479465993 56.285018316528316
11.493037508 56.28742037641246
14.148879942 57.09466820351961
14.149288696 57.28115581449767
14.151140737 57.48484704244145
14.153278841 57.72886120807339
14.1647099 57.76569819703206
14.164951556 57.784477584537576
14.166466107 57.845233808168366
14.181826328 57.8837762701534
14.196118752 57.887146209847124
16.763496838000002 58.69439403695426
16.763900974 58.88088164793232
16.763981247 59.08457287587611
16.766233263 59.32858704150804
16.766997167 59.32858704150805
16.77665706 59.365424030466706
16.776922089 59.3696922246103
16.778399698 59.44495964160303
16.793491375 59.48350210358806
19.311193424 60.290749930695206
19.311606182 60.477237541673254
19.31320757 60.68092876961705
19.315298641 60.92494293524897
19.326264572 60.96177992420764
19.326513869 60.96604811835123
19.327955799 61.04131553534396
19.344676683 61.05253325770568
21.794981894 61.85978108481281
21.795385197 62.04626869579087
21.79547246 62.24995992373465
21.797570805 62.49397408936659
21.807653536 62.53081107832526
21.809304019 62.610346689461565
21.810024789 62.61034668946157
21.818983819 62.61034668946158
22.528131368 62.610346689461586
24.186354709 63.41759451656872
24.186769179 63.60408212754677
24.18684571 63.80777335549056
24.188938119 64.05178752112248
24.189636734 64.05178752112249
24.199797896 64.08862451008116
24.202054913 64.16816012121748
26.544078634 64.9754079483246
26.544478333 65.16189555930266
26.544551834 65.36558678724644
26.546577557 65.60960095287837
26.547249297 65.60960095287838
26.557110037 65.64643794183705
26.564157227 65.70907359621705
26.580805366 65.72416062351893
27.355628743 65.72416062351894
28.823343269 66.53140845062607
28.823718651 66.71789606160412
28.823794054 66.92158728954792
28.825849041 67.16560145517985
28.835434598 67.20243844413851
28.842557071999998 67.26507409851853
28.887884804 67.26507409851854
31.05248904 68.07232192562569
31.052893774 68.25880953660374
31.052970378 68.46250076454753
31.054960893 68.70651493017947
31.065221966 68.74335191913814
33.435286708 69.55059974624528
33.435698394 69.73708735722333
33.435777054 69.94077858516711
33.437752536 70.18479275079906
33.458387714 70.21600716427201
34.651711835 70.21600716427203
35.63184714 71.02325499137915
35.632277579 71.20974260235721
35.632356013 71.41343383030099
35.641483588 71.50616142075407
35.644243007 71.655466889361
35.727054997 71.65546688936101
37.774328427 72.46271471646814
37.774720933 72.64920232744619
37.774796637 72.85289355538998
37.783685498 72.94562114584306
37.802081489 73.05243261652154
39.389199885 73.05243261652156
39.912056575 73.85968044362869
39.912432709 74.04616805460674
39.914545139 74.05353003065734
39.915316697 74.08928510184468
39.915890709 74.0892851018447
39.921257204 74.34258687300361
41.820458228 75.14983470011076
41.820855308 75.33632231108881
41.821498542 75.33632231108882
41.822936496 75.34368428713941
41.823726333 75.37943935832675
41.82431207 75.37943935832676
41.829463549 75.41094459039468
41.829582336 75.63274112948568
43.705675658 76.43998895659281
43.70603984 76.62647656757086
43.708053984 76.63383854362147
43.708812508 76.6695936148088
43.709376094 76.66959361480882
43.721620151 76.66961340045641
43.722775609 76.84688069864018
43.723332799 76.84688069864019
44.182221931 76.8468806986402
45.512955362 77.65412852574734
45.513308178 77.84061613672539
45.516755877 77.84797811277599
45.517463259 77.88373318396333
45.52990933 77.88375296961094
45.530592647 77.90981911373407
45.531051571 78.06102026779472
46.423108029 78.06102026779473
47.229349118 78.86826809490186
47.229911393 79.0510089233674
47.231755275 79.06211768193052
47.235800964 79.0793724269997
47.244887687 79.09789253876548
47.245568134 79.1239586828886
47.256883661 79.13685853279578
48.699009241 79.1368585327958
48.878763548 79.94410635990292
48.88085941 80.07903395235193
48.880970078 80.13795594693157
48.884922319 80.15521069200074
48.894296654 80.19979694788965
50.288438479 80.19979694788967
50.464748925 81.00704477499679
50.466831081 81.1419723674458
50.466954187 81.20089436202544
50.470792109 81.21814910709462
50.491462402 81.21814910709463
50.929384579 81.21814910709465
52.03446031 82.02539693420175
52.036547696 82.16032452665077
52.036660184 82.21924652123042
53.535369184 83.02649434833754
53.537443502 83.16142194078655
53.585041693 83.16142194078657
54.282121292 83.16142194078658
54.982939438 83.7401626945868
54.983008974 83.75578032664563
54.98549375 83.85297016300139
54.989050196 83.96942343568065
54.996717911 84.08038784775474
55.678863896 84.08038784775475
56.408513003 84.15174528630504
56.408549165 84.65912860155495
56.408604879 84.6747462336138
56.410347389 84.76870301352852
56.411024576 84.77193606996954
56.41456317 84.88838934264882
56.421908974 84.99935375472288
56.454976096 84.99935375472289
57.755943474 84.9993537547229
57.764416246 85.57809450852312
57.76447876 85.59371214058194
57.766854637 85.69090197693768
57.77024028 85.80735524961696
58.085462982 85.80735524961698
58.557628555 85.80735524961699
59.075579513 86.3860960034172
59.075648789 86.40171363547604
59.077986829 86.49890347183178
59.084442539 86.61535674451106
60.346850129 86.68671418306137
60.346886888 87.19409749831128
60.346941439 87.2097151303701
60.349195584 87.30690496672587
60.357432467 87.41537012311473
60.430706774 87.41537012311474
60.963559547 87.41537012311476
61.559062271 87.48672756166503
61.559098288 87.99411087691497
61.559153212 88.0097285089738
61.561368322999996 88.10691834532956
62.729861781 88.68565909912978
62.729938295 88.70127673118863
62.732159161 88.79846656754437
62.774018065 88.79846656754438
63.85999096 88.86982400609467
63.860057352 89.04078627814597
63.860080139 89.3928249534034
63.86422597 89.41274790748962
63.870590531 89.45422598083576
63.875410737 89.46573173599805
63.877359305 89.46622695480157
63.920442989 89.4662269548016
64.804042932 89.46622695480161
64.964021455 89.5375843933519
64.964082709 89.7085466654032
64.964104945 90.06058534066064
64.968135772 90.08050829474685
64.974310773 90.12198636809299
64.978868395 90.13349212325528
65.027633249 90.1334921232553
65.041335792 90.13349212325531
66.010699562 90.20484956180563
66.010771921 90.37581183385693
66.010795078 90.72785050911436
66.014712434 90.74777346320057
66.431486812 90.74777346320059
67.01567936 91.34213184905965
67.028934127 91.36205480314587
67.991827318 91.9564131890049
68.09003623 91.95641318900492
68.127625453 91.95641318900493
68.927419093 92.21686592895725
68.927456561 92.37404543166636
68.927589274 92.42136357220292
68.956432524 92.42136357220295
69.830641299 92.84238416196445
70.685002838 93.10381163561934
70.687089616 93.12829319895505
70.687338385 93.18406658462115
70.689446941 93.23883373414213
70.739543052 93.23883373414216
71.510210937 93.50026120779702
71.512262119 93.52474277113274
71.512489657 93.58051615679884
71.560840326 93.58051615679886
72.305954252 93.68865524423762
72.305994142 93.84194363045373
72.307983325 93.86642519378944
72.308356787 93.86642519378945
72.309945693 93.90506624879133
72.314885 93.91992818383554
73.066518537 94.02806727127432
73.066833562 94.18135565749043
73.070328221 94.18338055163642
73.070711048 94.24447827582803
73.797392497 94.35261736326682
73.797430681 94.50590574948295
73.79929986 94.53038731281866
73.803172319 94.53439431569014
73.803441 94.53667144218387
73.810661034 94.56225504108478
74.487215725 94.67039412852354
74.487534439 94.82368251473964
74.491235031 94.87041588259878
74.549111473 94.8704158825988
75.157368285 94.97855497003756
75.157699863 95.13184335625367
75.161794985 95.15632491958938
75.163269359 95.1626090489546
75.169537985 95.16260904895461
75.176266099 95.16260904895462
75.405930508 95.16260904895465
75.793771192 95.27074813639341
75.794071103 95.42403652260951
75.798167552 95.44851808594522
75.80557518 95.44851808594524
75.821071783 95.44851808594525
76.132728535 95.44851808594527
76.398091923 95.55665717338402
76.398125961 95.70994555960013
76.401243079 95.71197045374612
76.401550396 95.71197045374613
76.407494611 95.71951797358011
76.980079519 95.82765706101887
76.980390477 95.98094544723497
76.986872631 95.98297034138096
76.995032186 95.98297034138098
77.061363496 95.98297034138099
77.530337619 96.09110942881976
77.530659713 96.24439781503587
77.56385441 96.24439781503588
77.574372271 96.2443978150359
78.047159284 96.35253690247465
78.047275523 96.41201535909293
78.047952228 96.44442781294295
78.049651434 96.45160245727773
78.049927242 96.45160245727776
78.052857943 96.45598111139425
78.05346149 96.476922579164
78.182111053 96.47692257916401
78.466903937 96.47692257916403
78.540970151 96.55432990509217
78.541137618 96.61773742181886
78.541622364 96.67695257707108
78.543218731 96.68412722140586
78.546851403 96.68850587552237
78.559775788 96.68850587552238
78.585404927 96.6885058755224
79.032597696 96.82932071817726
79.033090281 96.88853587342945
79.035990173 96.89571051776426
79.117999828 96.89571051776427
79.485544204 96.94348589840646
79.485641508 97.00569131333876
79.485663937 97.03652536041913
79.486183097 97.09574051567132
79.50378192 97.09574051567134
79.910128285 97.20387960311012
79.910236054 97.2633580597284
79.917519924 97.28736209302595
80.31153145 97.39550118046473
80.311858612 97.45497963708301
80.689529327 97.59579447973788
80.93113526 97.5957944797379
81.032861815 97.61065955080961
81.032890897 97.63935450039702
81.033207461 97.85407740353521
81.123647484 97.85407740353524
81.357721647 97.85545017165548
81.358435633 97.86894247460695
81.358703825 97.89763742419436
81.35958398 97.96312778661412
81.363540638 97.96906882237461
81.367588639 97.96906882237462
81.632707931 97.96906882237464
81.636223268 97.96906882237465
81.664092132 97.98393389344635
81.666183629 98.07811920545352
81.751814335 98.07811920545353
81.921795029 98.07811920545355
81.94427928100001 98.07811920545356
81.949016301 98.09298427652526
81.950142183 98.15535206952595
82.040829549 98.15535206952596
82.064020426 98.15535206952597
82.221259505 98.17021714059766
82.222944374 98.22549328526333
82.224489585 98.22834077562598
82.229695711 98.228340775626
82.336979833 98.22834077562601
82.479601713 98.24320584669772
82.481151274 98.29848199136339
82.514662213 98.2984819913634
82.647991532 98.29848199136342
82.717754903 98.31334706243511
82.719941744 98.3319708581535
82.720522623 98.35287152562204
82.721833205 98.36079824682257
82.735254599 98.36079824682258
82.828118886 98.3607982468226
82.939776362 98.37566331789431
82.94203296 98.39428711361269
82.94274473 98.41518778108123
83.001580198 98.41518778108124
83.149268764 98.43005285215298
83.150660617 98.44867664787137
83.244367444 98.44867664787138
83.345376931 98.46354171894308
83.346361661 98.60074024012778
83.371753507 98.60074024012779
83.494352347 98.6007402401278
83.525803715 98.61560531119952
83.527654382 98.62587502101883
83.618652369 98.62587502101884
83.686178639 98.62587502101886
83.69636282 98.64074009209057
83.797110886 98.64074009209058
84.000279632 98.73015856885685
84.061993457 98.73015856885687
84.571477332 99.17445012301079
84.573498379 99.17445012301081
