0.000353491 51.71006816467892
0.000431281 51.767406574392616
0.000459862 53.390444362464926
0.000486265 53.575916800609725
0.000862031 53.593136257870846
0.001030589 53.64041471565897
0.001103529 53.67098629468344
0.003735042 53.690845961080676
0.005814002 53.84057281907776
0.006862772 53.840572819077764
0.007055485 53.90832004471584
0.007850971 53.98678332682261
0.021635014 54.00625582308012
0.047013884 54.020592675523034
0.079219966 54.79380647278537
0.079247537 54.97927891093017
0.079529026 54.99649836819129
0.079666633 55.043776825979414
0.079727773 55.07434840500388
0.081776593 55.09420807140112
0.083419405 55.2439349293982
0.084223063 55.24393492939821
0.084384676 55.31168215503629
0.085019271 55.39014543714307
0.096136548 55.40961793340056
0.116377945 55.42395478584348
0.17720163 55.42395478584349
0.23816117 55.43123342476471
0.268180226 55.449692136800486
0.279282086 55.46916463305798
0.298768713 55.483501485500895
0.419829419 55.48429913987967
0.540533921 55.48857186635347
0.659969028 55.496906600845165
0.841819973 55.49690660084518
0.899718206 55.50586419600839
1.419328552 55.5156604974953
1.439757487 55.52999734993821
1.500188431 55.52999734993823
1.779496193 55.53762951721644
1.798814198 55.551966369659354
1.858651005 55.57233935232931
1.917992322 55.579111186217375
2.126702107 55.592943165375864
2.137700991 55.61241566163336
2.15786998 55.62675251407629
2.340393177 55.626752514076294
2.401152107 55.63748146763359
2.4614446 55.6426338528033
2.563964145 55.64323761588124
2.584299 55.65757446832416
2.70259773 55.669869423146665
2.825251481 55.66986942314667
2.944345495 55.67704696458165
3.089916557 56.67812429607703
3.090253837 56.88081619148295
3.090389982 56.92809464927106
3.090452682 56.95866622829553
3.104813817 57.243641306186845
3.1059965959999998 57.29393575669221
3.130006649 57.29393575669222
3.221546353 57.299088141861915
3.361309551 57.29908814186193
3.471170378 57.314028757382786
3.932047547 57.3191461707703
4.159707633 57.326323712205294
4.561862433 57.3263237122053
5.968010416 58.35978899921373
5.968052025 58.545261437358526
5.968364843 58.56248089461965
5.968500122 58.60975935240777
5.9685633639999995 58.64033093143224
5.970561999 58.66019059782948
5.973028117 58.877664681464644
5.973654571 58.956127963571426
5.9840408929999995 58.97560045982892
6.112038587 58.975600459828925
8.772744889 60.016243288272356
8.772788008 60.201715726417156
8.773094326 60.218935183678276
8.773231415 60.266213641466386
8.773294152 60.296785220490854
8.775256825 60.31664488688809
8.778040872 60.438509269806794
8.778303136 60.61258225263004
10.202883906 60.61258225263005
11.51862493 61.65322508107348
11.518672407 61.83869751921828
11.518996215 61.8559169764794
11.519140342 61.90319543426751
11.519205662 61.93376701329198
11.521150489 61.953626679689215
11.523922535 62.07549106260792
11.524379869 62.17110076332438
11.564351968 62.23462342991031
11.856112526 62.234623429910314
14.190029446 63.27526625835374
14.190072865 63.46073869649854
14.190377157 63.47795815375966
14.190734424 63.52523661154777
14.190796923 63.555808190572236
14.192682228 63.575667856969474
14.195344102 63.697532239888176
14.226423952 63.76599712404662
16.778019152 64.80663995249004
16.778343957 65.00933184789596
16.778465677 65.05661030568409
16.78109153 65.1070415511058
16.803921283 65.12013189688031
19.295949556 66.16077472532373
19.295993172 66.34624716346853
19.296311464 66.36346662072965
19.296440852 66.41074507851778
19.298345064 66.46117632393948
21.747857443 67.5018191523829
21.748319421 67.75178950557694
21.755595032 67.75359990349665
21.756112526 67.75977680452804
23.129589489 67.75977680452806
24.128513987 68.80041963297145
24.128869542 69.00311152837739
24.129006758 69.0503899861655
24.222290883 69.05038998616553
25.609187463 69.05038998616554
26.443070822 69.85533663979524
26.445405738 70.05008204717072
26.446589997 70.27561969335613
26.473116137 70.28230927214958
26.473790592 70.33850918841807
27.197123451 70.3385091884181
28.711456567 71.14345584204781
28.712161012 71.14345584204784
28.714661884 71.56373889560871
28.740601464 71.57042847440215
28.748872287 71.61463330243984
30.395345922 71.61463330243986
30.895860243 72.41957995606957
30.899003937 72.83986300963046
30.924378687 72.8465525884239
30.96686188 72.84655258842392
33.008418462 73.65149924205365
33.011522087 74.07178229561451
33.136568334 74.07178229561453
35.11518112 75.11242512405795
35.115647306 75.13887648232739
35.118460666 75.29701200280513
37.097364763 75.34873064610744
37.09747749 75.46337552148373
37.097502944 75.51679841602711
37.097623263 75.83443060889556
37.097649153 76.08319722648619
37.09773105 76.15554256906816
37.097896344 76.364106189518
37.110559615 76.4688592775268
37.117549414 76.50974352067269
39.03204544 76.95241108033147
39.033103248 77.19786918676712
39.033912252 77.20023794822524
39.036922246 77.21149438135018
39.037653789 77.55608292287368
39.044948224 77.68159079539436
39.051812552 77.72247503854025
40.893299402 77.77419368184253
40.893384854 77.88883855721883
40.893409243 77.94226145176222
40.893524823 78.25989364463065
40.89354889 78.50866026222127
40.893629439 78.58100560480325
40.893781017 78.78956922525309
40.905239029 78.8943223132619
41.123251916 78.89432231326191
41.385676375 78.89432231326192
42.325983188 78.89432231326194
42.711677892 79.33698987292071
42.712706808 79.58244797935636
42.713502494 79.58481674081447
42.716401542 79.59607317393942
42.719576507 79.72832367774015
42.722510226 79.75263208667052
42.722548762 79.82671080314418
42.722975577 79.89401437426713
42.724108642 80.0661695879836
42.802411294 80.06616958798361
44.463321733 80.5088371476424
44.464322831 80.75429525407803
44.464897164 80.75429525407804
44.465096254 80.75666401553616
44.467915373 80.76792044866109
44.471000571 80.90017095246182
44.473855449 80.9244793613922
44.473894055 80.99855807786587
44.474307127 81.0658616489888
44.478741601 81.20019000924009
44.48839154 81.20296619543808
46.160212178 81.64563375509687
46.161198193 81.8910918615325
46.161948676 81.89346062299063
46.166966111 82.03696755991628
46.169860122 82.06127596884666
46.169899952 82.13535468532034
46.170312907 82.20265825644326
46.174723903 82.33698661669455
46.211168211 82.33698661669456
46.902283945 82.33698661669457
47.809339399 82.77965417635335
47.810348839 83.025112282789
47.811865728 83.02748104424711
47.817485279 83.17098798117277
47.820178784 83.19529639010315
47.820477014 83.20707285593707
47.820621391 83.33667867769977
47.827298891 83.47100703795104
49.401696475 83.52272568125333
49.401793345 83.63737055662962
49.401818577 83.69079345117301
49.401873441 83.93514873778435
49.401942035 84.00842564404145
49.401976468 84.02169454296714
49.40205599 84.1777156445972
49.40223695 84.29099279406324
49.40907454 84.30500840242924
49.411741323 84.32931681135962
49.412027867 84.34109327719354
49.41216392 84.47069909895623
50.292222822 84.47069909895625
50.935992849 84.52241774225855
50.936084617 84.63706261763484
50.93610894 84.69048551217823
50.936163889 84.93484079878955
50.936232042 85.00811770504666
50.936266074 85.02138660397236
50.936356989 85.1774077056024
50.936538347 85.29068485506845
50.943218686 85.30470046343444
50.945793958 85.32900887236482
50.946086972 85.34078533819874
50.947983963 85.36011865350164
50.960630518 85.36011865350166
52.417084365 85.41183729680397
52.417175588 85.52648217218025
52.417200058 85.57990506672365
52.417254173 85.82426035333498
52.41732607 85.89753725959208
52.417359177 85.91080615851777
52.41743659 86.06682726014783
52.417600271 86.18010440961386
52.424235365 86.19412001797987
52.430552781 86.21842842691025
52.441392466 86.23020489274415
52.729750433 86.23020489274417
53.873955841 86.67287245240294
53.874910742 86.91833055883858
53.880694425 87.06420625722237
53.966350625 87.06420625722238
55.275325194 87.50687381688117
55.276193918 87.7523319233168
55.286991156 87.79780152305449
55.292489369 87.83447439529648
55.292645102 87.89820762170058
55.411189727 87.89820762170059
56.624504815 88.31955288199096
56.625502103 88.32374748725584
56.626758342 88.38393145744467
56.631943729 88.38738047401411
56.633459963 88.42730029136186
56.634224555 88.4351879908106
56.63534648 88.47355327451454
56.635614504 88.54317521106483
56.635868252 88.6318028875327
56.646689237 88.7181933778128
57.944539709 89.13953863810316
57.946713811 89.20391721355688
57.95175527 89.2073662301263
57.953230082 89.24728604747405
57.954014884 89.25517374692281
57.955137308 89.29353903062675
57.955400296 89.36316096717704
57.95564082 89.45178864364489
57.981504058 89.4517886436449
59.205969985 89.87313390393527
59.208374103 89.88398311715316
59.208624092 89.93751247938899
59.21312754 89.94096149595842
59.214548063 89.98088131330617
59.215310519 89.98876901275491
59.216375285 90.02713429645885
59.21663639 90.09675623300916
59.223225296 90.16851345884967
59.230680411 90.18538390947701
59.2435774 90.18538390947703
60.431783836 90.32546987883278
60.431877533 90.65383438414605
60.432179165 90.6792818764405
60.433442767 90.71447657913828
60.441622394 90.76072956229096
60.441898786 90.83035149884125
60.449248742 90.90210872468177
60.473120463 90.90210872468178
61.061020019 90.9021087246818
61.610583854 91.32345398497216
61.612844533 91.33430319819006
61.617285441 91.3912815769953
61.618693811 91.43120139434306
61.619390536 91.43908909379181
61.620440219 91.47745437749575
61.620693841 91.54707631404604
62.751293691 91.9684215743364
62.753525021 91.9792707875543
62.759958286 92.08405668315605
62.804597625 92.08405668315606
63.853971292 92.15610204114621
63.854302408 92.20764165749095
63.854778972 92.28839045727652
63.855900959 92.33084666969252
63.855935228 92.38502360838648
63.856068515 92.51625115666431
63.864414921 92.5525071578251
63.867286174 92.56178904901834
63.868111138 92.56246513096991
64.905580608 92.63451048896006
64.905925795 92.68605010530482
64.906406659 92.76679890509038
64.907527774 92.80925511750638
64.907551704 92.86343205620034
64.907675317 92.99465960447817
64.915773248 93.03091560563897
64.919037587 93.0401974968322
65.916475413 93.11224285482234
65.916812914 93.16378247116711
65.917286181 93.24453127095266
65.918518824 93.47239197034045
65.926569398 93.50864797150125
65.934443369 93.50864797150128
66.91177855 93.58069332949142
66.912098739 93.63223294583618
66.91256065 93.71298174562175
66.913736426 93.94084244500954
67.856446694 94.01288780299969
67.856736675 94.06442741934444
67.857214867 94.14517621913001
67.859812462 94.27923043599228
67.860185689 94.29543588441477
68.76713202 94.36748124240492
68.767421398 94.41902085874968
68.767864141 94.49976965853524
68.773004061 94.5501498347802
68.773804859 94.63382387539751
68.784086945 94.63382387539752
69.636251346 94.70586923338767
69.636512526 94.75740884973243
69.636969859 94.838157649518
69.642077798 94.88853782576295
69.645084603 94.91507319186132
69.645356213 94.9356529215097
70.466970015 95.00769827949986
70.467234218 95.05923789584462
70.469472413 95.13998669563017
70.479943982 95.17481593192957
70.48139824 95.18691527245035
70.48382409 95.19724881857259
71.267129013 95.26929417656275
71.26737284 95.32083379290751
71.2678215 95.40158259269306
71.278092256 95.43641182899246
71.279749928 95.44851116951324
72.044697789 95.5205565275034
72.044962565 95.57209614384816
72.047381998 95.59062696168498
72.05051129 95.61703389437584
72.051962747 95.63127447326515
72.054110041 95.65134639675111
72.055075927 95.68767417993311
72.784452053 95.75971953792327
72.784673114 95.81125915426803
72.787047263 95.82978997210485
72.79044584 95.84263265399615
72.791465511 95.87043748368502
73.498136512 95.94248284167517
73.498354205 95.99402245801993
73.500671146 96.01255327585676
73.503977022 96.02539595774805
73.545007583 96.02539595774806
74.174876239 96.09744131573821
74.175079047 96.14898093208296
74.177298652 96.16751174991978
74.520438853 96.1675117499198
74.816415285 96.23955710790993
74.8170268 96.29109672425469
74.829582398 96.2910967242547
75.429476832 96.36314208224485
75.430996596 96.37609525947353
75.431608885 96.4803190235366
76.03399514 96.55236438152674
76.035271168 96.56531755875544
76.037300071 96.57278143183699
76.03904267 96.58316742556522
76.627022598 96.65521278355537
76.628096433 96.66816596078407
76.629142827 96.67562983386561
76.661373321 96.67562983386563
77.148219376 96.74767519185578
77.156783994 96.78320801398763
77.64555597 96.8552533719778
77.654424891 96.86074756528282
77.693333971 96.86074756528284
78.123313065 96.93279292327298
78.131469584 96.93637062966063
78.144300485 96.93637062966064
78.580498457 97.0084159876508
78.586855013 97.06412944966227
78.717383422 97.06412944966229
79.017503004 97.13617480765244
79.425751247 97.22737359979861
79.425788651 97.23562240937504
79.495188867 97.23562240937505
79.725520163 97.23562240937507
79.812198188 97.28209351873105
79.813041028 97.29891804262247
79.820488522 97.29891804262249
80.160581538 97.34538915197847
80.293022215 97.34538915197848
80.492296373 97.43529935621285
80.800973561 97.43709715377196
80.801558259 97.44459470970507
80.802207508 97.47979985011465
80.814213222 97.47979985011466
80.849624177 97.47979985011467
81.095184107 97.48159764767377
81.095729362 97.48909520360688
81.099829811 97.50826617680728
81.099947836 97.52240347734869
81.122136757 97.5224034773487
81.355484997 97.52240347734872
81.375496444 97.66744047969144
81.376466957 97.70822185071282
81.42314018 97.70822185071283
81.633142638 97.71001964827194
81.63590516 97.73668817740545
81.820130945 97.73668817740547
81.87657433 97.73848597496456
81.878870634 97.88452288382041
82.050728921 97.88452288382042
82.698157428 97.9229039231512
82.701810848 97.92290392315121
83.661169817 98.23350672510233
83.683046446 98.23350672510234
83.926961707 98.2342696808073
83.942976172 98.23426968080732
84.21636301 98.30230495371455
84.404420076 98.3393716102628
84.405359078 98.33937161026282
84.446285799 98.94430503673289
84.449754879 99.22720379563194
