0.00035161 48.59640415740605
0.000628396 48.6852545536398
0.000691154 48.794266806853386
0.001699789 48.79426680685339
0.002064404 49.137980787907296
0.002411945 49.17648521836001
0.00245843 49.32776531262257
0.002525063 49.389493632863775
0.002859586 49.50835274904513
0.002939265 49.52266167811786
0.003034734 49.66286644770291
0.007958918 49.73217910084327
0.064986985 49.817588295259085
0.079702765 50.139425114729626
0.079893096 50.22827551096338
0.079944222 50.33728776417696
0.081079767 50.68100174523087
0.081374579 50.71950617568358
0.081415685 50.870786269946144
0.081474949 50.932514590187346
0.081748856 51.05137370636871
0.081816343 51.06568263544143
0.081896083 51.20588740502649
0.08579334 51.275200058166845
0.130792238 51.36060925258267
0.192243572 51.36458808988026
0.25340072 51.364588089880264
0.436437303 51.36547647107038
0.557884131 51.36633145060103
0.913817931 51.37357271689671
0.973664833 51.37357271689672
1.031757236 51.38461488041837
1.270014819 51.38788164596944
1.388632549 51.39607128735019
1.6285225749999999 51.39726666460321
1.861368341 51.42506490267421
2.095185476 51.43138651638777
2.269386928 51.450129305626355
2.386409316 51.45012930562636
2.505246123 51.48898218267374
2.625959663 51.50341787662025
2.685901711 51.503417876620254
2.745423008 51.51797712311973
2.985922758 51.59739906869485
3.056932466 52.04760881825644
3.057141008 52.1364592144902
3.057201125 52.24547146770379
3.058049906 52.245471467703794
3.058385536 52.53553603301044
3.058644 52.6276898792104
3.05872658 52.84069829371417
3.058993882 52.959557409895524
3.059111425 53.11407110855331
3.104968136 53.2687929561095
3.335253237 53.28322865005601
3.393003281 53.28322865005602
4.254415182 53.29778789655549
5.9326957369999995 53.87397590906065
5.932898337 53.962826305294406
5.932954226 54.071838558508
5.934081692 54.36190312381464
5.934324931 54.454056970014605
5.934364766 54.60533706427717
5.934416012 54.66706538451838
5.934683197 54.785924500699736
5.934749771 54.80023342977247
5.940105552 54.83741668647723
5.9500372200000005 54.930328906922746
5.980022025 54.93032890692276
6.317914909 54.93032890692277
6.740020084 54.96918178397013
6.768929567 54.96918178397014
7.41262422 54.98361747791665
7.777885365 54.98361747791666
8.746692819 55.61321761396867
8.74689887 55.70206801020243
8.746954257 55.81108026341602
8.747751438 55.811080263416024
8.7480916 56.10114482872267
8.74833834 56.19329867492263
8.748420357 56.4063070894264
8.748690308 56.52516620560775
8.753927981 56.57665839138526
8.758383208 56.601722794337405
8.775363549 56.6550113653313
8.794303759 56.655011365331305
11.483842656 57.29904719532984
11.484057804 57.38789759156359
11.485622304 57.496909844777186
11.486740854 57.78697441008383
11.486981186 57.87912825628379
11.487059181 58.09213667078757
11.487317416 58.21099578696892
11.492438346 58.26248797274643
11.496843991 58.287552375698574
11.514316372 58.28755237569858
14.173750621 58.9315882056971
14.173961246 59.02043860193086
14.17401793 59.12945085514445
14.174822481 59.129450855144455
14.175124817 59.4195154204511
14.175371187 59.51166926665106
14.175410762 59.66294936091363
14.17546293 59.72467768115483
14.175736819 59.843536797336185
14.180820205 59.89502898311369
14.185136586 59.92009338606584
14.238581898 59.920093386065844
15.595534391 59.92009338606585
16.780953149 60.56412921606437
16.781170856 60.65297961229813
16.782800535 60.761991865511725
16.783867539 61.05205643081837
16.784108295 61.14421027701833
16.784147339 61.2954903712809
16.784433047 61.47607780770346
16.789333398 61.52756999348096
16.941441581 61.52756999348097
19.154556046 61.527569993480974
19.310843077 62.17160582347951
19.311036098 62.26045621971327
19.311089609 62.36946847292686
19.312133753 62.659533038233505
19.312376817 62.75168688443347
19.312418081 62.902966978696035
19.312718514 63.08355441511859
19.322726105 63.09459657864025
19.329002886 63.10605298557206
19.329517376 63.13504660089609
21.772041582 63.77908243089461
21.772262516 63.86793282712837
21.773382525 64.26700964564861
21.773624898 64.35916349184856
21.773971257 64.69103102253369
21.783723257 64.70207318605534
21.799755031 64.70207318605536
21.92790422 64.70207318605537
24.179729759 65.34610901605389
24.179928948 65.43495941228765
24.180970962 65.83403623080788
24.181203903 65.92619007700785
24.181532735 66.25805760769296
24.1910705 66.26909977121463
24.271074517 66.26909977121464
26.520661005 66.91313560121316
26.520863777 67.00198599744692
26.52187898 67.40106281596715
26.522117055 67.49321666216711
26.522156888 67.64449675642967
26.52244467 67.82508419285223
26.556635008 67.82508419285224
26.781536035 67.82508419285226
27.1432112 67.82508419285227
28.78166058 68.06333449457196
28.781744392 68.37840232394089
28.781863517 68.55797041908454
28.783065698 68.58933816218128
28.784109329 68.73659821024941
28.784323 68.76859223490538
28.785266126 68.96538678515812
28.789054178 69.24041181012845
28.808126193 69.28197326973446
28.808707276 69.36810515017582
28.941368116 69.36810515017584
30.448699483 69.36810515017585
31.005676086 70.01214098017438
31.005891187 70.10099137640813
31.006934331 70.50006819492836
31.00716344 70.59222204112832
31.007201925 70.74350213539088
31.012823352 70.78343276745204
31.030810873 70.82499422705806
31.031441497 70.82499422705807
32.7713355 70.82499422705808
33.202718815 71.4690300570566
33.202908825 71.55788045329037
33.203880019 71.9569572718106
33.204100929 72.04911111801056
33.20413877 72.20039121227312
33.20963971 72.24032184433426
33.251251852 72.24032184433428
35.252831395 72.88435767433282
35.254016622 73.3722848890868
35.254260846 73.46443873528676
35.254942822 73.61571882954932
35.270886691 73.65393250715599
37.294175719 74.29796833715451
37.295315598 74.63567330390934
37.295514885 74.87804939810847
37.295554343 75.02932949237105
37.320814814 75.0659320968327
39.003683777 75.06593209683271
39.249749007 75.70996792683124
39.250860319 76.19789514158524
39.251076421 76.2900489877852
39.251115412 76.44132908204776
41.173070487 76.67957938376746
41.173150971 76.9946472131364
41.174330062 77.17152478988392
41.174423804 77.33722939596308
41.17975281 77.40146078028644
41.179813975 77.40889398390874
41.179880951 77.7542324784514
43.025095418 77.99248278017112
43.025187435 78.10719320244174
43.025296104 78.26541621282317
43.026292391 78.48442818628756
43.026357754 78.65013279236673
43.036515997 78.67352681733885
43.037089327 78.82207098185758
43.042035618 78.89863961935214
43.043720298 78.97643897781619
43.051400649 79.0038909890264
44.784469058 79.2421412907461
44.78455594 79.35685171301672
44.784662969 79.51507472339816
44.785652265 79.73408669686256
44.78631322 79.89979130294171
44.796129711 80.07172949243258
44.801630032 80.1214081810455
44.802729803 80.22609748839118
45.970384817 80.22609748839119
46.508371215 80.46434779011088
46.50845795 80.57905821238151
46.510720446 80.73728122276293
46.511668541 80.95629319622734
46.511740852 81.12199780230651
46.521793582 81.19686437988719
46.526937315 81.29075265874405
46.527576596 81.3436146804103
46.862837329 81.34361468041031
48.158981946 81.58186498213001
48.159065325 81.69657540440063
48.159171466 81.85479841478207
48.160114533 82.07381038824646
48.16074361 82.23951499432562
48.170207137 82.3143815719063
48.175273527 82.4611318724294
48.400578419 82.46113187242942
48.634873262 82.46113187242943
49.775571185 82.69938217414911
49.7756535 82.81409259641974
49.77576344 82.97231560680117
49.776383361 82.97231560680119
49.776714536 83.19132758026556
49.776791208 83.35703218634474
49.791574612 83.42437532516273
49.792106412 83.42437532516274
49.79215545 83.5257870427823
50.131877737 83.52578704278231
51.324671579 83.76403734450199
51.324755522 83.87874776677262
51.324862192 84.03697077715407
51.325772185 84.25598275061844
51.326373372 84.25598275061847
51.327397309 84.30390956558062
51.336478045 84.32529302630178
51.341073841 84.32529302630181
51.343770774 84.35889922868576
51.344995675 84.38613930040378
51.352167139 84.3861393004038
51.622280119 84.38613930040381
52.828391619 84.6243896021235
52.828479453 84.73910002439413
52.828584962 84.89732303477555
52.82920595 84.89732303477558
52.829508576 85.11633500823996
52.831137673 85.16426182320211
52.831727676 85.16426182320214
52.840233737 85.1856452839233
52.847422563 85.21925148630727
53.023022155 85.21925148630729
54.285830414 85.45750178802697
54.285911474 85.57221221029761
54.286014302 85.73043522067903
54.286883752 85.94944719414343
54.288441231 85.99737400910558
54.297341193 86.01875746982677
54.787632249 86.0187574698268
55.71503136 86.25700777154648
55.715109147 86.37171819381712
55.715369714 86.5287878833906
55.715808107 86.52994120419856
55.716063744 86.74895317766294
55.718155257 86.7968799926251
55.753473696 86.79687999262512
57.075434014 87.03513029434482
57.075518952 87.14984071661546
57.078021729 87.30691040618893
57.078220695 87.52707570046128
57.083124264 87.56240147292742
57.098789751 87.56869390441547
57.204770618 87.5686939044155
58.39047831 87.80694420613519
58.390572879 87.92165462840582
58.391325665 88.0787243179793
58.39152807 88.29888961225164
58.396607313 88.33421538471778
58.448964104 88.3342153847178
58.983413691 88.33421538471781
59.671871237 88.39222410039564
59.671944127 88.57674976551282
59.672342323 88.5926636253778
59.672450801 88.68717610870813
59.672624273 88.8442457982816
59.672825191 89.06441109255395
59.696424142 89.09973686502008
59.728159637 89.09973686502009
60.023864157 89.0997368650201
60.892236746 89.3379871667398
60.892371682 89.34227124581511
60.892597128 89.60976727858392
60.893216986 89.82993257285625
60.893740654 89.82993257285628
62.08403864 90.06818287457597
62.08417387 90.07246695365129
62.085104974 90.08838081351624
62.085332888 90.33996298642008
62.087659409 90.41301378700227
62.096784015 90.45723324220104
62.099091364 90.49347765081406
62.144749736 90.49347765081407
62.258477452 90.4934776508141
63.218455695 90.73172795253377
63.218598229 90.73601203160909
63.21901082 90.75192589147407
63.220430929 90.83419532811972
63.221073762 90.83943378836214
63.222007933 90.98391758392334
63.227416205 91.02977861641016
63.236455661 91.04143474025891
63.28205274 91.04143474025892
63.896226976 91.04143474025894
64.320443859 91.27968504197861
64.320584071 91.28396912105393
64.320984457 91.29988298091891
64.322883545 91.37859127701716
64.323062511 91.38739087780701
64.323967095 91.53187467336818
64.329182459 91.57773570585499
64.457610055 91.577735705855
64.839008883 91.57773570585502
65.377484193 91.81598600757472
65.377619319 91.82027008665004
65.378009759 91.83618394651499
65.37984517699999 91.91489224261325
65.380017148 91.92369184340309
65.3804271 92.06817563896429
66.14893208 92.0681756389643
66.393425236 92.30642594068401
66.393559304 92.3107100197593
66.393947312 92.32662387962428
66.395746541 92.40533217572253
66.395909335 92.41413177651238
66.406389142 92.48450781177156
66.409507477 92.49764300321307
66.411381612 92.50230629944717
66.450889393 92.5023062994472
67.405886235 92.74055660116689
67.406029188 92.7448406802422
67.408164766 92.76075454010719
67.409858882 92.83946283620544
67.410012556 92.84826243699528
67.419661499 92.91863847225447
67.477253925 92.91863847225449
68.353137963 93.15688877397419
68.353274292 93.16117285304951
68.353652802 93.17708671291449
68.355347443 93.25579500901274
68.355532718 93.26459460980259
69.258007218 93.32260332548042
69.258090484 93.5071289905976
69.258477228 93.52304285046257
69.26807481 93.5567941369357
69.268258721 93.60367403861541
69.821712157 93.60367403861542
69.95513533 93.60367403861544
70.120404378 93.66168275429327
70.120476062 93.84620841941044
70.120850028 93.86212227927543
70.127934473 93.9094652347599
70.954626859 93.96747395043774
70.954695279 94.15199961555491
70.955043575 94.1679134754199
70.965218715 94.20938365551136
71.316620947 94.20938365551137
71.476906168 94.20938365551139
71.755488439 94.26739237118919
71.755550833 94.4519180363064
71.755903284 94.46783189617135
71.771979382 94.46783189617138
72.513213779 94.5258406118492
72.513282439 94.7103662769664
72.523096984 94.74894299498101
72.589226157 94.74894299498102
73.241909844 94.79093650396239
73.243520472 94.8313072189437
73.244067896 94.89910174337889
73.244848521 94.95867889892243
73.248692309 94.99147737577601
73.285156013 94.99147737577603
73.549884325 94.99147737577604
73.939548793 95.1430777914764
73.941748466 95.20121327971745
73.944686184 95.20121327971746
73.949017421 95.22843320836418
74.602073893 95.27042671734552
74.604760371 95.43816911230559
74.607716942 95.4381691123056
74.834387791 95.43816911230562
75.256163829 95.48016262128696
75.258716042 95.64790501624701
75.420484212 95.64790501624704
75.879909781 95.68989852522837
75.882712544 95.77482127690898
75.884754126 95.77900251332908
75.886660636 95.8327119942969
75.89867016 95.83271199429693
76.470572347 95.87470550327829
76.473162814 95.95962825495887
76.475074636 95.96380949137897
76.476744365 95.96564922453705
76.479432364 96.00945628549321
76.567559668 96.00945628549324
77.022784359 96.0514497944746
77.025365874 96.13637254615519
77.027192888 96.14055378257528
77.028888242 96.14239351573336
77.029817713 96.1610567011936
77.03150492 96.17551838366906
77.042281369 96.17551838366909
77.294286703 96.17551838366911
77.550611679 96.21751189265045
77.553140918 96.30243464433103
77.554930595 96.30661588075112
77.556597871 96.3084556139092
77.557467885 96.32711879936944
77.559509922 96.33029493493258
77.578740002 96.33029493493261
78.055401874 96.37228844391397
78.057932833 96.45721119559455
78.06126035 96.46323216517273
78.06571195 96.48189535063295
78.070880869 96.48189535063297
78.124220735 96.481895350633
78.536442767 96.52388885961435
78.538532407 96.72522263133332
78.541323171 96.7655020778722
78.546448286 96.76550207787223
78.704337683 96.76550207787224
78.985489322 96.80749558685359
78.987755654 96.8924183385342
78.988470079 96.89843930811237
79.410518525 97.00049377372981
79.412652832 97.02535556877432
79.429352733 97.02535556877433
79.827863974 97.12741003439177
79.830763422 97.13763472278652
79.834846497 97.14407066059138
80.21353002 97.24612512620882
80.216183353 97.25634981460357
80.28297036 97.25634981460358
80.559980202 97.35840428022104
80.563751805 97.42682152765164
80.885466544 97.52887599326911
81.194392596 97.57086950225047
81.194566251 97.6084681682523
81.199901115 97.62404491443385
81.490296029 97.66130468115193
81.490686608 97.76463932537612
81.762607775 97.80663283435749
81.765190421 97.81103584514634
81.765958837 97.81103584514636
81.767943734 97.83665819175168
81.793708018 97.83665819175171
82.02168586 97.87865170073307
82.024124936 97.88305471152192
82.02487633 97.88305471152195
82.025632988 98.01467507442199
82.05104165 98.014675074422
82.263183692 98.05193484114007
82.263945328 98.05666858340335
82.264568281 98.06107159419223
82.265126296 98.06107159419226
82.489006849 98.09833136091032
82.489694389 98.2213699137578
82.701028214 98.25862968047588
82.70172417 98.26336342273916
82.897970804 98.30062318945724
83.080284144 98.30869672784192
83.080476543 98.30869672784193
83.080663424 98.33716371808931
83.088748923 98.33716371808934
83.251258161 98.34523725647402
83.410879738 98.34888827291188
83.440564958 98.34888827291189
83.696240659 98.51839111365635
83.698937711 98.51839111365636
84.447035642 98.65895288109655
84.44796587 98.65895288109657
84.484722045 98.65895288109658
84.824918082 98.67204680408467
