0.000356958 48.51259618307563
0.000425083 48.98912077642164
0.000531045 49.300281855921824
0.000572491 49.726866593322825
0.000796201 49.7930973367078
0.005669039 50.053776236638356
0.005751104 50.17880382357917
0.00626072 50.21728830928723
0.013201747 50.32204601928174
0.013529267 50.4659305799353
0.048613537 50.467162394774945
0.078973941 50.55662871448037
0.079057911 50.86778979398056
0.079091511 51.294374531381564
0.079272429 51.36060527476654
0.08310091 51.621284174697095
0.083152832 51.74631176163791
0.083548547 51.784796247345966
0.089031583 51.88955395734048
0.089282382 52.03343851799403
0.116210818 52.03467033283367
0.272153803 52.03752469819773
0.299631652 52.038756513037356
0.419428113 52.05655860533676
0.663077852 52.05709142466608
0.757996676 52.07040400477588
0.785681494 52.07163581961552
0.99880332 52.07587187328393
1.026260175 52.07710368812356
1.118330234 52.08320578737923
1.145409463 52.084437602218856
1.238690476 52.084488325759764
1.265775381 52.08572014059939
1.324971428 52.085720140599406
1.476964592 52.107786560811974
1.503352058 52.109018375651615
1.62396607 52.110120305323576
1.6824539729999999 52.11230387675154
1.776027939 52.13117615170391
1.802766911 52.13240796654355
2.015520448 52.136691311810324
2.041934189 52.13792312664995
2.135490652 52.180972886266375
2.163015357 52.182204701106016
2.404908114 52.19940462400574
2.522869006 52.21487801531808
2.64251052 52.21487801531809
2.733223272 52.25704298245726
2.761064025 52.2582747972969
2.822545484 52.30343285226105
2.945419876 52.35876257597164
3.090654402 52.59576326394942
3.090749227 52.9069243434496
3.090970148 53.39973982423558
3.094823429 53.660418724166135
3.094876968 53.78544631110695
3.095281122 53.823930796815006
3.1004936770000002 53.92868850680952
3.126601376 54.07380488230271
3.736389059 54.07380488230272
4.280500674 54.106478196514786
5.202725819 54.14987497849359
5.978943663 54.48859525998574
5.979070206 54.60979302294737
5.97924329 54.70197112974539
5.979297667 55.29257182027192
5.983027376 55.55325072020247
5.983081553 55.67827830714329
5.983451599 55.71676279285134
6.013273393 55.744565614177716
6.013647116 55.82152050284584
6.031374878 55.82152050284586
6.35195259 55.821520502845864
6.799926709 55.89759059903674
8.783548896 56.2363108805289
8.783670738 56.357508643490526
8.78369856 56.97405669743009
8.783900371 57.04028744081507
8.7876546 57.300966340745624
8.78807427 57.46447841339448
8.795353928 57.536562809176935
8.898959416 57.54054850958537
8.906282838 57.56283617080535
8.928748564 57.56835133091176
11.523818739 57.97762654848838
11.523948791 58.09882431145001
11.525677994 58.71537236538956
11.525881572 58.781603108774554
11.529490238 59.04228200870511
11.529892937 59.20579408135398
11.638262955 59.21130924146039
14.217290371 59.620584459037026
14.217409383 59.741782221998655
14.217436899 60.35833027593821
14.21762511 60.4245610193232
14.227369056 60.619901813323345
14.228272581 60.68477730713666
14.228390365 60.82435182717844
14.24362854 60.84765006223065
16.811027357 61.244657364967885
16.811167179 61.365855127929514
16.8129307 61.98240318186908
16.813133293 62.04863392525406
16.822569439 62.243974719254204
16.823474602 62.30885021306754
16.823595091 62.44842473310931
19.140515975 62.46620780805511
19.333296833 62.863215110792346
19.333401722 62.984412873753975
19.333562653 63.07659098055199
19.3336149 63.66719167107852
19.343060078 63.862532465078665
19.343761289 63.86253246507868
19.352757547 64.02001885137172
21.608166095 64.03780192631751
21.631490576 64.03780192631753
21.786010426 64.43480922905475
21.786117783999998 64.55600699201638
21.786282823 64.6481850988144
21.786334757 65.23878578934092
21.795576132 65.43412658334107
21.831465042 65.43412658334108
23.806062771 65.45190965828688
23.855618745 65.4519096582869
24.181816049 65.85120409735158
24.18192688 65.97240186031321
24.182095321 66.06457996711123
24.182287509 66.12980350378827
24.182335331 66.2320912165302
24.182408229 66.44117255447965
24.182456546 66.45043657289948
24.182652382 66.47985950742816
24.182961279 66.65518065763776
24.19139841 66.8505214516379
24.192079934 66.85052145163792
25.070833374 66.86601739025626
26.551334821 67.26531182932094
26.55150027 67.3808149323056
26.551631993 67.47868769908058
26.551683822 68.06928838960711
26.567600818 68.11338808996409
26.56766723 68.19748930288893
26.571601789 68.23942368571424
26.57223997 68.23942368571426
26.573744884 68.24913324498891
26.576384659 68.26462918360725
27.245215539 68.26462918360727
28.81950276 68.67941956129029
28.819652379 68.79492266427495
28.819853188 68.89279543104993
28.820003917 68.95801896772697
28.820053915 69.06030668046888
28.820135904 69.26938801841835
28.820179575 69.27865203683818
28.820380071 69.30807497136686
28.820677381 69.48339612157646
28.835591839 69.61159703485828
28.83947643 69.65353141768358
28.84014599 69.6535314176836
28.863751966 69.66324097695826
29.170828575 69.66324097695828
31.071064519 70.0780313546413
31.071225902 70.19353445762594
31.071358087 70.29140722440093
31.071526615 70.35663076107797
31.071578706 70.45891847381989
31.071662426 70.66799981176935
31.071709085 70.67726383018918
31.071919147 70.70668676471786
31.081703845 70.73020593056255
31.081857965 70.779412146331
31.082520401 70.77941214633101
31.084298537 70.81711879891883
31.084481266 70.87642579429229
31.085141533 70.8764257942923
31.086980248 71.01020882820929
31.090798518 71.05214321103459
31.091451015 71.0521432110346
31.845049371 71.05214321103462
33.301037406 71.46693358871765
33.301191209 71.5824366917023
33.30131845 71.68030945847728
33.30149664 71.74553299515432
33.30154811 71.84782070789625
33.301619106 72.0569020458457
33.301664803 72.06616606426553
33.301855917 72.09558899879421
33.311491398 72.1191081646389
33.311655697 72.16831438040735
33.314037703 72.20602103299518
33.314232044 72.26532802836864
33.316650586 72.39911106228564
33.320352307 72.44104544511094
34.519955385 72.44104544511096
35.361272466 72.85583582279396
35.361420722 72.97133892577861
35.361546061 73.0692116925536
35.361694849 73.13443522923063
35.361745106 73.23672294197256
35.361825977 73.44580427992202
35.361869913 73.45506829834184
35.362068586 73.48449123287052
35.37149591 73.50801039871523
35.371729754 73.52192368564971
35.373972426 73.59492326707151
35.374136643 73.65423026244497
35.376484017 73.78801329636195
35.38106081 73.80953165206087
35.580634972 73.80953165206088
37.356701629 74.2243220297439
37.356846749 74.33982513272856
37.35696903 74.43769789950356
37.357152259 74.50292143618059
37.357200352 74.6052091489225
37.357265916 74.81429048687197
37.357309927 74.8235545052918
37.357514332 74.85297743982048
37.366780941 74.87649660566517
37.367047521 74.89040989259964
37.369202749 74.96340947402145
37.369408378 75.0227164693949
37.371711857 75.1564995033119
39.294026735 75.57128988099494
39.294185058 75.6867929839796
39.294306579 75.78466575075458
39.294484272 75.84988928743162
39.294535315 75.95217700017353
39.294606078 76.161258338123
39.29464988 76.17052235654283
39.294853505 76.1999452910715
39.303971156 76.22346445691619
39.304231538 76.23737774385067
39.306342525 76.31037732527247
39.306532018 76.36968432064593
39.308828321 76.50346735456293
41.173582002 76.91825773224598
41.173729962 77.03376083523064
41.17385352 77.1316336020056
41.174011525 77.19685713868263
41.174060983 77.29914485142457
41.174127158 77.50822618937401
41.17417122 77.51749020779384
41.174336179 77.54691314232254
41.183412793 77.58434559510171
41.185493544 77.65734517652349
41.187322144 77.66399148740977
41.190049736 77.68431863634571
41.190421517 77.80924826690615
41.199319581 77.83569204614203
41.202063574 77.84427207933682
43.005815829 78.25906245701984
43.00596587 78.3745655600045
43.006093348 78.47243832677948
43.006274776 78.5376618634565
43.006323827 78.63994957619843
43.006413451 78.85829493256772
43.006612764 78.88771786709641
43.015575656 78.92515031987558
43.017566098 78.99814990129737
43.019399167 79.00479621218365
43.022652817 79.06822392913122
43.032306894 79.1764967709159
43.102278888 79.17649677091592
43.417812219 79.17649677091593
44.770828915 79.59128714859895
44.770991339 79.70679025158361
44.771120219 79.8046630183586
44.771308867 79.86988655503562
44.771441092 80.19051962414683
44.771644124 80.21994255867553
44.782464621 80.33037459287648
44.784263285 80.33702090376276
44.787251109 80.40044862071034
44.89187942 80.40044862071036
46.477390076 80.81523899839337
46.477545557 80.93074210137803
46.479723725 81.13350187551674
46.479991275 81.41447147394125
46.480163975 81.44389440846994
46.490247494 81.5543264426709
46.491988316 81.56097275355718
46.506034434 81.57618112065174
46.638789211 81.57618112065175
47.197951432 81.57618112065177
47.526774239 81.57618112065178
48.128049877 81.99097149833479
48.12818851 82.10647460131945
48.128299608 82.30923437545816
48.128693017 82.37193650954302
48.128734098 82.61962690841136
48.139158601 82.73005894261232
48.15711885 82.7319557206232
48.672083433 82.73195572062322
49.21688525 82.73195572062323
49.734734444 83.14674609830624
49.734874583 83.2622492012909
49.734982191 83.46500897542961
49.735389536 83.52771110951447
49.735414502 83.77540150838281
49.745583661 83.88583354258377
49.872657293 83.88583354258378
50.001605758 83.8858335425838
50.474068589 83.88583354258381
51.316197488 84.30062392026683
51.316352163 84.41612702325149
51.316473819 84.6188867973902
51.31687764 84.68158893147505
51.316901987 84.92927933034339
51.326900367 85.03971136454437
51.870833192 85.03971136454439
52.825016207 85.45450174222741
52.825171887 85.57000484521207
52.82529083 85.77276461935078
52.825715966 85.83546675343563
52.825744615 86.08315715230397
52.848133033 86.16019227884742
52.937157129 86.16019227884743
53.751109453 86.16019227884745
54.281332894 86.57498265653045
54.281484346 86.69048575951511
54.281604055 86.89324553365383
54.282003342 86.9559476677387
54.28203123 87.20363806660704
55.726309777 87.2707643134934
55.726925805 87.39103783666383
55.727392237 87.70876776199106
55.728293936 87.81831290304362
55.735017379 87.91503106975193
55.735263248 87.94367081858601
55.735531595 88.17637528085635
55.738059095 88.20672754501945
57.133287432 88.27385379190582
57.133740717 88.39412731507625
57.134635948 88.46483666996383
57.135181817 88.4930524800921
57.135435957 88.66905748947286
57.138107549 88.77720428204952
57.138655031 88.77720428204954
57.141662486 88.91812054816432
57.14189748 88.94676029699843
57.144082697 88.9528818498033
57.144620231 88.95288184980332
57.147274913 88.95390191188673
58.480863239 89.02102815877308
58.481333107 89.14130168194353
58.483636665 89.21201103683111
58.484386497 89.41623185634015
58.48690399 89.52437864891681
58.487422811 89.52437864891682
58.490306219 89.66529491503161
58.490536904 89.69393466386569
58.494319711 89.7000562166706
58.508632124 89.70005621667062
59.1813556 89.70005621667063
59.764489085 89.76718246355695
59.764965126999996 89.8874559867274
59.765842884 89.95816534161499
59.766603434 90.16238616112402
59.769140003 90.27053295370068
59.769668755 90.2705329537007
59.772549059 90.41144921981548
59.772779868 90.44008896864956
59.786857708 90.44008896864958
59.79760297 90.44008896864959
61.007722337 90.50721521553595
61.008163281 90.62748873870638
61.009016104 90.69819809359399
61.009786596 90.90241891310302
61.012460184 90.9634765492915
61.0125693 90.9639324497227
61.012728096 91.01056570567967
61.022786989 91.15148197179447
61.040033619 91.15148197179448
62.195822802 91.21860821868086
62.196285303 91.33888174185128
62.19712434 91.40959109673886
62.197853579 91.6138119162479
62.200490501 91.6748695524364
62.20061739 91.67532545286761
62.209383581 91.69214202376827
62.217083585 91.7186754643839
62.398082976 91.71867546438392
63.347815395 91.78580171127028
63.348254218 91.9060752344407
63.349067006 91.97678458932832
63.349779917 92.18100540883735
63.352383898 92.24206304502583
63.352510871 92.24251894545704
63.948311087 92.24251894545705
64.456714903 92.28983740843908
64.457119239 92.42991871551384
64.457921551 92.50062807040143
64.458633953 92.70484888991047
64.467518175 92.73748423063118
64.467734062 92.759988463502
64.474439932 92.76590652609896
64.750497599 92.76590652609897
65.51870896 92.813224989081
65.519086694 92.95330629615574
65.519855064 93.02401565104336
65.523914842 93.15594024319401
65.527091323 93.17387767211036
65.52963397 93.26087181127309
65.529829872 93.28337604414389
65.612174553 93.28337604414392
66.531258985 93.33069450712594
66.531415099 93.48726627773172
66.532150625 93.50173483139858
66.533170394 93.530186812641
66.538638962 93.67915987591181
66.538960506 93.69134719015531
66.544873783 93.79000771469907
67.100057263 93.79000771469909
67.347366838 93.7900077146991
67.518621005 93.8373261776811
67.518760249 93.99389794828689
67.519478564 94.00836650195374
67.520490692 94.03681848319617
67.526257486 94.19797886071048
67.565235215 94.19797886071049
68.230441578 94.1979788607105
68.470901081 94.24529732369253
68.471049476 94.40186909429832
68.471755474 94.41633764796516
68.472729809 94.4447896292076
68.482221162 94.47274176641614
68.482488519 94.51043080594849
68.48385703 94.51840670101305
68.486326066 94.59533327640605
68.499232547 94.59533327640607
68.624531724 94.59533327640608
69.372557331 94.6426517393881
69.372697126 94.79922350999388
69.37506119 94.81369206366074
69.375947579 94.84214404490316
69.385097967 94.87009618211172
69.385370657 94.90778522164408
69.386421216 94.91576111670864
70.118047551 94.91576111670865
70.239179406 94.96307957969069
70.23931566 95.11965135029646
70.239981082 95.1341199039633
70.24092757 95.16257188520575
70.249887232 95.19052402241428
70.250816746 95.20344552055957
70.251164684 95.2361889570112
70.27365536 95.23618895701121
71.084181386 95.28350741999323
71.08432948 95.44007919059904
71.084958163 95.45454774426587
71.085874603 95.4829997255083
71.094502105 95.51095186271685
71.87377495 95.5582703256989
71.873915676 95.71484209630468
71.87453088 95.72931064997154
71.875415242 95.75776263121396
72.636564088 95.80508109419598
72.636706835 95.96165286480179
72.637299339 95.97612141846862
72.640293954 95.993220099498
73.370118752 96.04053856248005
73.370260091 96.19711033308583
73.370863887 96.21157888675266
73.379623328 96.22235007456207
73.449434362 96.2223500745621
74.07128653 96.4262403081499
74.071943381 96.44070886181676
74.078853868 96.5343446875007
74.623903488 96.53434468750073
74.736937313 96.56890627606204
74.737148557 96.58166315048275
74.738193673 96.68948749561538
74.739369621 96.71868004996567
74.745227898 96.7521545043101
75.344796087 96.75215450431011
75.37599132 96.78671609287142
75.37620698 96.7994729672921
75.377183631 96.90729731242476
75.378338857 96.93648986677502
75.383921007 96.96996432111945
75.399010984 96.96996432111946
75.552260483 96.96996432111948
75.884202083 96.96996432111949
75.986605069 97.00452590968078
75.986856176 97.0172827841015
75.98790488 97.12510712923415
75.989046258 97.15429968358438
75.991274376 97.15429968358441
76.496415872 97.15429968358443
76.563775434 97.18886127214574
76.563960461 97.20161814656646
76.564957248 97.2107244983238
76.566304034 97.26804474096039
76.569008913 97.29408351881176
76.569327305 97.30706353015185
76.573919736 97.30944249169912
77.122646484 97.34400408026042
77.122850363 97.35676095468114
77.12356562 97.52348930718202
77.124021878 97.52348930718203
77.284469808 97.52348930718205
77.644708285 97.55805089574334
77.644884186 97.57080777016408
77.64584639 97.57991412192142
77.647117812 97.63723436455801
77.649912416 97.67625315374944
77.664510546 97.67625315374946
77.729780362 97.67625315374947
78.13943821 97.71081474231077
78.139628271 97.72357161673146
78.140232887 97.7463466595748
78.143943564 97.81603698897679
78.144965119 97.82104077496003
78.159062007 97.82104077496007
78.622284205 97.85560236352136
78.623026139 97.89113428078541
78.626944303 97.95775568771474
78.636333092 97.95775568771475
78.895369069 97.95775568771477
78.959646487 97.95775568771478
79.083121678 97.99231727627605
79.085380525 98.0040102827027
79.085894107 98.0278491935401
79.088333298 98.03190223265815
79.097486537 98.03190223265817
79.106642922 98.03190223265818
79.398051939 98.0319022326582
79.45770177 98.03190223265821
79.51286214 98.06646382121949
79.515066304 98.07815682764613
79.515552843 98.10199573848354
79.522167164 98.10199573848355
79.540399137 98.10199573848357
79.922466909 98.13655732704487
79.924486625 98.14798854340867
79.924678376 98.14825033347148
79.925830872 98.15336684814102
79.956809777 98.15336684814103
80.057315553 98.15336684814105
80.30726189 98.18792843670235
80.309283496 98.19962144312899
80.31303837 98.21706606853147
80.650339255 98.25162765709275
80.652085123 98.26305887345659
80.652239733 98.2633206635194
80.658911193 98.26332066351941
80.835910774 98.26332066351942
80.979536278 98.29788225208071
80.981249609 98.30931346844451
81.004222173 98.30931346844453
81.203173173 98.30931346844454
81.283073287 98.34387505700585
81.573635119 98.37328168505809
81.575177848 98.37439166448152
81.645721984 98.37439166448154
81.844222191 98.40379829253379
82.100671304 98.43382719512086
82.218874225 98.43382719512087
82.338338104 98.49604264422166
82.5642589 98.50855804458857
82.771843408 98.5620608822022
82.869193703 98.56206088220222
84.757304431 98.67650420332886
84.762491456 98.67650420332888
84.79734859 98.80296032147852
84.804799601 98.80296032147854
