0.000355229 53.305668316194314
0.000471959 53.63882813207188
0.007492799 53.66161748412212
0.011997605 53.683526918722436
0.061400047 53.75250182103015
0.078564354 54.83424064577896
0.078615013 55.16740046165653
0.084035567 55.190189813706766
0.087596241 55.212099248307084
0.126736752 55.2810741506148
0.187720899 55.28107415061481
0.36985656 55.288075895420114
0.610430974 55.29086644376484
0.66976836 55.29418665421028
0.788949995 55.31166284637219
1.028105416 55.32802823357521
1.147764541 55.34535854043466
1.265770106 55.34656087483606
1.50576571 55.36908890878546
1.6232945540000001 55.379388028091554
1.742738457 55.38076089075497
1.8028740079999999 55.38076089075498
1.861651076 55.395795546630126
1.980611375 55.40023193071046
2.041045741 55.413484225143414
2.282893491 55.42887861535043
2.707350279 55.46472539733862
2.889428661 55.473577402001
3.078383859 56.731746202011074
3.078447183 57.06490601788864
3.083886175 57.08769536993888
3.087320115 57.109604804539195
3.145139586 57.10960480453921
3.357308139 57.18580097830945
5.956420927 57.781270148254954
5.95669951 57.9191392082597
5.957826424 58.09883538766736
5.958045885 58.413748403855074
5.958617194 58.48431917010162
5.961590329 58.61307006298437
5.961977053 58.7351612454648
5.962159591 58.81747898597917
5.96545012 58.86217777262974
8.756003498 60.205394751072454
8.756114869 60.421338797971764
8.756767396 60.5054714982297
8.756911207 60.538554566950005
8.867473869 60.53855456695002
11.480078842 60.873198997833576
11.480224445 61.05238375705472
11.480319466 61.31659158355081
11.481138577 61.316591583550824
11.481412968 61.49628776295847
11.481631068 61.81120077914618
11.488102774 61.909820537202215
11.488260304 61.99169933011947
11.488489472 62.028758996439045
11.488578566 62.16544077401141
11.521895661 62.186284676630315
12.161596581 62.18628467663033
14.1491803 62.520929107513886
14.149311689 62.70011386673503
14.151146571 62.96432169323112
14.151907132 62.964321693231135
14.152157254 63.14401787263878
14.152360701 63.458930888826494
14.15759149 63.557550646882525
14.157741512 63.63942943979978
14.15797043 63.676489106119355
14.158056905 63.81317088369173
16.737091422 64.14781531457528
16.737241893 64.32700007379643
16.737337402 64.59120790029253
16.738129812 64.59120790029255
16.738449815 64.63111576044031
16.738625652 65.08581709588789
16.746001684 65.31695765511677
16.746572001 65.35153550642642
19.257565052 65.86536469653113
19.2576726 66.12957252302722
19.26057474 66.169480383175
19.260737639 66.62418171862261
19.268739789 66.6294570182385
19.269803403 66.88010783601108
21.711682455000002 67.39393702611578
21.711788975 67.65814485261187
21.712813253 67.69805271275965
21.712981461 68.15275404820724
21.721810216 68.15802934782315
21.722838133 68.40868016559573
24.121780148 68.92250935570044
24.121904655 69.18671718219653
24.122920467 69.22662504234431
24.123086851 69.6813263777919
24.134130618 69.78324718995934
24.134822918 69.8433776836008
26.459980351 69.87354726124198
26.46003659 70.3572068737055
26.460096142 70.62141470020158
26.461105798 70.66132256034936
26.461589273 70.78744158239196
26.461980707 71.11602389579697
26.473023095 71.2179447079644
26.477412432 71.26714391777651
26.47834065 71.27626166257498
26.503719517 71.27807520160586
27.02212305 71.27807520160587
28.726681544 71.30824477924706
28.726739516 71.79190439171056
28.726819371 72.05611221820666
28.727809032 72.09602007835444
28.728307409 72.22213910039703
28.736729866 72.22383480390705
28.738355998 72.2622644469192
28.738412124 72.34847046250187
28.739511193 72.65264222596947
28.743591357 72.70184143578157
28.744510875 72.71095918058005
28.787956731 72.71095918058006
30.948215662 72.74112875822125
30.948272718 73.22478837068476
30.948359275 73.48899619718085
30.949035425 73.48899619718087
30.949336611 73.52890405732863
30.949845485 73.65502307937122
30.957149763 73.65671878288124
30.958793449 73.6951484258934
30.958843923 73.78135444147605
30.9594547 73.78135444147607
30.959944333 74.08552620494368
30.964682083 74.13472541475579
33.261220524 74.16489499239698
33.261273559 74.6485546048605
33.261346628 74.91276243135658
33.262020866 74.9127624313566
33.262309914 74.95267029150436
33.262793582 75.07878931354695
33.270609843 75.08048501705697
33.271591567 75.11891466006912
33.271640415 75.20512067565178
33.272253491 75.20512067565181
33.272731715 75.50929243911942
33.277301794 75.55849164893151
34.54836676 75.55849164893152
35.436394463 75.58866122657271
35.436459574 76.07232083903621
35.436549457 76.33652866553233
35.437254832 76.33652866553234
35.437545274 76.37643652568012
35.438043836 76.50255554772271
35.446675503 76.62888690982753
35.447286479 76.62888690982754
35.447749655 76.93305867329515
37.436340375 76.96322825093631
37.436395047 77.44688786339982
37.436463489 77.71109568989593
37.437111799 77.71109568989594
37.437382863 77.7510035500437
37.437856812 77.87712257208631
37.446261278 78.00345393419114
37.456376207 78.16870505509391
37.954792039 78.16870505509392
39.378346309 78.1988746327351
39.378400714 78.68253424519861
39.378471093 78.94674207169471
39.379358702 78.98664993184249
39.37983086 79.11276895388508
39.388106728 79.23910031598992
39.406528599 79.2485724301181
41.252404895 79.27874200775926
41.252471659 79.76240162022276
41.252561846 80.02660944671888
41.253482976 80.06651730686664
41.261057006 80.0845738786029
41.262144591 80.31896769101408
41.756776286 80.3189676910141
42.921528434 80.31896769101411
43.06730971 80.34913726865527
43.067354537 80.8327968811188
43.067434719 81.09700470761489
43.068258693 81.13691256776265
43.075500292 81.13691256776268
43.075610257 81.1549691394989
43.081122985 81.18832498629537
43.08117169 81.22346085314793
43.081339709 81.2573543193463
43.084066869 81.29952468748509
43.084215075 81.38936295191009
44.823052177 81.41953252955126
44.823109304 81.90319214201479
44.824012191 82.20730782865866
44.831544733 82.2253644003949
44.834213382 82.38861088686814
46.528937368 82.41878046450931
46.528993098 82.90244007697282
46.529867961 83.20655576361669
46.530548957 83.2065557636167
46.536873867 83.20655576361672
46.542170332 83.25796818214941
46.542217766 83.29310404900195
46.542388643 83.32699751520035
46.555638507 83.32699751520036
48.184525624 83.35716709284154
48.184587285 83.84082670530506
48.185475473 84.14494239194893
48.202335821 84.19635481048162
48.204002944 84.23149067733416
48.229797874 84.2314906773342
49.770892399 84.26166025497537
49.77094689 84.74531986743888
49.771797754 85.04943555408275
49.778489262 85.04943555408276
49.789632694 85.16992908490015
51.31352264 85.20009866254132
51.313577176 85.68375827500482
51.314406598 85.9878739616487
51.826508328 85.98787396164872
52.250270731 85.98787396164873
52.823332775 86.01804353928989
52.823381945 86.50170315175342
52.824202984 86.80581883839727
52.860434766 86.8058188383973
54.263858701 86.83598841603848
54.263913813 87.31964802850197
54.265263065 87.34856769883675
54.265780389 87.45116363317004
54.266262823 87.59419279411182
54.273901151 87.60522643717437
54.529422356 87.60522643717438
54.969392354 87.6052264371744
55.667465638 87.63539601481556
55.668067431 88.11905562727908
55.66884376 88.14797529761385
55.66934557 88.25057123194715
55.669809098 88.39360039288893
55.684309848 88.40463403595145
55.732918695 88.40463403595147
57.018769485 88.43480361359265
57.019538826 88.66721552604103
57.01965027 88.70571273392069
57.02014005 88.94738289639092
57.020976983 88.96878548911691
57.021102221 89.193007991666
57.335835025 89.19300799166601
58.148359887 89.19300799166602
58.330265287 89.2231775693072
58.3309991 89.45558948175558
58.331110069 89.49408668963524
58.331580843 89.73575685210548
58.340473912 89.78433509414849
58.343445976 89.90945549830083
58.345862461 89.96846690607121
59.594106386 89.99863648371239
59.594871962 90.23104839616077
59.594975029 90.26954560404043
59.595428811 90.51121576651067
59.603633759 90.55979400855368
59.606560287 90.68491441270602
59.656996756 90.68491441270604
60.823343614 90.71508399034722
60.824058971 90.94749590279561
60.824173085 90.98599311067527
60.824646464 91.2276632731455
60.833230405 91.27624151518852
60.835501548 91.30113655154041
61.998619078 91.33130612918158
61.999291891 91.56371804162997
61.999405454 91.60221524950963
62.000099791 91.65930682776336
62.000391206 91.68495280422088
62.000606471 91.812872797411
62.000714591 91.81525552402768
62.00822557 91.89246365402288
62.189150833 91.89246365402289
63.142818298 91.92263323166405
63.14348589 92.15504514411244
63.143594384 92.1935423519921
63.145834343 92.24000121526116
63.146812344 92.25200448522456
63.156685657 92.42186914868272
63.161942222 92.424907640271
63.178436132 92.42490764027103
64.244380483 92.4550772179122
64.245039883 92.68748913036056
64.245148267 92.72598633824022
64.245809381 92.78307791649395
64.246062713 92.8087238929515
64.246294867 92.9366438861416
64.258284118 92.95431313493087
64.59536365 92.95431313493089
65.303172979 92.98448271257206
65.303844676 93.21689462502043
65.303946254 93.25539183290009
65.304631003 93.31248341115382
65.304877062 93.33812938761137
65.305090047 93.46604938080146
65.592650565 93.4660493808015
66.331560294 93.49621895844264
66.332185423 93.72863087089102
66.332293416 93.76712807877068
66.334428807 93.81358694203975
66.345832266 93.81358694203978
66.349958078 93.9154862892127
66.879483829 93.91548628921271
67.33227389 93.94565586685388
67.332895645 94.17806777930227
67.333008014 94.21656498718193
67.335095351 94.26302385045099
67.346350807 94.26302385045102
68.303370968 94.29319342809218
68.303968735 94.52560534054057
68.304080876 94.56410254842022
68.306113065 94.61056141168929
68.324759165 94.61056141168932
69.198462495 94.64073098933049
69.199038814 94.87314290177888
69.199146793 94.91164010965853
69.207420943 94.95554230814481
69.555162412 94.95554230814483
69.968352323 94.95554230814484
70.065592221 94.985711885786
70.066158241 95.21812379823439
70.066265662 95.25662100611402
70.083551386 95.25662100611405
70.747228215 95.25662100611406
70.896571211 95.28679058375525
70.897059495 95.51920249620363
70.897232327 95.55769970408326
71.008174146 95.55769970408328
71.681875105 95.56522563037926
71.682570391 95.5797399813331
71.682834468 95.68340000425157
71.684243013 95.76550609421166
71.685111554 95.80171799973236
71.691542599 95.8198006331365
71.693876754 95.81980063313651
71.695853738 95.82206547517463
71.726811638 95.82206547517464
72.437303676 95.82959140147062
72.437732673 95.84410575242447
72.437926712 95.94776577534293
72.439243735 96.02987186530302
72.439677175 96.02987186530305
72.44012861 96.06608377082375
72.446359974 96.08416640422786
72.448601139 96.08416640422787
72.710952 96.08416640422789
72.92879681 96.0841664042279
73.166747617 96.09169233052388
73.167344025 96.10620668147773
73.167541378 96.20986670439619
73.168828145 96.29197279435628
73.169684019 96.32818469987699
73.198278688 96.32818469987701
73.861840358 96.33571062617297
73.862259369 96.35022497712684
73.862436904 96.4538850000453
73.863718512 96.5359910900054
73.869701188 96.53940718773642
73.873658863 96.54386685471025
73.887145002 96.54386685471026
74.285838911 96.54386685471027
74.526971012 96.55139278100624
74.527360576 96.5659071319601
74.527536936 96.66956715487856
74.528755777 96.75167324483866
74.534649046 96.75508934256968
74.649199395 96.75508934256969
75.031618431 96.7550893425697
75.159014338 96.76261526886569
75.159394535 96.77712961981953
75.159572107 96.880789642738
75.16112286 96.96289573269809
75.321035086 96.9628957326981
75.718750271 96.96289573269812
75.779658437 96.97042165899408
75.780011888 96.98493600994796
75.780204895 97.08859603286639
75.7868447 97.09001350445679
75.787083078 97.13849609066575
75.787471945 97.15306715149349
75.787677214 97.1530671514935
75.799636497 97.15306715149352
75.89484631 97.15306715149353
76.360376557 97.1605930777895
76.360907547 97.2787674516618
76.367493558 97.28018492325221
76.367717154 97.28018492325222
76.367877657 97.28733764619275
76.423548497 97.28733764619277
76.920668526 97.29486357248875
76.921197171 97.41303794636106
76.927469488 97.41445541795146
77.444804955 97.42198134424744
77.445469953 97.54015571811976
77.453447458 97.54750402459817
77.454375418 97.6251857020522
77.49266935 97.62518570205222
77.942817491 97.6327116283482
77.943598044 97.6746081494808
77.945365397 97.68716948153298
77.946304896 97.70534917051806
77.94670941 97.7139703649681
77.949504703 97.71397036496812
77.949606374 97.73326848786783
77.952053441 97.7388921915755
78.010805716 97.73889219157552
78.377220616 97.73889219157553
78.420272507 97.74641811787151
78.421283211 97.78831463900411
78.423075063 97.80087597105629
78.423956377 97.81905566004137
78.424568947 97.82767685449143
78.42684432 97.84697497739114
78.481568573 97.84697497739117
78.871237261 97.85450090368714
78.872002048 97.89639742481977
78.875057687 97.90895875687193
78.87583143 97.92713844585701
78.876176096 97.93575964030707
79.300985496 97.94328556660307
79.302035488 97.97212110251957
79.30361532 97.99774341978784
79.3043888 98.01592310877291
79.305721678 98.01592310877294
79.704931725 98.02344903506894
79.705984266 98.05228457098544
79.707512748 98.07790688825371
79.711908714 98.08006895050981
79.956119094 98.08006895050983
80.08595732 98.08759487680581
80.086946336 98.11643041272231
80.08837011 98.14205272999061
80.431331381 98.14957865628658
80.432283208 98.17841419220309
80.433299953 98.22027153619912
80.433445106 98.23352514715732
80.757509165 98.24105107345329
80.75832801 98.2698866093698
80.758891285 98.26988660936982
80.760377029 98.29040818020906
80.870174679 98.29040818020907
81.063799882 98.29793410650504
81.064581299 98.32676964242154
81.065144519 98.32676964242155
81.082480044 98.32676964242157
81.292386948 98.32676964242158
81.356185715 98.33429556871756
81.357183304 98.36107297251051
81.574282487 98.36107297251053
81.629922234 98.36859889880648
81.630912067 98.41633808423487
81.640291875 98.4163380842349
81.852305142 98.41633808423491
81.883803686 98.42386401053086
81.887876269 98.42819851896455
81.892648915 98.42819851896456
81.897505077 98.42819851896458
82.122222184 98.43572444526055
82.124165615 98.60737381974167
82.126074624 98.67718548765335
82.130685519 98.67718548765336
82.153053512 98.67718548765338
82.346836154 98.68471141394934
82.349710955 98.6886703079816
82.375258338 98.68867030798161
82.556471557 98.6961962342776
82.654693629 98.69619623427761
83.106550454 98.8243959920861
83.107993677 98.82439599208611
83.164336259 98.82439599208612
84.391860159 98.82524670551297
84.396660158 98.82524670551298
84.4777032 98.9442669626033
84.512620191 99.16276394219773
84.5201537 99.16276394219776
84.626797494 99.17923172486752
84.629119898 99.17923172486755
84.650396489 99.37629953424025
