0.000633583 52.07158492695602
0.000784694 52.56963435709663
0.000861481 53.118322014861235
0.002323951 53.22758970039493
0.002574839 53.25299084365378
0.002994029 53.558817046401856
0.003483109 53.76154307697675
0.004622585 53.82845585808424
0.006141074 54.29587046507265
0.023413566 54.34473778693547
0.066556674 54.344737786935475
0.080927441 54.61666838260036
0.08130219 54.725936068134054
0.081388751 54.7513372113929
0.081514818 55.05716341414098
0.081748726 55.259889444715874
0.082307502 55.326802225823364
0.083044146 55.79421683281178
0.141605004 55.799450747255094
0.154030046 55.84831806911791
0.188495513 55.848318069117916
0.365334833 55.84831806911792
0.389329492 55.852762248510544
0.423731079 55.85276224851055
0.504953459 55.853599409018145
0.539292489 55.85359940901815
0.563032643 55.85962360832261
0.679343274 55.86659702922489
0.714027977 55.8665970292249
0.794585097 55.868127245546404
0.907784779 55.874946545927365
0.94060378 55.87494654592737
0.964263237 55.87713738084953
1.077757464 55.912377621739054
1.111480701 55.91237762173906
1.134857024 55.91755034359271
1.16881583 55.917550343592715
1.249669743 55.91935574021545
1.2831394010000001 55.91935574021546
1.424726706 55.936586952695095
1.458616222 55.9365869526951
1.483299273 55.96412956397054
1.517252249 55.964129563970545
1.5735414749999999 55.96412956397055
1.713060606 55.96937486343447
1.746040792 55.969374863434474
1.827087871 55.972725041315584
1.8600354590000001 55.97272504131559
1.918178337 55.987465710889346
2.168687922 56.016107662051255
2.203249667 56.01610766205126
2.349683868 56.04200568214034
2.384673124 56.04200568214035
2.443698366 56.042005682140356
2.468415529 56.11230045338624
2.558878897 56.13466651318583
2.616938072 56.134666513185834
2.753751881 56.18421269268288
2.786585957 56.184212692682884
2.96803176 56.67803411758725
2.968419621 56.78730180312095
2.968499689 56.812702946379794
2.968623107 57.11852914912787
2.968839364 57.32125517970277
2.969406428 57.38816796081026
2.970140486 57.85558256779867
3.082908705 57.875727917573364
3.305383893 57.88148058788775
3.4160729 57.88148058788776
3.763256936 57.974141418933236
5.75058803 58.01546797740799
5.750634532 58.56415563517259
5.751053059 58.67342332070627
5.751134735 58.69882446396512
5.751266461 59.00465066671321
5.751471044 59.207376697288105
5.754422136 59.2770289405149
5.757246094 59.410253641211675
5.75917227 59.42408842192602
5.759332239 59.526866256135584
5.763518228 59.59949707484146
5.797135624 59.599497074841466
5.872869808 59.6714093141381
5.907013076 59.67140931413811
6.559412021 59.67140931413812
8.464002332 59.7846481119095
8.464045037 60.3333357696741
8.464442555 60.44260345520778
8.464522167 60.46800459846664
8.464646873 60.77383080121471
8.465393541 61.043469612897105
8.46786714 61.0462090750164
8.472619391 61.19326855642752
8.481363377 61.29080109117317
8.516324052 61.29080109117318
8.535057186 61.290801091173186
10.804556316 61.29080109117319
11.109837383 61.40403988894456
11.109881437 61.95272754670916
11.110335232 62.087396375501704
11.110468334 62.393222578249784
11.113432916 62.51853343083301
11.113582256 62.665600852051476
11.114348119 62.66560085205149
11.118341433 62.812660333462595
11.127920239 62.86541904445317
11.160818681 62.910192868208256
11.295879115 62.91019286820826
13.692958145 63.023431665979636
13.693003263 63.57211932374424
13.693459675 63.706788152536795
13.693594715 64.01261435528485
13.694307468 64.28225316696725
13.696742484 64.28499262908655
13.701373721 64.43205211049766
13.710885715 64.48481082148824
16.218515106 64.59804961925961
16.218558482 65.14673727702423
16.218997584 65.28140610581676
16.220591701 65.42600791982505
16.220633259 65.57140506903191
16.223303767 65.71254316114806
16.223445296 65.85961058236653
16.227883401 66.00667006377766
16.240529692 66.01721041540229
16.924939581 66.0172104154023
18.676728895 66.13044921317366
18.676772528 66.67913687093828
18.677310904 66.70556566968665
18.677472466 66.8015199428704
18.677527458 66.95840751373912
18.677580978 67.10380466294596
18.678081148 67.38927071416128
18.680413211 67.39201017628058
18.684746236 67.53906965769171
19.16111285 67.53906965769173
21.06307415 67.6523084554631
21.063119354 68.20099611322772
21.063786177 68.32337918515984
21.063832005 68.48026675602856
21.063884318 68.62566390523541
21.064347431 68.91112995645072
21.066678268 68.91386941857003
21.071090587 68.98953446254698
21.104558301 69.05395547907887
23.385966841 69.16719427685024
23.386014246 69.71588193461486
23.386628544 69.83826500654698
23.386687843 69.9951525774157
23.3893769 70.42875523995717
23.40840197 70.47731088601134
23.422106158 70.50442028393411
24.29533624 70.50442028393412
25.648014977 70.6176590817055
25.648060204 71.1663467394701
25.648690618 71.28872981140222
25.648737252 71.44561738227095
25.651509227 71.6518333675883
25.652112606 71.87922004481241
25.67033864 71.92777569086658
25.934560414 71.9277756908666
27.835514967 72.04101448863797
27.8355566 72.58970214640259
27.83617595 72.7120852183347
27.83623266 72.86897278920343
27.838797674 73.30257545174489
27.882836884 73.3025754517449
29.367444746 73.30257545174491
30.0131691 73.41581424951629
30.013222448 73.96450190728089
30.013831712 74.08688497921301
30.01388008 74.24377255008173
30.017186238 74.44998853539907
30.018700375 74.63691823100305
30.018941808 74.6746357505039
32.087022567 74.78787454827527
32.087112127 75.1188234533069
32.087300405 75.32023937072827
32.087703039 75.45894527797199
32.087743974 75.61583284884072
32.091072237 75.77149849150622
32.095118251 76.04596217565174
32.215134279 76.04596217565175
34.096592319 76.15920097342313
34.096634714 76.70788863118773
34.097238291 76.83027170311985
34.097297351 76.98715927398858
34.099819463 77.19337525930592
34.101842404 77.3803049549099
34.104809071 77.4172886007996
36.015861425 77.53052739857097
36.015920925 78.07921505633557
36.016585431 78.20159812826769
36.016634921 78.35848569913641
36.019150526 78.56470168445377
36.02515181 78.57106925092684
36.043278782 78.75163138005773
36.192998249 78.75163138005774
37.903446232 78.86487017782912
37.903528353 79.19581908286074
37.903699659 79.39723500028211
37.904083603 79.53594090752583
37.904122722 79.69282847839455
37.907410882 79.72615313530058
37.912630345 79.90541203018498
37.925749798 79.90541203018499
38.180170975 79.905412030185
39.723173059 80.01865082795638
39.723250564 80.34959973298801
39.723423218 80.55101565040937
39.723784649 80.6897215576531
39.723830963 80.84660912852182
39.727628514 80.87993378542784
39.732283041 80.93962514762778
39.732582181 81.05919268031224
39.839320123 81.05919268031225
41.409689652 81.05919268031226
41.507404030000004 81.17243147808364
41.507437782 81.72111913584824
41.508006149 81.84350220778036
41.508055949 82.0003897786491
41.510951423 82.20660576396644
43.201485689 82.31984456173781
43.201563684999996 82.65079346676944
43.20173888 82.8522093841908
43.202137206 82.99091529143453
43.20217738 83.14780286230325
43.229085871 83.16196117796554
43.922749765 83.16196117796555
44.852186568 83.27519997573692
44.852262652 83.60614888076854
44.852434116 83.80756479818992
44.852859917 84.10315827630237
44.951528849 84.10315827630238
46.456251768 84.21639707407377
46.456323865 84.54734597910539
46.4564922 84.74876189652674
46.457071319 84.74876189652676
46.459870417 84.976342030945
46.466538499 84.9936110858453
46.46695982 85.01833358669914
46.498605357 85.01833358669916
48.00848412 85.13157238447053
48.008575912 85.46252128950215
48.008757588 85.66393720692352
48.012237794 85.68198817596506
48.022792372 85.68416717593037
48.026599542 85.74762833224754
48.026929148 85.75470751273042
48.029079811 85.77961443408728
48.029113599 85.80588796197503
48.03101627 85.84702972032716
48.036896684 85.84702972032717
48.795281621 85.84702972032719
49.52898248 86.03670844102037
49.529362763 86.06750918370258
49.530333204 86.08341991269046
49.530757857 86.083494132028
49.531139368 86.22940636219651
49.532454326999996 86.44961523131363
49.532590298 86.5106843095931
49.542559581 86.51286330955841
49.545732157 86.57632446587557
49.546047491 86.58340364635845
49.548673964 86.60831056771531
49.548710706 86.63458409560307
49.846743135 86.63458409560309
50.983327515 86.74782289337446
50.983401339 87.07877179840608
50.983566953 87.28018771582747
50.986933755 87.29823868486899
50.996774263 87.30041768483431
50.999940041 87.36387884115148
51.000252111 87.37095802163435
51.002814943 87.39586494299121
51.034308932 87.39586494299122
52.405404734 87.5855436636844
52.40667572 87.6322551353545
52.407092009 87.63232935469203
52.408781503 87.99845045397767
52.408904657 88.05951953225713
52.418533716 88.06169853222245
52.421808305 88.1322388690225
53.781235322 88.32191758971568
53.782532688 88.36862906138578
53.782951463 88.36870328072331
53.784155999 88.49482937122079
53.784587008 88.73482438000894
53.784712955 88.79589345828842
53.794319178 88.79807245825373
54.394237769 88.79807245825374
55.110392383 88.91131125602512
55.110477515 89.24226016105673
55.110650539 89.44367607847812
55.113836718 89.46172704751964
55.166375724 89.46172704751966
56.397851862 89.65140576821284
56.399089069 89.69811723988295
56.399475494 89.69819145922047
56.401079986 89.91821282683985
56.401527232 90.0643125585061
56.401617174 90.12538163678558
57.633702686 90.23862043455694
57.633752283 90.42584075873732
57.633784786 90.56956933958857
57.634130633 90.73821759584068
57.634441345 90.77098525700993
57.682902656 90.77098525700994
58.028364586 90.77098525700995
58.832304858 90.84890489384176
58.83238432 91.09145772314764
58.832683463 91.15329078392696
58.837092531 91.2426333694046
58.849054145 91.36960809274349
58.942257234 91.3696080927435
59.789041504 91.36960809274352
59.979180692 91.44752772957533
59.979252033 91.6900805588812
59.979488249 91.75191361966053
59.983809108 91.84125620513817
59.9963256 91.85956008206449
59.997072044 91.8595600820645
60.224541222 91.85956008206452
60.963494062 91.85956008206453
61.097785568 91.93747971889633
61.097841118 92.1800325482022
61.098066252 92.24186560898154
61.102269927 92.33120819445917
61.11723834 92.34807492750139
61.417601272 92.3480749275014
61.994253281 92.34807492750141
62.173568055 92.53775364819457
62.174980651 92.58453933920221
62.177852312 92.67678180349198
62.17787955 92.81972303989606
62.647159772 92.81972303989608
63.101159321 92.81972303989609
63.206155242 93.00940176058924
63.207531614 93.05618745159688
63.211626273 93.14019550603378
63.212213936 93.20457185187792
63.22347308 93.23491003925409
63.738331212 93.2349100392541
64.200936531 93.42458875994726
64.202303925 93.4713744509549
64.206594066 93.55538250539179
64.209188218 93.56338410071552
64.215333088 93.61721556617111
64.417235827 93.61721556617113
65.172174271 93.61721556617114
65.19429864 93.8068942868643
65.19562058 93.85367997787195
65.1982403 93.94592244216172
66.11378033 94.13560116285488
66.115178283 94.18238685386252
66.119405722 94.21377489064687
66.121028715 94.22482017193073
66.121327584 94.27439650362317
66.820465761 94.27439650362318
66.993185132 94.46407522431633
66.994462719 94.51086091532397
66.998424582 94.54224895210831
67.000028036 94.6070767114914
67.051570569 94.60707671149142
67.486390324 94.60707671149143
67.835089653 94.7967554321846
67.836362539 94.84354112319224
67.840282665 94.87492915997657
67.847289371 94.92380499062813
68.649308997 95.11348371132128
68.650514333 95.16026940232892
68.654294179 95.19165743911327
68.778751323 95.19165743911329
69.421305526 95.38133615980645
69.422498068 95.42812185081408
69.426819202 95.4281218508141
69.486573008 95.42812185081411
69.986547911 95.42812185081412
70.159833756 95.58740006806882
70.163863534 95.63277161823179
70.164169556 95.6327716182318
70.168493717 95.64739092212051
70.169383897 95.6623487438657
70.425451355 95.66234874386572
70.867104195 95.70270988727921
70.867196845 95.74133201288201
70.867222975 95.76426327285799
70.867436857 95.78016510511397
70.870703204 95.86699851128338
70.871012092 95.8669985112834
70.874920401 95.8816178151721
71.01058851 95.88161781517212
71.404773026 95.88161781517213
71.543438832 95.92197895858563
71.543540269 95.96060108418843
71.543564839 95.98353234416442
71.543842039 95.99943417642037
71.546980686 96.08626758258981
71.551322885 96.10088688647852
71.580303241 96.10088688647853
72.201551508 96.14124802989203
72.201665131 96.17987015549483
72.201696904 96.20280141547082
72.201974173 96.21870324772676
72.205470859 96.25425507229872
72.206822308 96.27698208077334
72.592161673 96.27698208077335
72.821182929 96.31734322418684
72.821280968 96.35596534978964
72.821311046 96.37889660976563
72.821588164 96.39479844202158
72.828235131 96.42080816222422
72.831868304 96.42599367829501
72.832425671 96.43035026659354
73.186949594 96.43035026659355
73.404373354 96.47071141000704
73.404477519 96.50933353560984
73.404504383 96.53226479558582
73.404764667 96.54816662784178
73.407966421 96.61087700020461
73.488165753 96.61087700020462
73.966258833 96.65123814361813
73.966368519 96.68986026922093
73.966394551 96.7127915291969
73.966649081 96.72869336145286
73.97253761 96.75470308165549
73.976075752 96.75988859772629
74.2330523 96.7598885977263
74.501697694 96.80024974113981
74.501800642 96.83887186674261
74.501823849 96.86180312671858
74.502091578 96.87770495897453
74.510946696 96.95580449271628
74.752727896 96.9558044927163
75.007750174 96.9961656361298
75.007857431 97.05771902170858
75.008105613 97.07362085396454
75.016562577 97.12747526375091
75.291697054 97.12747526375092
75.500779942 97.16783640716442
75.500882053 97.22938979274319
75.501122487 97.24529162499915
75.585169081 97.24529162499917
75.967760916 97.34488884027125
75.969861534 97.34534344033736
76.164182333 97.34534344033737
76.409649124 97.44494065560944
76.418458564 97.44494065560946
76.464974899 97.44494065560947
76.827752324 97.51083973975724
76.831188929 97.52618935218918
76.835671508 97.52618935218919
76.867176343 97.5261893521892
77.197671072 97.52618935218922
77.222338866 97.59208843633698
77.252600575 97.592088436337
77.311709075 97.59208843633701
77.586934708 97.59208843633702
77.590326737 97.76136689635011
77.617514912 97.76136689635013
77.785743139 97.76136689635014
77.924627707 97.76136689635015
77.929199631 97.82537221811941
77.980303698 97.82537221811943
78.213462903 97.82537221811944
78.246569929 97.8390140766412
78.247186167 97.87650423152571
78.248699176 97.88452918895746
78.254840883 97.88452918895747
78.449449619 97.88452918895749
78.526680365 97.8845291889575
78.543597895 97.89817104747928
78.544180542 97.93566120236378
78.550061837 97.93566120236379
78.734895659 97.9356612023638
78.807598067 97.93566120236382
78.825911447 97.9493030608856
78.82747401 97.98176204909869
78.832967682 97.9817620490987
79.060709221 97.98176204909872
79.09200023 97.9954039076205
79.102132481 97.99540390762051
79.137054424 97.99540390762053
79.32315478699999 97.99540390762054
79.573803827 98.12192545142953
79.761440904 98.12192545142955
79.792442688 98.1777001814268
79.980819654 98.17770018142681
80.370022809 98.35491576627588
80.370193375 98.3549157662759
80.447255832 98.35491576627591
80.831833088 98.42096063134349
80.861273225 98.4209606313435
