0.000362989 52.20330488867152
0.000436823 52.70229378618129
0.000464541 53.67377795981144
0.000925892 53.78018435084093
0.005760577 53.84230971254218
0.01607039 53.84764027659711
0.050315885 54.03038230456986
0.050399127 54.0602768820526
0.079595857 54.116908192020894
0.079629225 54.564331536671155
0.079889353 54.62849217710124
0.080000269 55.19479875668052
0.08084658 55.19479875668053
0.085425005 55.195399844761106
0.085618475 55.231450701357836
0.092097882 55.26225468243671
0.118602095 55.44499671040946
0.118669673 55.4748912878922
0.179905172 55.475450653311086
0.362871336 55.47545065331109
0.423654455 55.47732426761677
0.659065338 55.48877936336489
0.659141707 55.51867394084761
0.900869854 55.53844389270223
0.961158809 55.53844389270224
1.142122085 55.54029959577621
1.259354622 55.557945133426536
1.5495027989999999 55.576966711780834
1.611078767 55.58979523060815
1.669729175 55.59129856390685
1.6697982649999998 55.62119314138958
1.902852224 55.62508033187711
2.141952345 55.62568141995768
2.201032875 55.625681419957694
2.25981855 55.6262973473359
2.3199298170000002 55.62797623461709
2.381677374 55.627976234617094
2.4409837 55.654868648500546
2.50077506 55.66173227655441
2.562271727 55.661732276554424
3.046345573 55.66895014441172
3.046471776 55.90304571138756
3.046753543 55.92952310135881
3.046790617 56.13985823912333
3.047040014 56.45483564156513
3.048996037 56.59683245418006
3.049321505 56.6472502786662
3.05028488 56.659660364717745
3.050354022 56.67761719235745
3.0504234 56.74348402226354
3.050448752 56.852987567642124
3.05099916 57.009800160233965
3.051117425 57.05358281318939
3.05206215 57.16059029229946
3.052234307 57.196641148896184
3.167863776 57.19724223697677
3.514908726 57.19953705163616
3.630808524 57.199537051636185
3.746284175 57.2226485358914
4.018181816 57.22264853589141
4.208370641 57.22642946551964
4.32401813 57.22653572637891
4.439596682 57.22653572637892
4.479908011 57.22653572637893
4.824290058 57.22713681445949
4.899470083 57.227136814459506
5.131889639 57.2294316291189
5.246930239 57.229431629118906
5.593934369 57.25632404300236
5.938030113 57.71344861154379
5.938071235 58.684932785173935
5.939286381 58.79133917620343
5.943466654 58.791940264284015
5.973058603 58.79423507894341
5.978508528 58.82112749282687
6.035245633 58.82112749282688
6.9890825549999995 58.821728580907454
8.749517767 58.89489188284421
8.749643768 59.128987449820066
8.749922252 59.155464839791314
8.750772202 59.365799977555824
8.750854143 59.47180876176068
8.751391627 59.61100424991054
8.752119383 59.82277419261255
8.752441814 59.873192017098695
8.75265706 59.87849785664216
8.753394511 59.88560210315024
8.753461543 59.90355893078995
8.753530542 59.96942576069603
8.753555852 60.07892930607462
8.754068452 60.23574189866647
8.754183052 60.27952455162188
8.755108767 60.38653203073196
10.217747307 60.38653203073198
11.511539311 60.87344491589683
11.511592642 61.84492908952698
11.512820879 61.95133548055647
14.183400622 62.02509987057382
14.183528225 62.25919543754966
14.185843326 62.285672827520905
14.186696607 62.602016749490275
14.187197462 62.74121223764014
14.187897033 62.95298218034215
14.188196613 63.00340000482829
14.188385857 63.00870584437177
14.189093137 63.01581009087984
14.189156753 63.03376691851955
14.189220986 63.09963374842563
14.189245042 63.20913729380421
14.189728812 63.365949886396066
14.202595676 63.51225173989345
14.203382705 63.51225173989346
16.798931349 63.58601612991081
16.799065051 63.82011169688665
16.799353117 63.8465890868579
16.800227586 64.16293300882727
16.80077412 64.30212849697712
16.801468122 64.51389843967914
16.801776447 64.56431626416529
16.801989658 64.56962210370875
16.802676845 64.57672635021683
16.802744146 64.59468317785654
16.802810333 64.66055000776262
16.802834875 64.7700535531412
16.803328968 64.92686614573304
16.815984379 65.07316799923044
19.354276588 65.14693238924778
19.354418232 65.38102795622363
19.356489757 65.40750534619488
19.357299724 65.72384926816424
19.357800455 65.86304475631411
19.358455265 66.07481469901612
19.358757542 66.12523252350226
19.358959321 66.13053836304573
19.359606452 66.13764260955381
19.359675891 66.15559943719352
19.359739411 66.2214662670996
19.359764383 66.33096981247819
19.360244315 66.48778240507002
19.952824268 66.48778240507004
21.841204678 66.56154679508738
21.841329602 66.79564236206322
21.84160239 66.82211975203447
21.842429431 67.13846367400383
21.842952716 67.2776591621537
21.843629916 67.4894291048557
21.843938077 67.53984692934185
21.844128152 67.54515276888532
21.844822943 67.5522570153934
21.844890765 67.57021384303309
21.844958705 67.63608067293919
21.844983662 67.74558421831776
21.851300305 67.75745115708676
21.852141512 67.76123192968635
21.852300948 67.79324028157197
21.867411524 67.82349976368366
24.250969852 67.897264153701
24.251113278 68.13135972067685
24.251397153 68.1578371106481
24.252246242 68.47418103261747
24.252783037 68.61337652076733
24.253436753 68.82514646346932
24.253746121 68.87556428795547
24.253938072 68.88087012749895
24.254579971 68.88797437400702
24.254643588 68.90593120164672
24.25470839 68.97179803155281
24.254732842 69.0813015769314
24.260932208 69.0931685157004
24.261758837 69.09694928829997
24.261921307 69.12895764018559
26.618495516 69.20272203020293
26.618630534 69.43681759717877
26.618906485 69.46329498715002
26.619624143 69.46329498715004
26.61970447 69.7796389091194
26.620837411 70.13060433997127
26.62115273 70.1810221644574
26.621851999 70.18102216445742
26.621975213 70.19343225050895
26.622037595 70.21138907814866
26.622105532 70.27725590805474
26.622129892 70.38675945343333
26.644152123 70.4024071648019
28.93461838 70.47617155481925
28.934748819 70.71026712179508
28.935036763 70.73674451176635
28.935836386 71.05308843373571
28.936946332 71.4040538645876
28.937271383 71.45447168907374
28.938055849 71.46688177512526
28.938118031 71.48483860276498
28.93818679 71.55070543267108
28.938211276 71.66020897804965
31.2323472 71.733973368067
31.232477327 71.96806893504284
31.232746049 71.9945463250141
31.233526862 72.31089024698345
31.234669901 72.48575452671137
31.234934505 72.71227350232148
33.378941529 72.78603789233883
33.379078493 73.02013345931466
33.379328715 73.04661084928593
33.380096883 73.36295477125527
33.381206674 73.5378190509832
33.381456606 73.76433802659331
35.416599164 73.83810241661065
35.416739431 74.07219798358649
35.416997235 74.09867537355775
35.418115215 74.2709145302231
35.420226197 74.28142834488226
35.420336639 74.35047858936413
35.420383548 74.35702148328896
35.421025443 74.39302309392677
35.421800771 74.39475050193626
35.422979587 74.41020268715253
35.423599546 74.43872989874022
35.423745748 74.69748417632927
35.424384702 74.6974841763293
35.425622905 74.71649385817598
35.433681897 74.74582201968961
35.435296764 74.80992808007532
37.413478598 74.88369247009267
37.413608947 75.11778803706851
37.413863793 75.14426542703977
37.414904493 75.31650458370511
37.41704499 75.39606864284612
37.41709546 75.40261153677098
37.417741227 75.43861314740879
37.418468666 75.44034055541827
37.41962937 75.45579274063455
37.420235608 75.48431995222224
37.420379717 75.74307422981128
37.42223147 75.76208391165797
37.43010068 75.79141207317163
37.433675186 75.81407798124572
37.436802511 75.84703546842447
37.517389788 75.8470354684245
39.349037268000004 75.92079985844181
39.349166271 76.15489542541765
39.349413814 76.18137281538891
39.350452541 76.35361197205425
39.352557357 76.43317603119526
39.352608578 76.43971892512012
39.353220493 76.47572053575793
39.353928196 76.47744794376742
39.355060712 76.49290012898369
39.355644881 76.52142734057138
39.355803622 76.78018161816043
39.356409441 76.78018161816046
39.357644955 76.79919130000714
39.361693676 76.87912157243012
39.372399212 76.88414285677361
39.820589558 76.88414285677364
41.236358998 76.95790724679095
41.236482566 77.19200281376679
41.237447685 77.20274801387312
41.237819139 77.3433836757721
41.238054017 77.35861733630036
41.239467743 77.36922622554896
41.239870724 77.4702834195444
41.239917447 77.47682631346926
41.241260783 77.51455533211656
41.242366884 77.53000751733283
41.242963037 77.55853472892052
41.243117979 77.81728900650957
41.24879052 77.91622896077926
41.443441495 77.91622896077928
41.628212551 77.91622896077929
43.055925488 77.98999335079661
43.056044422 78.22408891777248
43.056988388 78.2348341178788
43.05736953 78.37546977977779
43.057597297 78.39070344030604
43.059358933 78.50236952355009
43.059406005 78.50891241747495
43.060676121 78.54664143612224
43.062314807999996 78.5906208329262
43.062461323 78.84937511051525
43.079876175 78.87942236030072
43.397383913 78.87942236030074
44.824441303 78.95318675031808
44.824566914 79.18728231729393
44.825497565 79.19802751740026
44.825889519 79.33866317929923
44.826109182 79.3538968398275
44.827870592 79.46556292307154
44.827919579 79.4721058169964
44.829164832000004 79.50983483564369
44.830789111 79.55381423244766
44.83094096 79.81256851003671
45.553828895 79.81256851003673
46.553923971 79.88633290005406
46.554051897 80.12042846702991
46.554951529 80.13117366713624
46.55532608 80.27180932903521
46.555568659 80.28704298956347
46.557271618 80.39870907280752
46.557321169 80.40525196673237
46.558508924 80.44298098537966
46.561819057 80.45895660564747
46.562168002 80.65167246387342
46.568691093 80.6660397219624
46.569060553 80.73007128383195
46.586443636 80.74571465977269
47.811911606 80.7457146597727
48.203096381 80.81947904979003
48.203221424 81.05357461676587
48.203857526 81.05357461676589
48.204153845 81.0643198168722
48.204527799 81.20495547877117
48.204759484 81.22018913929945
48.206447726 81.33185522254348
48.206493951 81.33839811646834
48.207730141 81.37612713511564
48.211073617 81.52345673136098
48.211589175 81.5848186136094
48.217518427 81.59918587169838
48.217913794 81.66321743356791
48.218435744 81.66321743356792
48.39546544 81.66321743356794
49.644469845 81.66321743356795
49.805242776 81.73698182358528
49.805352277 81.97107739056113
49.806200824 81.98182259066746
49.806567689 82.12245825256643
49.806815293 82.1376919130947
49.808453585 82.24935799633874
49.808502775 82.25590089026359
49.809631978 82.29362990891089
49.812931633 82.50232138740465
49.819176831 82.51668864549363
49.819530607 82.58072020736317
49.868494684 82.58072020736319
51.355221404 82.6544845973805
51.355337636 82.88858016435636
51.356178532 82.89932536446268
51.356572794 83.03996102636165
51.356792484 83.05519468688993
51.358033705 83.13304073318838
51.358382976 83.28365804250294
51.362734402 83.41982416119988
51.368934363 83.43419141928888
52.355186912 83.4341914192889
52.85691491 83.50795580930622
52.857033848 83.74205137628206
52.85787943 83.75279657638839
52.858237227000004 83.89343223828736
52.858458634 83.90866589881563
52.860074751 84.02687487598453
52.861187429 84.06460389463182
52.864343368 84.21193349087717
52.864819108 84.27329537312558
52.885925764 84.2732953731256
53.90132362 84.27329537312562
54.307533559 84.34705976314295
54.307654785 84.5811553301188
54.308517663 84.59190053022513
54.308865819 84.73253619212409
54.309098919 84.74776985265237
54.310701597 84.86597882982126
54.311760487 84.90370784846856
54.314890221 85.0510374447139
54.321677237 85.1053242303369
54.37829873 85.10532423033692
55.439029438 85.10532423033693
55.706144728 85.17908862035426
55.70661551 85.366922371
55.706875041 85.41318418733009
55.707092623 85.42392938743643
55.70764596 85.57979870986367
55.709233022 85.69800768703256
55.71032012 85.73573670567986
55.714800958 85.74442503641707
55.715242993 85.80718629374381
55.71630844 85.83129115590785
55.733910025 85.83129115590786
55.923334017 85.83129115590788
56.883001961 85.83129115590789
57.073801814 85.90505554592521
57.074248235 86.09288929657096
57.074520501 86.13915111290106
57.074727034 86.14989631300739
57.075286173 86.30576563543464
57.076866572 86.42397461260353
57.077938087 86.46170363125081
57.08240655 86.47039196198803
57.082889739 86.53315321931477
57.376619478 86.53315321931478
58.400468499 86.60691760933211
58.40058832 86.84101317630795
58.401366103 86.85175837641428
58.401912946 87.00762769884152
58.403431352 87.12583667601042
58.405055537 87.1635656946577
58.408907608 87.17225402539492
58.409343344 87.23501528272166
58.572124619 87.23501528272168
59.688069794 87.308779672739
59.688537354 87.49661342338476
59.688821588 87.54287523971486
59.68901726 87.55362043982117
59.689557974 87.70948976224842
59.691090903 87.82769873941733
59.692125844 87.86542775806461
59.696386205 87.87411608880183
59.698248528 87.92649267549683
59.70248335 87.93668070876656
59.850636305 87.93668070876657
60.927337814 88.0104450987839
60.927756292 88.19827884942966
60.928022729 88.24454066575976
60.928202811 88.25528586586607
60.928725115 88.41115518829332
60.931163505 88.56709318410951
60.935280603 88.57578151484672
60.941724227 88.61215203858129
60.966022957 88.6121520385813
61.091759014 88.61215203858131
62.125940674 88.68591642859866
62.126055021 88.9200119955745
62.128564227 88.93075719568083
62.129052487 89.08662651810808
62.131385712 89.24256451392425
62.136518824 89.24311594274813
62.160147257 89.24311594274815
63.29259764 89.31688033276548
63.292714999 89.55097589974132
63.293419468 89.56172109984765
63.293897529 89.7175904222749
63.296686542 89.79492081767974
63.297964431 89.80798944511491
63.298933796 89.8680345591716
63.689039291 89.86803455917162
64.419044272 89.94179894918895
64.419853637 90.18663971627112
64.420354083 90.34250903869837
64.422688867 90.41983943410322
64.43056979 90.42035508499683
64.924272717 90.42035508499684
65.486259786 90.49411947501417
65.487042131 90.73896024209634
65.487520255 90.89482956452359
65.494862737 90.95603272905421
65.662292873 90.95603272905423
66.13386707 90.95603272905424
66.509695268 91.02979711907157
66.510474823 91.27463788615374
66.510982574 91.43050720858099
66.529307598 91.430507208581
66.803960225 91.43050720858102
67.532456482 91.50427159859835
67.532729814 91.57136780736391
67.534709756 91.69546806515791
67.535806654 91.71912998445116
67.535829988 91.83306177995627
67.536981867 91.83847263850397
67.537026512 91.85268897222598
67.670699032 91.85268897222599
68.498786224 91.92645336224334
68.499526543 92.17129412932552
68.500788895 92.25524354360125
68.501966242 92.26065440214896
68.502012063 92.27487073587096
69.415198881 92.34863512588831
69.416012369 92.57548756457983
69.417199096 92.67742530724621
69.422676456 92.67828875964143
69.699323171 92.67828875964145
70.286108935 92.75205314965878
70.287121353 92.85257072787293
70.288035142 93.08084333101668
70.321963896 93.0808433310167
70.820199222 93.08084333101671
71.118574663 93.15460772103404
71.119552702 93.25512529924819
71.121580797 93.28112780428837
71.122293094 93.40834172329984
71.124414957 93.47738344806069
71.930659993 93.55114783807802
71.931661606 93.65166541629218
71.933390199 93.67766792133234
71.934099323 93.80488184034381
71.937854973 93.8084847961132
71.93821426 93.80848479611322
71.94154123 93.83389464777353
71.945305408 93.83389464777355
72.05198112 93.83389464777356
72.692043048 93.9076590377909
72.692982572 94.00817661600504
72.695683201 94.03417912104523
72.696834541 94.03799312751907
72.696924952 94.0694011542376
72.699444401 94.16499599582609
72.705942324 94.16870525908196
72.896380356 94.16870525908197
73.423678369 94.24246964909929
73.424594827 94.34298722731344
73.426273528 94.36898973235363
73.426963559 94.4962036513651
73.430070987 94.49980660713449
73.556493818 94.4998066071345
73.611601293 94.49980660713452
74.117427237 94.57357099715185
74.118200209 94.7818889026984
74.124925792 94.81163119153702
74.125943571 94.99491126216056
74.126339062 95.09908193517751
74.766959421 95.09908193517752
74.786577733 95.17284632519485
74.787464473 95.27336390340899
74.789102746 95.29936640844917
74.790180716 95.30318041492302
74.79026739 95.33458844164154
74.794077052 95.41090651958001
74.833420404 95.41090651958002
75.423101753 95.41090651958004
75.429971642 95.48467090959736
75.430804848 95.58518848781152
75.432394185 95.61119099285169
75.433852836 95.61500499932554
75.434195943 95.64034059226488
75.437946296 95.6636672615525
75.440007402 95.67586737615692
76.042131289 95.67586737615693
76.043575211 95.74963176617426
76.044373383 95.85014934438841
76.04591302 95.87615184942858
76.047308854 95.87996585590243
76.047637294 95.90530144884177
76.051279673 95.9286281181294
76.063178193 95.92862811812941
76.636131242 96.00239250814674
76.636949534 96.1029100863609
76.638421522 96.12891259140108
76.639800647 96.13272659787492
76.640092769 96.15806219081426
76.750772203 96.15806219081428
76.805011974 96.15806219081429
77.190333365 96.23182658083162
77.191129924 96.33234415904579
77.192572076 96.35834666408596
77.193881993 96.3621606705598
77.614776807 96.36216067055982
77.714951351 96.43592506057715
77.71570805 96.5364426387913
77.7181262 96.56244514383147
77.728348944 96.56244514383148
78.215094682 96.63620953384883
78.215889991 96.73672711206298
78.218885969 96.75019886048801
78.222536144 96.75611807569547
78.232835471 96.75611807569548
78.395491159 96.7561180756955
78.726890963 96.82988246571283
78.727625163 96.93040004392698
78.732461004 96.94387179235201
78.802574767 96.94387179235203
79.132132449 96.94387179235204
79.178706069 97.01763618236937
79.179405728 97.11815376058352
79.184002533 97.12656017766813
79.407011777 97.12656017766814
79.609886674 97.20032456768547
79.610552705 97.30084214589962
79.651907587 97.30084214589964
79.910013783 97.30084214589965
80.01754731 97.37861995022745
80.01864495 97.4129846854062
80.01940617 97.44912117170782
80.023630413 97.47413663677708
80.214323569 97.47413663677709
80.3739695 97.4741366367771
80.399873261 97.5519144411049
80.400893409 97.58627917628364
80.402083377 97.64087727872233
80.405132635 97.66112825615339
80.590643357 97.6611282561534
80.745250583 97.73890606048121
80.746498472 97.77327079565995
80.747212846 97.80940728196158
80.787965138 97.8094072819616
81.073126523 97.8871850862894
81.074290314 97.92154982146816
81.078478167 97.92694556443433
81.327804416 97.92694556443435
81.378168255 98.00472336876216
81.380248981 98.0390881039409
81.385255335 98.03908810394091
81.670304933 98.11686590826874
81.943652517 98.1767519894275
81.94470242 98.18879011923872
81.960664943 98.18879011923873
82.202173462 98.24867620039745
82.207186326 98.24867620039747
82.226331038 98.24867620039748
82.440641892 98.42961436276792
82.473235479 98.42961436276794
82.571609902 98.42961436276795
82.666855727 98.43384235847883
82.666928433 98.4386380481915
82.668515561 98.45289965351122
82.68091593 98.45289965351124
82.877195854 98.45712764922212
82.87727424 98.4619233389348
82.887276083 98.46192333893481
83.078706305 98.52529100358367
83.148226577 98.52529100358369
83.433182243 98.62663117599209
83.433951128 98.63369307905103
83.437237735 98.63369307905104
84.118471501 98.69787377582722
84.158738446 98.69787377582723
84.31957399 98.83962532146539
84.364328935 98.8396253214654
