0.000367273 998.5338234750488
0.000473405 998.7895282900859
0.000618174 998.8192186871047
0.000726127 998.8789858717903
0.001395822 998.9978025113812
0.003007854 999.0696925950317
0.004028905 999.1387147612618
0.010632403 999.1828046719922
0.014933215 999.3048370817298
0.079657052 999.421539146663
0.080853149 999.4934292303137
0.081652941 999.5624513965436
0.086943661 999.606541307274
0.110224299 999.6158574122103
0.120834568 999.7285737170118
0.272002389 999.7299719855457
0.332945053 999.729971985546
0.51227229 999.7301549710746
0.754441135 999.7431693615806
0.875079075 999.743758387742
0.995008732 999.7488479189142
1.116994628 999.7502359472235
1.236430452 999.7510055726154
1.355134774 999.7517980232592
1.592724401 999.7523539442197
1.713152063 999.7543659708829
1.951014624 999.7645481775926
2.430110857 999.771046798385
2.548148506 999.7714524334096
2.575985288 999.7714524334099
2.778417682 999.7718749898647
2.896032796 999.7720270991857
2.9541584910000003 999.7720270991858
3.197355764 999.775276723494
3.316310971 999.7861792341384
3.553608907 999.799312032372
3.672200157 999.8064568745774
3.790488617 999.8103810925284
4.030398045 999.8395852498052
4.090471244 999.856412368877
4.261907056 999.9072264021595
4.261973623 999.9934882528019
4.262432267 1000.1123048923928
4.265909247 1000.1252253666569
4.268502203 1000.1276356295125
4.269714786 1000.2663499405066
4.27524206 1000.2734947827121
4.27849872 1000.277419000663
4.292060953 1000.3066231579398
4.306108668 1000.323450277012
4.423173275 1000.3236023863328
4.998402787 1000.3236023863329
5.22677524 1000.323602386333
5.343336793 1000.3268520106412
5.573111954 1000.3377545212857
6.491206535 1000.3508873195192
6.949709844 1000.3580321617244
7.177793319 1000.3580321617246
7.8667024439999995 1000.3911605369524
8.282432267 1000.4733607238852
8.282621229 1000.5628183055899
8.28309633 1000.6816349451808
8.285092374 1000.8225471950611
8.298616524 1000.846749053451
8.325731344 1000.8927803297997
8.889484559 1000.8927803298
12.207237914 1001.0177911688272
12.207364657 1001.047481565846
12.207448118 1001.1072487505317
12.209851703 1001.1330742726482
12.209924124 1001.1872892483573
12.210007565 1001.2125118760962
12.21004663 1001.2514754670851
12.210085948 1001.3522508392743
12.210493236 1001.3526733957292
12.210795982 1001.3669776400031
13.518669805 1001.3741224822083
15.374578368 1001.3741224822086
16.027118932 1001.506278163441
16.02724563 1001.5359685604599
16.027327474 1001.5957357451457
16.02972702 1001.621561267262
16.029756979 1001.855464634617
17.899119434 1001.8554646346172
19.758919147 1001.9142590481051
19.759055417 1002.0770778975543
19.762703508 1002.0885036012569
19.763486731 1002.088503601257
19.764846419 1002.1556252455323
19.765263662 1002.1656720646179
19.77138788 1002.1738460039317
19.77158916 1002.2488531577701
19.773253288 1002.3151757304797
19.773949101 1002.3259042763812
23.376982205 1002.3846986898693
23.377163318 1002.4245208093676
23.379019667 1002.4471191895777
23.379602322 1002.4877503546327
23.382289527 1002.5383812103971
23.38242496 1002.5589432430211
23.384473837 1002.6260648872965
23.384886126 1002.636111706382
23.391768618 1002.6442856456958
23.39197341 1002.7192927995341
23.397225161 1002.7488268221514
23.401641296 1002.7930942938369
23.402315775 1002.793094293837
26.719418662 1002.7930942938372
26.890517395 1002.8518887073253
26.890681423 1002.8917108268236
26.890764992 1002.9143092070337
26.891409313 1002.9549403720885
26.894184509 1003.0055712278529
26.894327533 1003.0261332604771
26.896424025 1003.0932549047523
26.896821134 1003.1033017238378
26.902952424 1003.1864828169901
26.908099671 1003.2160168396072
26.940410413 1003.2602843112927
26.962741223 1003.2602843112928
30.323135375 1003.3190787247811
30.323234077 1003.3956357235877
30.323966845 1003.4221303895445
30.326631909 1003.4727612453087
30.326768307 1003.4933232779329
30.32877797 1003.560444922208
30.329173399 1003.5704917412936
30.333785365 1003.5928796201406
30.334224772 1003.5999919968053
30.335312688 1003.6536728344456
30.340313706 1003.6832068570629
30.533383205 1003.6832068570633
33.666036122 1003.7420012705512
33.666216889 1003.7818233900495
33.666299756 1003.8044217702596
33.666938309 1003.8450529353146
33.6695803 1003.8956837910788
33.669722241 1003.916245823703
33.67050377 1003.9162458237031
33.671776733 1003.9833674679784
33.672181302 1003.9934142870637
33.677970113 1004.0765953802162
33.683033082 1004.1061294028333
35.498602458 1004.1061294028335
36.920236213 1004.1649238163212
36.920406758 1004.2047459358195
36.92048673 1004.2273443160296
36.921091543 1004.2679754810846
36.923668228 1004.318606336849
36.92380371 1004.339168369473
36.924548829 1004.3391683694732
36.925779027 1004.4062900137484
36.926175739 1004.416336832834
36.931934541 1004.4995179259862
36.941661647 1004.510130589836
36.942304986 1004.5101305898361
37.033035031 1004.5101305898362
37.572595879 1004.5101305898363
38.891128674 1004.5101305898364
40.092824996 1004.5689250033245
40.092926993 1004.6454820021311
40.093640996 1004.6719766680876
40.096152261 1004.722607523852
40.096285903 1004.7431695564762
40.098185013 1004.8102912007514
40.098577198 1004.820338019837
40.103753015 1004.842725898684
40.104191072 1004.8498382753487
40.105169729 1004.9035191129892
40.115331882 1004.9141317768392
40.819083612 1004.9141317768393
43.189065482 1004.9729261903271
43.189233549 1005.0127483098254
43.189315556 1005.0353466900356
43.189940418 1005.0759778550905
43.192467949 1005.126608710855
43.192603095 1005.1471707434789
43.193338136 1005.147170743479
43.194512663 1005.2142923877543
43.194900279 1005.2243392068399
43.200440138 1005.3075202999921
43.93547107 1005.3075202999922
46.214114825 1005.3663147134803
46.214203813 1005.4693663782436
46.217376321 1005.4908048469015
46.2174365 1005.5199972340081
46.217573059 1005.540559266632
46.219438797 1005.6076809109074
46.219844847 1005.6177277299928
46.223292043 1005.6268812748831
46.223382493 1005.6874237050574
46.936332048 1005.6874237050575
49.161908698 1005.7462181185454
49.162077669 1005.7860402380436
49.162161058 1005.8086386182538
49.162787642 1005.822775117352
49.163558022 1005.8335507001248
49.165345518 1005.9204626716971
49.167287401 1005.925468529535
49.167453889 1005.9336248570287
49.167585078 1005.9976311350579
49.175874669 1006.0634147672715
49.218644393 1006.0634147672718
49.856023157 1006.0634147672719
52.051544069 1006.12220918076
52.051651391 1006.1987661795666
52.053065889 1006.2095417623392
52.054735026 1006.2758917012876
52.05486541 1006.2964537339118
52.056616274 1006.363575378187
52.061784802 1006.3960100761195
52.062191229 1006.4031224527843
52.069146523 1006.4131340069908
55.128438659 1006.471928420479
55.128569991 1006.5484854192858
55.13005376 1006.5592610020584
55.13166801 1006.6256109410068
55.131801378 1006.6461729736308
55.133556398 1006.7132946179062
55.138642568 1006.7457293158385
55.139038403 1006.7528416925035
58.098145708 1006.8116361059916
58.098383699 1006.8740566057
58.099626708 1006.898968687571
58.10124865 1006.9653186265194
58.101384825 1006.9858806591434
58.103104462 1007.0530023034188
58.130260913 1007.0706643429443
60.980520218 1007.1294587564324
60.98071134 1007.1692808759307
60.980788173 1007.1918792561409
60.982036098 1007.2167913380116
60.983584079 1007.28314127696
60.983719134 1007.3037033095842
60.985369756 1007.3708249538594
61.021025561 1007.3708249538596
63.768088429 1007.4296193673475
63.76833072 1007.492039867056
63.768918895 1007.4920398670561
63.769546785 1007.5169519489269
63.771167621000004 1007.6038639204993
63.771776244 1007.6038639204994
63.772892621 1007.6088697783372
63.773037928 1007.6170261058311
63.789878752 1007.6275200693868
63.790277743 1007.6306687426139
63.815566138 1007.630668742614
65.133374433 1007.6306687426141
66.455517775 1007.6894631561023
66.45576152 1007.7518836558107
66.458506856 1007.7767957376815
66.460055552 1007.8637077092541
66.461896111 1007.8768698945856
66.479444106 1007.8873638581413
66.491119968 1007.8873638581414
66.511956086 1007.8873638581415
68.346340388 1007.8873638581416
68.936762121 1007.9461582716297
68.936985612 1008.0085787713381
68.93815133 1008.0334908532088
68.939678247 1008.1204028247814
68.941497211 1008.133565010113
70.713570765 1008.1335650101131
71.270644111 1008.2547799233096
71.271797511 1008.2796920051803
71.27329088 1008.3666039767529
71.392363705 1008.366603976753
73.422621451 1008.4213703349693
73.422894978 1008.424176937462
73.423205808 1008.4878188899495
73.423781124 1008.5127309718204
73.425454109 1008.5234366836197
73.425602157 1008.5962286811883
73.425826041 1008.5996429433928
73.455358606 1008.599642943393
75.52887016 1008.6544093016092
75.529352315 1008.6572159041018
75.530216507 1008.7457699384604
75.538422846 1008.8287068173956
76.038993227 1008.8287068173958
77.534653333 1008.8834731756119
77.535141367 1008.8862797781046
77.537775456 1008.9748338124631
77.553480774 1009.0062298188002
77.553942995 1009.0084868379258
77.556737444 1009.0399315455825
79.537239495 1009.0946979037989
79.537716134 1009.0975045062914
79.538581142 1009.18605854065
79.553984666 1009.217454546987
79.554445983 1009.2197115661127
81.464627324 1009.2744779243288
81.465125031 1009.2772845268215
81.465940714 1009.36583856118
81.545145049 1009.3658385611802
83.288151361 1009.4206049193965
83.288586478 1009.4234115218891
83.291309664 1009.4737262705324
83.295420884 1009.4926284932503
84.212749055 1009.4926284932504
85.065876765 1009.5473948514666
85.06632135 1009.5502014539592
85.069103511 1009.6005162026026
85.081006269 1009.6194184253204
85.122784153 1009.6194184253205
86.761119712 1009.6741847835367
86.761606888 1009.6769913860294
86.764323791 1009.7273061346727
86.812227113 1009.727306134673
88.411286501 1009.7820724928891
88.411692354 1009.7848790953817
88.415776627 1009.8247624706108
88.417895951 1009.8334841915067
88.431516429 1009.8334841915068
88.476707642 1009.8334841915071
90.009100793 1009.8882505497232
90.009530143 1009.8910571522158
90.017125739 1009.9194421089335
90.017444175 1009.9309405274449
90.026145521 1009.9342968026457
90.070545532 1009.9342968026459
91.545780256 1009.9890631608621
91.546182235 1009.9918697633547
91.553439063 1010.0202547200723
91.553753768 1010.0317531385837
91.554314687 1010.0317531385838
91.60975968 1010.0317531385839
93.039291142 1010.0865194968002
93.039684967 1010.0893260992927
93.043977894 1010.1217358458379
93.085326638 1010.121735845838
94.459418478 1010.1765022040541
94.459814633 1010.1793088065468
94.466931996 1010.2076937632645
95.829301784 1010.2624601214808
95.829687492 1010.2652667239735
95.836870738 1010.2858762816063
95.840927788 1010.2901174476522
97.145801877 1010.3448838058684
97.146180312 1010.3476904083611
97.152966776 1010.368299965994
98.394368281 1010.4230663242104
98.394758848 1010.4258729267029
98.408954514 1010.4388812973848
99.595350627 1010.493647655601
99.595726818 1010.4964542580936
100.177547599 1010.4964542580938
