0.000361765 998.5273535124879
0.00105625 998.5401386353606
0.002309561 998.5955026435872
0.002348736 998.7139259114283
0.002958631 998.7331334680173
0.003488374 998.7659477645896
0.026002911 998.893545229849
0.064789774 998.8935452298491
0.079589875 998.9304212310668
0.080004695 998.9432063539394
0.080863386 998.9985703621661
0.08089011 999.1169936300072
0.081341812 999.1362011865962
0.081745024 999.1690154831684
0.099649064 999.2966129484279
0.160863252 999.2989368684398
0.190815089 999.2989368684399
0.221517622 999.29893686844
0.373090947 999.2989368684401
0.40385967 999.3030577777572
0.615364683 999.3030577777573
0.645923036 999.3061943594015
0.857137729 999.3061943594016
0.887309891 999.3084352522778
1.101117718 999.308435252278
1.130931316 999.3095599026904
1.161687307 999.3095599026905
1.2509841910000001 999.3209319297855
1.399175361 999.3209319297856
1.5780361269999998 999.3211268484196
1.8175132619999999 999.3212204784506
1.84740059 999.3212204784508
2.056290047 999.3261258326544
2.086126748 999.3261258326546
2.264853986 999.3270277585569
2.3838670840000002 999.3316839582285
2.413662386 999.3316839582286
2.647629128 999.3382048634759
2.822530944 999.3382048634761
2.967254912 999.3508915148177
3.176759959 999.3508915148178
3.205229858 999.3517798459818
3.236159745 999.3517798459819
3.294411236 999.351779845982
3.324654402 999.3579742335494
3.354088468 999.3579742335495
3.41541199 999.3579742335496
3.591876778 999.3650250692375
3.739566915 999.3650250692376
3.827370909 999.3650804019786
3.9161929090000003 999.3771878682635
4.004344716 999.3771878682637
4.034414521 999.38370581139
4.124163056 999.3837058113901
4.255280598 999.589771192915
4.255753951 999.6025563157879
4.256695727 999.6579203240143
4.256726277 999.7763435918556
4.257180847 999.7955511484446
4.257607472 999.8283654450166
4.306272682 999.8283654450169
4.374377114 999.8410520963585
4.492102878 999.8410520963586
5.06478223 999.8410520963587
5.310687228 999.8419404275227
5.426058669 999.8419404275228
5.781802919 999.8481348150904
5.946284439 999.8481348150905
6.4751112840000005 999.8481348150906
6.715665667 999.8551856507785
7.06520144 999.8551856507786
7.181340723 999.8552409835196
8.336863957 1000.1002340370912
8.337376479 1000.1130191599639
8.338300434 1000.1683831681905
8.338329915 1000.2868064360316
8.338822117 1000.3060139926206
8.370404718 1000.3130967113526
8.48429026 1000.3130967113527
8.701536122 1000.3131520440936
8.702281837 1000.3131520440937
9.610842321 1000.319614654479
9.61162369 1000.3196146544791
11.416439686 1000.31966998722
11.417223856 1000.3196699872201
12.300927179 1000.4526471733451
12.301282989 1000.5208412994594
12.3014054 1000.5839661067909
12.303767446 1000.5860857644842
12.303796272 1000.5902893244219
12.303938642 1000.6151906073425
12.303980618 1000.6167841748035
12.304272602 1000.6814034424659
12.305556045 1000.7577533828586
12.334124773 1000.7840436581796
12.690598059 1000.7840989909203
12.932861531 1000.7840989909205
14.705131606 1000.7840989909206
16.152164503 1001.0356099876187
16.15265479 1001.0483951104914
16.153527694 1001.1037591187178
16.153560706 1001.2221823865591
16.154031227 1001.2413899431481
16.186902233 1001.2422782743124
16.51274733 1001.2423336070531
16.526525699 1001.2423336070532
16.95506174 1001.2423336070533
18.660826939 1001.2423336070534
19.927222811 1001.4938999364924
19.927750115 1001.5066850593653
19.928651191 1001.5620490675917
19.928683558 1001.6804723354328
19.929184809 1001.699679892022
22.324726416 1001.6996798920221
23.587164087 1001.8327124108879
23.587516856 1001.9009065370022
23.588311021 1001.9009065370024
23.588431692 1001.9640313443341
23.590021896 1001.966151002027
23.590049601 1001.9703545619647
23.590205176 1001.9968494123463
23.592438834 1002.0045156367097
23.593187091 1002.0045156367098
23.594602718 1002.0782602151775
23.595321592 1002.0782602151776
23.602214673 1002.0836292516007
23.608938301 1002.0956957399472
23.60967395 1002.0956957399474
27.14824341 1002.2287282588132
27.148608378 1002.2969223849276
27.149490355 1002.3600471922592
27.151047364 1002.3621668499524
27.151078105 1002.36637040989
27.151211148 1002.3912716928106
27.1512531 1002.3928652602716
27.153471349 1002.400531484635
27.155582766 1002.4742760631028
27.163140201 1002.4796450995258
27.174625369 1002.4917115878725
28.462818584 1002.4917115878726
30.620899029 1002.6247441067384
30.621321331 1002.6456866475102
30.621646904 1002.6756192128015
30.62217833 1002.7560630401846
30.623683302 1002.7623862578151
30.623806351 1002.787287540736
30.623845537 1002.7888811081967
30.625969650000002 1002.7965473325602
30.626705224 1002.7965473325603
30.628048937 1002.870291911028
30.628737077 1002.8702919110281
30.635293594 1002.8756609474511
30.828392041 1002.8756609474513
34.006987678 1003.0086934663169
34.007419536 1003.0296360070887
34.00746613 1003.1400123997629
34.00964744 1003.1463356173939
34.009786152 1003.1712369003145
34.009832238 1003.1728304677753
34.011949175 1003.1804966921387
34.012683127 1003.1804966921388
34.014010994 1003.2542412706065
34.014692444 1003.2542412706066
34.035084583 1003.2542412706067
34.038295749 1003.2593631289946
34.086314289 1003.2593631289947
34.140808565 1003.2593631289948
34.844239702 1003.2593631289949
37.301965221 1003.3923956478606
37.302367575 1003.4133381886323
37.302661572 1003.4432707539237
37.303142049 1003.5237145813068
37.30459455 1003.5300377989373
37.304753286 1003.5565326493189
37.306819518 1003.5641988736824
37.307521395 1003.5641988736825
37.308828552 1003.6379434521501
37.309479043 1003.6379434521502
37.401310588 1003.6379434521504
40.505188586 1003.7709759710162
40.505618286 1003.7919185117878
40.505661156 1003.9022949044622
40.507820591 1003.908618122093
40.507979507 1003.9351129724746
40.510712245 1003.9427791968379
40.513391284 1003.943696427059
40.516207724 1003.9740844598491
40.520366352 1003.9741537290856
40.527508016 1003.9791485185135
40.529879502 1004.0084795265398
40.548336311 1004.0165237753057
42.159555031 1004.0165237753058
43.644141403 1004.1495562941716
43.644611654 1004.1704988349434
43.64465634 1004.2808752276176
43.646860878 1004.2871984452484
43.647024102 1004.31369329563
43.652136631 1004.3222767502143
43.65483322 1004.3526647830047
43.658954275 1004.352734052241
43.666047864 1004.3577288416689
43.667655054 1004.3870598496953
46.685817211 1004.5200923685612
46.686239654 1004.5410349093328
46.686281346 1004.6514113020072
46.688501538 1004.6842293700196
46.693358007 1004.692812824604
46.696075258 1004.7232008573941
46.700061648 1004.7232701266306
46.706910058 1004.7282649160585
47.49374728 1004.7282649160586
49.712430964 1004.8612974349246
49.712863194 1004.8822399756962
49.712907225 1004.9926163683704
49.7157091 1004.9989395860014
49.717137986 1005.0213786208926
49.720092406 1005.0340178909671
49.722730776 1005.0644059237575
49.726646375 1005.0644751929938
50.444314951 1005.064475192994
52.634767599 1005.1975077118598
52.635165926 1005.2184502526316
52.635479298999996 1005.2483828179229
52.637272087 1005.2933769523961
52.637907811 1005.3351498629368
52.642040963 1005.3702281679025
52.644575174 1005.4006162006929
55.68535239 1005.5336487195586
55.685775523 1005.5545912603304
55.686085726 1005.5845238256218
55.687800453 1005.6712908706356
55.706523026 1005.7154283253676
55.710480162 1005.724955692614
55.909706033 1005.7249556926141
58.678842347 1005.85798821148
58.679241934 1005.8789307522516
58.679528792 1005.9088633175429
58.68125439 1005.9538574520163
58.681824477 1005.9956303625568
58.705827388 1006.0397678172887
60.152851698 1006.0397678172889
61.456592613 1006.1728003361548
61.456972033 1006.1937428769265
61.457256358 1006.2236754422177
61.458989443 1006.2686695766911
61.461142691 1006.278272950728
61.46744448 1006.2954274181116
61.479022967 1006.3024319220422
63.143510749 1006.3024319220423
64.216961083 1006.435464440908
64.217343605 1006.4564069816798
64.217651372 1006.486339546971
64.219335879 1006.5313336814444
64.22157695 1006.5409370554813
64.227666442 1006.5580915228649
64.297286419 1006.5580915228651
66.874296985 1006.691124041731
66.875275416 1006.7120665825025
66.876603991 1006.7309290292699
66.876868201 1006.7529041348891
66.877163123 1006.7869932822671
66.878674651 1006.7965966563042
66.890158486 1006.7969309441517
68.486383786 1006.7969309441518
69.457393734 1006.9299634630174
69.457796411 1006.9509060037892
69.46111211 1007.0258327035538
69.463153398 1007.0354360775909
70.037001887 1007.0354360775912
71.858698668 1007.1684685964567
71.859081589 1007.1894111372285
71.860897782 1007.2643378369933
71.879888384 1007.2708243474748
71.971890297 1007.270824347475
74.100044589 1007.2708243474751
74.101355823 1007.4038568663407
74.103327182 1007.4130440143888
74.10362768 1007.4436618538798
74.103886428 1007.4656369594991
74.117685138 1007.4760476916567
74.178272343 1007.4760476916568
74.902853526 1007.4760476916571
76.213105483 1007.6090802105228
76.214941086 1007.6182673585707
76.21523465 1007.6488851980617
76.215513557 1007.670860303681
76.234821457 1007.6746142521157
76.322708115 1007.6746142521159
78.258110948 1007.8076467709817
78.259945636 1007.8168339190298
78.260230418 1007.8474517585208
78.260456762 1007.8694268641401
78.943891027 1007.8694268641402
79.002189249 1007.8694268641403
80.254078579 1007.936695136273
80.254187259 1007.9475023084548
80.256216342 1007.948973826599
80.256804233 1007.9719071873718
80.257111828 1007.9851173528551
80.258003867 1008.0397542434774
80.258580978 1008.0632718616704
81.381407747 1008.0632718616705
81.41255792 1008.0632718616706
82.182341113 1008.1305401338033
82.18245141 1008.1413473059848
82.182639242 1008.142818824129
82.1831797 1008.1657521849021
82.183478132 1008.1789623503854
82.184302355 1008.2335992410077
82.19615005 1008.2417143544709
83.190265271 1008.241714354471
83.242315889 1008.2417143544711
84.018655134 1008.3089826266036
84.018767231 1008.3197897987853
84.018963155 1008.3212613169295
84.019506274 1008.3441946777024
84.020650172 1008.412041733808
84.150382204 1008.4120417338081
84.176963712 1008.4120417338082
85.624962026 1008.4120417338085
85.805015337 1008.4793100059411
85.805085639 1008.4901171781227
85.805267777 1008.4915886962668
85.805765641 1008.5145220570397
85.807817257 1008.5823691131455
87.135088258 1008.5823691131458
87.516905873 1008.66044455746
87.517564032 1008.684849436377
87.522196197 1008.7039651681199
87.525187708 1008.7268153280426
87.606654819 1008.7268153280428
89.17573823 1008.8048907723572
89.176407637 1008.829295651274
89.181065263 1008.8484113830169
89.187443013 1008.8645366294426
89.197785703 1008.8645366294427
90.005107267 1008.8645366294428
90.015921776 1008.8645366294429
90.776939761 1008.9426120737573
90.777155464 1008.9670169526744
90.782059648 1008.986132684417
90.914973773 1008.9861326844173
92.317773551 1009.032515067523
92.31788974 1009.0886130076487
92.324084474 1009.1050149025743
92.366924385 1009.1050149025746
93.790901716 1009.1830903468889
93.791101291 1009.2074952258059
93.8119179 1009.2097221232825
94.591013896 1009.2097221232827
95.210327604 1009.287797567597
95.210540967 1009.312202446514
95.231520068 1009.3122024465142
96.600389194 1009.3394728147309
96.600570125 1009.3902778908287
96.605728244 1009.4079024312891
96.93019099 1009.4079024312892
96.989677667 1009.4079024312894
97.95120206 1009.4653397235177
97.954709622 1009.4859778756038
99.201695174 1009.5051334335459
99.202351912 1009.5151152430557
99.204300964 1009.5257634734536
99.20531057 1009.5436989563935
99.257972222 1009.5436989563937
99.618407648 1009.5436989563939
