0.000365965 998.2014230365362
0.000504335 998.2463522772757
0.000538383 998.3360701058132
0.000572592 998.3855738891589
0.000680045 998.4126261842011
0.000711161 998.4489189923681
0.002423795 998.4501505695446
0.002563619 998.7487551282809
0.017632782 998.758075633745
0.02011745 998.7806587596976
0.057079262 998.9577900712079
0.08103142 999.1929663135638
0.093007113 999.2022868190279
0.124581996 999.4020012564908
0.307462798 999.4031530401339
0.607154646 999.4081416650363
0.968650755 999.4134028957371
1.208993722 999.4137374944181
1.268801857 999.4149817458724
1.509511919 999.4180622356288
1.6288749359999999 999.4237620601535
1.6866257519999999 999.4237620601536
1.864636086 999.4247054585885
2.103099162 999.4253649617385
2.3388086120000002 999.4301113044162
2.581052209 999.4382348770462
2.69947436 999.4398897702661
3.059890635 999.4553339576053
3.242887236 999.4723700166264
3.361848256 999.4808166423823
3.597528489 999.4837753234901
3.713462591 999.4837753234902
3.953991024 999.493095828954
4.188424429 999.5156789549069
4.264732499 999.5370622899679
4.264771454 999.5865660733136
4.264852064 999.6136183683559
4.264878402 999.6499111765227
4.266146922 999.6511427536993
4.26626193 999.9497473124356
4.277866407 999.9590678178995
4.393732092 999.9590678178996
4.509597248 999.9590678178997
4.742880629 999.9600112163344
4.856339657 999.9600112163346
5.199789004 999.9606707194846
5.66126778 999.9654170621623
5.8921901089999995 999.9735406347922
6.122392475 999.9751955280119
6.237694591 999.9751955280121
6.3407760490000005 999.9813192098873
6.351981957 999.9906397153513
6.353754371 1000.013222841304
6.814171867 1000.0161224001282
6.814210544 1000.0387055260811
8.303458844 1000.1294226299426
8.303501345 1000.1789264132883
8.303594318 1000.1954428301481
8.30363386 1000.2267923911377
8.304393993 1000.2422715164976
8.304815137 1000.2435030936742
8.305752823 1000.5421076524106
11.358225884 1000.5617320972552
12.24977233 1000.5656900536873
12.249814649 1000.6554078822247
12.249840879 1000.7049116655704
12.24994183 1000.7214280824302
12.24998412 1000.7527776434198
12.252378888 1000.7558634181745
12.252751047 1000.8259964004698
12.253744659 1000.9130790005378
12.255011857 1000.9338449145729
12.256530838 1000.9523046261421
12.256586014 1000.9524781323245
12.256946319 1000.9749721906088
12.25867399 1001.0267865095883
12.259109767 1001.0396515388076
12.347002633 1001.0396515388078
15.209827621 1001.0592759836524
15.241641972 1001.0592759836526
16.077562603 1001.152951768622
16.077605113 1001.2024555519677
16.077699418 1001.2189719688272
16.077740089 1001.250321529817
16.080008523 1001.2534073045717
16.080368474 1001.323540286867
16.08163184 1001.3470431858493
16.082022726 1001.3625876982561
16.082141079 1001.4106228869349
16.083855124 1001.4498485125393
16.083911948 1001.4500220187217
16.084256056 1001.472516077006
16.086016251 1001.5243303959855
17.245536009 1001.5243303959857
19.818182671 1001.628523636677
19.818229051 1001.6780274200227
19.818320275 1001.6945438368823
19.818372029 1001.725893397872
19.81946964 1001.7426041004085
19.820993455 1001.799112154922
19.822168072 1001.8226150539043
19.822534736 1001.8381595663112
19.824405121 1001.9254203805945
19.824458856 1001.9255938867766
19.824795129 1001.948087945061
19.836481617 1001.9708362313918
20.301976536 1001.9708362313919
21.492479808 1001.9799432205148
21.515760945 1001.9802778191957
23.445617624 1002.093243450329
23.445667684 1002.1427472336748
23.445764067 1002.1592636505343
23.445804252 1002.1906132115241
23.446945945 1002.2073239140605
23.4485148 1002.2638319685741
23.449733125 1002.2873348675564
23.450126192 1002.3028793799632
23.450244119 1002.350914568642
23.451886514 1002.3901401942464
23.451941726 1002.3903137004288
23.452274531 1002.4128077587131
23.462820405 1002.4355560450438
23.486918099 1002.4358906437249
23.738276083 1002.435890643725
26.980663735 1002.5491908735393
26.980721749 1002.598694656885
26.980812375 1002.6152110737446
26.980850701 1002.6465606347343
26.98299723 1002.6496464094889
26.983338156 1002.7197793917843
26.984521101 1002.7432822907666
26.984877094 1002.7588268031735
26.985000941 1002.8068619918521
26.986627229 1002.8460876174568
26.986682683 1002.8462611236389
26.987009775 1002.8687551819235
27.005370123 1002.891503468254
29.741981303 1002.8915034682541
30.406926689 1003.0048036980683
30.406966079 1003.054307481414
30.407060455 1003.0708238982736
30.407100077 1003.1021734592633
30.40785206 1003.1021734592634
30.409275108 1003.105259234018
30.409623316 1003.1753922163133
30.410805168 1003.1988951152957
30.411178965 1003.2144396277025
30.411300412 1003.2624748163812
30.412949027 1003.301873948168
30.413283692 1003.3243680064525
30.747193631000002 1003.3243680064526
33.740935771 1003.4376682362667
33.740984517 1003.4871720196124
33.7410769 1003.5036884364721
33.741116301 1003.5350379974618
33.741831042 1003.5350379974619
33.743275446 1003.5381237722165
33.74363011 1003.6082567545118
33.74480495 1003.6317596534942
33.745176915 1003.647304165901
33.74529385 1003.6953393545797
33.746943565 1003.7347384863665
33.93387639 1003.7347384863666
36.990625136 1003.8975424995266
36.990739953 1003.9140589163861
36.9907792 1003.9454084773758
36.991489248 1003.945408477376
36.992895473 1003.9484942521306
36.993257599 1004.0186272344259
36.99472956 1004.0576746458152
36.994849492 1004.1057098344938
36.997559722 1004.1148993593555
38.793113617 1004.1148993593556
40.137792941 1004.2777033725156
40.137904934 1004.2942197893751
40.137946153 1004.3255693503648
40.138679096 1004.325569350365
40.140039119 1004.3286551251196
40.140396118 1004.3987881074149
40.141540614 1004.4222910063972
40.141905273 1004.437835518804
40.14202272 1004.4858707074827
40.145139622 1004.4950602323444
40.188952277 1004.4950602323445
43.239407345 1004.6743806623639
43.239477467 1004.7057302233536
43.240172723 1004.7057302233537
43.241489643 1004.7088159981083
43.24181419 1004.7789489804037
43.243245285 1004.8179963917929
43.243362624 1004.8660315804716
43.264296669 1004.8684728714585
46.274237764 1005.0477933014781
46.274302737 1005.0791428624678
46.276307761 1005.0822286372226
46.276625831 1005.1523616195178
46.277737808 1005.1758645185001
46.278093841 1005.1914090309069
46.287427607 1005.230908160022
46.295663414 1005.2374768590635
46.337568274 1005.2374768590636
49.45353833 1005.4167972890831
49.453616364 1005.4481468500728
49.454340377 1005.4481468500729
49.455615007 1005.4512326248275
49.455931077 1005.5213656071229
49.457375674 1005.5604130185121
49.465912985 1005.5615807210266
49.474943385 1005.5628080647456
49.475289622 1005.566439514117
49.477436404 1005.5897591739758
52.458124003 1005.7690796039955
52.45818879 1005.8004291649852
52.460214987 1005.8035149397399
52.460549992 1005.8736479220352
52.461963002 1005.9126953334243
52.471094331 1005.9138630359388
52.479629677 1005.9150903796578
52.479961685 1005.9187218290292
52.491029462 1005.9358531880717
55.227450362 1006.1151736180914
55.227512474 1006.1465231790811
55.229383407 1006.1496089538358
55.229707561 1006.2197419361311
55.238722684 1006.2575995459515
55.243373514 1006.2577518852609
55.249440355 1006.2648158431251
55.585655816 1006.2648158431252
57.976005552 1006.4441362731447
57.976081872 1006.4754858341345
57.977942354 1006.4785716088892
57.978258242 1006.5487045911844
57.987004108 1006.5865622010049
57.991489231 1006.5867145403142
58.401916489 1006.5867145403143
60.596117087 1006.7660349703339
60.596193425 1006.7973845313236
60.598073663 1006.8004703060783
60.598394385 1006.8706032883736
60.606963991 1006.908460898194
60.819019245 1006.9084608981941
62.420894317 1006.9084608981942
63.041412406 1007.1191308892035
63.043243545 1007.122216663958
63.044162737 1007.1923496462533
63.058119497 1007.2295638111094
64.521203408 1007.2295638111095
65.402861402 1007.2295638111096
65.408688382 1007.4402338021189
65.410522601 1007.4433195768735
65.411420963 1007.5134525591687
65.436824867 1007.527518337574
65.438675528 1007.5323267180853
66.457430957 1007.5323267180854
67.716613325 1007.5323267180855
67.721524897 1007.7429967090948
67.723263524 1007.7460824838492
67.734594718 1007.7750200014016
67.749817089 1007.8302812445497
68.233673656 1007.8302812445498
69.367228359 1007.83028124455
69.932954974 1007.8302812445501
69.939733426 1008.0409512355593
69.941410421 1008.0440370103138
69.952394669 1008.0729745278661
70.044532849 1008.0729745278663
72.069870762 1008.2836445188756
72.071563859 1008.2867302936303
72.08891184 1008.2889269860717
72.094391495 1008.2889269860718
73.690040653 1008.2889269860719
74.144123265 1008.4995969770812
74.145793876 1008.5026827518359
75.689932189 1008.502682751836
76.148760271 1008.7133527428452
76.152105525 1008.7164385176
76.982216857 1008.7164385176001
78.091181086 1008.9271085086092
78.181877221 1008.9271085086093
79.324069967 1008.9271085086094
79.971784375 1009.1085755885907
79.980152982 1009.1126462261226
79.980362633 1009.1377784996187
79.997325853 1009.1377784996188
80.059114797 1009.1377784996189
81.794427034 1009.1828626931299
81.796062557 1009.198162837876
81.798459746 1009.226372670654
81.798500452 1009.269431993647
81.79919038 1009.283808663472
81.806391719 1009.2970664181224
81.8066611 1009.3036526217961
81.806798325 1009.3134473255848
81.806871182 1009.3398152347584
83.570433189 1009.4001995730158
83.572783039 1009.4284094057936
83.572829507 1009.4714687287866
83.573514401 1009.4858453986116
83.57981498 1009.4976350109058
83.580097566 1009.499103153262
83.58034926 1009.5056893569357
83.58048971 1009.5154840607244
83.583259607 1009.5315497736711
83.586847295 1009.5353275503738
84.125462519 1009.535327550374
85.278027457 1009.5957118886311
85.280243737 1009.623921721409
85.280533735 1009.6637785904393
85.280757038 1009.6669810444021
85.281429715 1009.681357714227
85.287412124 1009.6931473265213
85.287657333 1009.6946154688775
85.290570827 1009.7270620892866
86.918349802 1009.787446427544
86.920582631 1009.8156562603217
86.920848234 1009.855513129352
86.921070332 1009.8587155833147
86.92170823 1009.8730922531397
86.927943317 1009.8863500077902
86.931325262 1009.8944406504218
88.512748463 1009.9548249886791
88.51491054 1009.9830348214571
88.514952726 1010.0260941444501
88.515571286 1010.0404708142748
88.521795714 1010.0522604265693
88.522044928 1010.0537285689253
88.632095613 1010.0537285689255
90.042445755 1010.1141129071826
90.044593319 1010.1423227399606
90.044858156 1010.1821796089909
90.045074825 1010.1853820629536
90.045712655 1010.1997587327786
90.057516133 1010.2064869419718
91.501513595 1010.2668712802291
91.503573828 1010.2950811130069
91.503813068 1010.3349379820371
91.513679072 1010.3507596114342
91.539414546 1010.3507596114343
92.234323453 1010.3507596114345
92.902346395 1010.4111439496916
92.904401944 1010.4393537824695
92.904629567 1010.4792106514996
92.916825348 1010.4917315570298
92.920215585 1010.4932767608465
93.420020351 1010.4932767608466
94.098661929 1010.4932767608467
94.262898795 1010.5536610991038
94.264838034 1010.5818709318818
94.265074679 1010.6217278009118
94.277023157 1010.634248706442
94.891374459 1010.6342487064421
95.600824086 1010.7228428774772
95.601051969 1010.7626997465075
96.079340074 1010.7626997465076
96.856304131 1010.7815388812861
96.856698415 1010.8004479212516
96.861315876 1010.8512939175426
97.165506357 1010.8512939175428
98.059187592 1010.8701330523213
98.059552889 1010.8890420922868
98.065814879 1010.8961410304671
98.066917839 1010.8976699615937
98.067099657 1010.9115433929097
98.071005777 1010.9350647515129
98.080980245 1010.935064751513
99.152626765 1010.9350647515131
99.208044866 1010.9539038862914
99.208427668 1010.9728129262571
99.213165487 1010.981440795564
99.215890508 1010.99531422688
99.985058878 1010.9953142268802
100.282688416 1010.9953142268803
