0.00036625 1002.7638767980432
0.000478365 1003.0680163354534
0.000511076 1003.1042852353966
0.000635603 1003.2701409120631
0.001074919 1003.3183976863647
0.001523968 1003.3243958458772
0.005649342 1003.3945252739425
0.019017081 1003.4592237920731
0.019192814 1003.616370851476
0.080837099 1003.6264888088626
0.081147437 1003.6324869683751
0.084318897 1003.7026163964402
0.085174626 1003.7026163964404
0.094848125 1003.7673149145709
0.094995818 1003.9244619739738
0.216233887 1003.924461973974
0.277206374 1003.9285306470899
0.399751775 1003.9315920023329
0.46074195 1003.934254537343
0.582121457 1003.9354349543341
0.644142948 1003.9354349543343
0.82610119 1003.937649813724
0.946713448 1003.9397454937659
1.066196224 1003.9436437144694
1.1855496620000001 1003.9512038798589
1.368591956 1003.951203879859
1.429045402 1003.9528502325505
1.489611845 1003.9528502325506
1.54913861 1003.9575004311944
1.785051972 1003.9586213128399
1.845342255 1003.9601777507306
1.90519292 1003.9601777507307
2.082546319 1003.9652960017893
2.320045 1003.969092724278
2.380312883 1003.9690927242781
2.439944772 1003.9693180286421
2.56004108 1003.971891173899
2.68024434 1003.9727900333805
2.7989188 1003.9729987775358
2.8580783849999998 1003.9832386485776
2.915766106 1003.9832386485778
3.094221346 1003.9843890722613
3.153147244 1003.9979345990054
3.215915982 1004.0211623520356
3.454724885 1004.022198949325
3.694827773 1004.0248890972251
3.754298973 1004.0346788031497
3.874883355 1004.0382311741125
3.936018253 1004.126325627973
3.995518862 1004.1263256279731
4.056886213 1004.1793460087279
4.284319396 1004.2379075698748
4.284671107 1004.2861643441764
4.285009675 1004.2921625036889
4.288248272 1004.362291931754
4.298729498 1004.4269904498847
4.3208558870000005 1004.5311171285325
4.332928119 1004.5311171285327
4.893739962 1004.5321537258219
4.905780493 1004.532153725822
5.134993182 1004.5321537258221
5.787108744 1004.587864254477
6.703927967 1004.6012063313644
7.163660278 1004.6893007852249
7.506411668 1004.689300785225
8.292773356 1004.7629590236687
8.293105754 1004.8112157979704
8.293412711 1004.817213957483
8.297787364 1004.8176327084724
8.2985581 1004.8176327084725
8.305756353 1004.8486233544974
8.305799444 1004.8826931869042
8.312692195 1004.8951389561429
8.312969285 1004.9017341282527
8.313446727 1004.9130816029314
8.327585242 1005.0561685823266
8.339394289 1005.0561685823267
8.67537588 1005.0561685823268
9.116503958 1005.0573190060101
9.127702258 1005.0573190060102
9.238075341 1005.0573190060103
9.562321668 1005.097819030974
9.574010788 1005.0978190309742
12.221459458 1005.1082085471827
12.221573595 1005.2740642238493
12.221901643 1005.322320998151
12.225913558 1005.3278061004369
12.226618255 1005.328737908653
12.23447377 1005.3597285546779
12.234516247 1005.3937983870848
12.241362926 1005.4241868031119
12.275589291 1005.424186803112
13.003533596 1005.4241868031121
13.434461526 1005.4342984120486
13.44118664 1005.4646868280757
14.094510778 1005.4646868280759
14.746240826 1005.464686828076
16.037951367 1005.4793074693054
16.038005674 1005.5155763692484
16.038097891 1005.681432045915
16.038409236 1005.7296888202167
16.042436776 1005.7351739225026
16.043111513 1005.7361057307187
16.05103094 1005.7670963767436
16.051074268 1005.8011662091504
16.059079135 1005.817634005242
16.071723135 1005.8211060099804
16.091547466 1005.8315546251777
17.258340504 1005.8315546251778
19.763986684 1005.8461752664069
19.764031739 1005.8824441663501
19.764123731 1006.0482998430167
19.764437064 1006.0965566173182
19.765230081 1006.0965566173184
19.768282257 1006.1020417196042
19.768939972 1006.1029735278204
19.776526837 1006.1339641738452
19.776569911 1006.1680340062521
19.784351564 1006.1845018023437
19.802615845 1006.1879738070821
20.109247334 1006.1879738070822
23.395833668 1006.2025944483116
23.39589182 1006.2388633482547
23.395990118 1006.4047190249213
23.396311072 1006.4529757992229
23.400240635 1006.4584609015088
23.400897409 1006.459392709725
23.408542571 1006.4903833557498
23.408588239 1006.5244531881567
23.416237693 1006.5409209842483
23.517155505 1006.5409209842484
26.915402344 1006.5555416254778
26.915452544 1006.5918105254209
26.915542238 1006.7576662020875
26.915854767 1006.8059229763891
26.919626161 1006.811408078675
26.920261537000002 1006.8123398868912
26.927634027 1006.8433305329161
26.927663312 1006.877400365323
30.34277202 1006.8920210065523
30.342825058 1006.9282899064955
30.342918947 1007.0941455831621
30.343235208 1007.1424023574637
30.344026021 1007.1424023574638
30.346971013 1007.1478874597497
30.347611764 1007.1488192679658
30.35489537 1007.1798099139907
30.355087965 1007.19528405119
30.36623698 1007.2046732283164
30.371182492 1007.2122333937059
30.392005291 1007.212233393706
33.696727879 1007.2268540349354
33.696774005 1007.2631229348785
33.696866844 1007.4289786115452
33.697173829 1007.4772353858467
33.700856342 1007.4827204881327
33.701489575 1007.4836522963489
33.708638582 1007.5146429423737
33.70883136 1007.5301170795731
33.719682327 1007.5395062566995
33.724624416 1007.547066422089
36.958690494 1007.5616870633183
36.958732755 1007.5979559632615
36.958819686 1007.7638116399281
36.962699958 1007.8175535165155
36.963956453 1007.8184853247317
36.97026607 1007.8494759707567
36.970453844 1007.8649501079559
36.981000768 1007.8743392850823
36.996036916 1007.8743392850824
40.130213288 1007.8889599263119
40.130263706 1007.925228826255
40.130355886 1008.0910845029216
40.134205728 1008.1448263795091
40.135470781 1008.1457581877253
40.144544669 1008.1697908363525
40.162871843 1008.1767488337501
40.168900687 1008.1922229709495
43.214037025 1008.2068436121789
43.214095531 1008.2431125121219
43.214189133 1008.4089681887885
43.218089844 1008.4627100653761
43.218687688 1008.4636418735922
43.645507529 1008.4636418735923
44.112761753 1008.4636418735925
46.210214564 1008.4782625148217
46.210262981 1008.5145314147649
46.210356314 1008.6803870914315
46.214088558 1008.7341289680189
46.246768298 1008.734128968019
49.025976767 1008.7341289680191
49.157573268 1008.7487496092484
49.157621103 1008.7850185091916
49.157712573 1008.9508741858582
49.163955414 1008.9742396238263
49.17994474 1008.9742396238264
51.899432631 1008.9742396238265
52.025048851 1008.9888602650558
52.025080573 1009.0251291649989
52.025170175 1009.1909848416655
52.03428356 1009.1909848416656
52.046788092 1009.2143502796338
54.753336073 1009.228970920863
54.753384038 1009.2652398208062
54.753467092 1009.4310954974727
54.754142936 1009.4310954974728
54.762052069 1009.4310954974729
57.469380736 1009.4457161387023
57.469427267 1009.4819850386455
57.469715387 1009.5233623669951
57.470166803 1009.647840715312
57.575707559 1009.6478407153121
60.080751367 1009.6739025639715
60.081507436 1009.6739025639716
60.083057153 1009.7156173635426
60.083195843 1009.7783467555807
60.083490057 1009.7800388344817
60.08404028 1009.7821796580064
60.084445144 1009.8074688455719
60.088496523 1009.8386343383056
60.089073784 1009.8386343383057
60.092875106 1009.8561363195173
60.093487499 1009.8561363195174
60.383008893 1009.8561363195175
62.566002568 1009.8821981681771
62.567274226 1009.9866423597863
62.56755945 1009.9883344386872
62.570015447 1009.9900181676263
62.570583534 1009.9900181676264
62.572570111 1010.046929942511
62.573143948 1010.0469299425112
62.577746676 1010.064431923723
64.955829497 1010.0904937723824
64.956540608 1010.0904937723825
64.957340842 1010.1966300428926
64.959628115 1010.1983137718317
64.960201109 1010.1983137718319
64.962191923 1010.2552255467164
64.962751548 1010.2552255467165
64.975339664 1010.2569366663155
65.008422464 1010.2569366663156
67.166895748 1010.2569366663157
67.284527999 1010.2829985149751
67.286093335 1010.3891347854852
67.288369447 1010.3908185144244
67.288978939 1010.3908185144245
67.290856615 1010.4477302893091
67.291422753 1010.4477302893092
69.12873833 1010.4477302893093
69.507718563 1010.4737921379689
69.508178206 1010.578236329578
69.508467745 1010.579928408479
69.510630347 1010.5816121374181
69.511187748 1010.5816121374182
69.522744919 1010.6141295784228
69.525936984 1010.6141295784229
69.526844898 1010.6385239123028
71.637468966 1010.7690299525715
71.637763031 1010.7707220314724
71.63993145 1010.7724057604116
71.651585218 1010.8049232014163
71.684530277 1010.8049232014164
73.689217637 1010.9354292416851
73.689514731 1010.937121320586
73.691723957 1010.9388050495252
73.70338045 1010.9713224905298
74.560196436 1010.9713224905299
75.730204612 1011.1018285307986
75.730465018 1011.1035206096994
75.743133573 1011.104775482417
75.750174372 1011.1189610768482
75.751388999 1011.1309506207897
77.715420971 1011.1372688104278
77.715846989 1011.2614566610586
77.730480658 1011.264403612677
79.629313319 1011.2707218023149
79.631462934 1011.344364701629
81.479954833 1011.350682891267
81.481919226 1011.4243257905811
83.256769036 1011.4306439802191
83.26050245 1011.4849328986353
83.261466748 1011.4962525129116
83.818223058 1011.4962525129117
84.97487146899999 1011.5025707025496
84.97865759 1011.5568596209658
84.98153314300001 1011.5613841917653
84.994750564 1011.5613841917655
85.00595563 1011.5613841917656
86.631631605 1011.5677023814035
86.635314311 1011.6219912998197
86.652462729 1011.6219912998198
86.658562656 1011.6219912998199
88.23672682 1011.6283094894578
88.240255624 1011.6453694068241
88.249723337 1011.6461184028097
88.2523467 1011.6536097936231
88.253759321 1011.6822975426923
88.275965274 1011.6822975426925
89.786381093 1011.6886157323305
89.792261254 1011.7139160364956
89.835355584 1011.7139160364958
90.04595655 1011.7139160364959
91.249558173 1011.7202342261338
91.253050343 1011.7372941435001
91.253741062 1011.7380431394855
91.264581946 1011.7384554734886
91.326152103 1011.7384554734887
91.770816201 1011.7384554734888
92.153236811 1011.7384554734889
92.674672381 1011.7520192063495
92.676335 1011.7625825764785
92.794274238 1011.7625825764786
93.220470823 1011.7625825764787
94.026820011 1011.7698695269391
94.03354624 1011.7761463093394
94.040067 1011.7761463093395
94.190296257 1011.7761463093397
95.095713589 1011.7761463093398
95.347446406 1011.7834332598003
