0.000368784 1000.5841570791453
0.000490056 1000.7498587320271
0.005795632 1000.8263217433984
0.07986722 1000.9582685352499
0.079907013 1001.1239701881317
0.08383807 1001.200433199503
0.144322602 1001.2014924135966
0.145115849 1001.2014924135967
0.166802674 1001.2014924135968
0.385919933 1001.2017306913955
0.447840857 1001.2017306913956
0.507007578 1001.201998321902
0.507819738 1001.2019983219021
0.56831394 1001.20538468346
0.628290164 1001.2053846834601
0.688361192 1001.2117645118559
0.689169009 1001.211764511856
0.710635878 1001.2117645118561
0.80837037 1001.2123963773312
0.857238648 1001.2123963773313
1.047207187 1001.22138036174
1.048030333 1001.2213803617401
1.069566814 1001.2213803617402
1.188625092 1001.222455553862
1.215430968 1001.2224555538621
1.408445263 1001.2246783751815
1.409218934 1001.2246783751816
1.5305551880000001 1001.2246783751817
1.650924047 1001.2279113266463
1.71085465 1001.2279113266464
1.8899385419999999 1001.2373477030955
1.890735736 1001.2373477030956
1.911971725 1001.2373477030957
2.129784081 1001.2394317655335
2.190537675 1001.2394317655337
2.366794465 1001.2436204200235
2.427449434 1001.2436204200237
2.485339669 1001.2476746211692
2.603095476 1001.2481991997064
2.662148652 1001.2481991997065
2.722226143 1001.2552975707692
2.723010876 1001.2552975707694
2.744656251 1001.2552975707695
2.839635877 1001.2606203539534
2.840420847 1001.2606203539535
2.96053357 1001.2717585657621
2.961285238 1001.2717585657622
3.102028559 1001.273034187691
3.128209314 1001.2730341876911
3.31327363 1001.2826950406964
3.5486908379999997 1001.286300086027
3.787917163 1001.2925034345135
3.9111830579999998 1001.337876253814
3.911975048 1001.3378762538141
3.9710183690000003 1001.3378762538142
4.031877807 1001.3494971990622
4.267543518 1001.5556899321898
4.267593772 1001.7213915850716
4.271562818 1001.7978545964429
4.388539956 1001.8040579449294
7.16422235 1001.861051709478
8.306837803 1002.08506873634
8.307059693 1002.0992560676007
8.307203763 1002.2024145767125
8.307758089 1002.250770389222
10.886550398 1002.2594083412612
10.887308797 1002.2594083412613
10.895675294 1002.3064885318418
10.928781253 1002.3064885318419
12.226965358 1002.5763611114439
12.227195484 1002.5905484427044
12.229148741 1002.5940483294694
12.229177509 1002.6479996331277
12.229533384 1002.67075926803
12.229885009 1002.6937069518164
12.246114815 1002.7063762797302
12.259073619 1002.7243261474041
12.376459797 1002.7243261474042
12.542282314 1002.7243261474043
13.456977306 1002.7354643592128
13.519646531 1002.7354643592129
14.107455499 1002.735464359213
16.030929621 1003.0164751506236
16.031144805 1003.0306624818841
16.031285058 1003.1338209909961
16.032109107 1003.1338209909962
16.049002999 1003.14649031891
17.216990484 1003.1464903189101
19.744913381 1003.4275011103208
19.745146149 1003.4416884415813
19.745305834 1003.5448469506931
19.746127613 1003.5448469506932
19.798960178 1003.5448469506933
20.01007878 1003.5448469506935
23.355012546 1003.8258577421042
23.355244573 1003.8400450733646
23.355382002 1003.9432035824765
23.529833231 1003.9432035824766
26.850708391 1004.0252467620818
26.850947766 1004.0350118916514
26.851106312 1004.0512514224494
26.851204065 1004.193224260683
26.852166459 1004.2677611558821
26.852840816 1004.2849413739324
26.85654766 1004.3183742526747
26.863506687 1004.3292782164093
26.867547468 1004.3382622008183
28.696134524 1004.3382622008185
30.279385301 1004.4203053804238
30.27975357 1004.4463100407913
30.279852613 1004.588282879025
30.280836283 1004.6628197742241
30.281510977 1004.6799999922742
30.285201955 1004.7134328710167
30.292164896 1004.7243368347513
32.759076575 1004.7243368347514
33.627849826 1004.8063800143566
33.628236024 1004.8323846747242
33.628325737 1004.974357512958
33.629437005 1005.02154911457
33.629600901 1005.0260195931648
33.629996772 1005.0660746262071
33.651595749 1005.1104114686841
33.812594726 1005.1104114686842
36.861606909 1005.1924546482894
36.862045078 1005.3604321468908
36.863121484 1005.407623748503
36.863301084 1005.4120942270977
36.863699776 1005.4521492601401
36.886275907 1005.4623383314414
36.903093118 1005.4623383314415
36.931518386 1005.4623383314416
38.662957067 1005.4623383314417
40.026155005 1005.544381511047
40.026574418 1005.7123590096483
40.027634662 1005.7595506112605
40.027789827 1005.7640210898551
40.046140328 1005.779247612151
40.052526749 1005.8027746973455
40.140495988 1005.8027746973457
43.103459352 1005.8848178769508
43.104053006 1005.8972572794405
43.104096732 1005.9742116216146
43.104765152 1006.0482916522938
43.104971742 1006.0999869771645
43.123067382 1006.119683978055
43.123736599 1006.1196839780551
43.171056569 1006.1196839780553
45.842513058 1006.1196839780554
46.099558076 1006.2017271576606
46.100092737 1006.2141665601503
46.100133012 1006.2911209023243
46.10082331 1006.3652009330035
46.101029752 1006.416896257874
46.101795901 1006.4168962578742
46.119023364 1006.4365932587648
46.938815955 1006.4365932587649
49.040112126 1006.5186364383702
49.040664898 1006.5310758408597
49.040710317 1006.6080301830337
49.041374721 1006.6821102137129
49.041584883 1006.7338055385836
49.612429216 1006.7338055385837
51.853381923 1006.7977259288278
51.853599702 1006.8001124835852
51.853729195 1006.8049180683428
51.853847823 1006.8282881206786
51.853886431 1006.9052424628527
51.855800662 1006.9200858529472
51.856086939 1006.9376866436597
51.856796638 1006.9376866436598
51.858129163 1007.0024885893994
51.860155248 1007.0107972134191
51.872530948 1007.0179768914098
51.88442735 1007.0215785829167
51.8900127 1007.0310178184026
54.822461721 1007.0431133587999
54.822725973 1007.097324763404
54.822881307 1007.1021303481614
54.822991372 1007.1255004004975
54.823031895 1007.2024547426715
54.824774268 1007.2166789171827
54.824973552 1007.2348989234786
54.825682466 1007.2348989234787
54.827100122 1007.2997008692182
54.82902762 1007.308009493238
54.841675687 1007.3151891712284
55.037068264 1007.3151891712286
55.679285692 1007.3151891712287
57.491025641 1007.3272847116262
57.491264145 1007.3814961162301
57.491409785 1007.3863017009875
57.491510001 1007.4096717533233
57.491548675 1007.4866260954976
57.493209965 1007.500850270009
57.493401084 1007.5190702763047
57.494065969 1007.5190702763048
57.495387893 1007.5838722220443
57.497225689 1007.592180846064
57.561070423 1007.5921808460643
60.118627939 1007.6561012363084
60.118886896 1007.6584877910657
60.120652218 1007.6632933758231
60.120767715 1007.6866634281589
60.120804947 1007.763617770333
60.122322943 1007.7784611604277
60.122603251 1007.7960619511402
60.123241381 1007.7960619511404
60.124498271 1007.8608638968797
60.147348061 1007.8608638968799
60.223594499 1007.86086389688
62.777578864 1007.9247842871241
62.777818071 1007.9271708418814
62.777955134 1007.931976426639
62.778064745 1007.9553464789749
62.778168491 1007.9908189885737
62.779562519 1008.0471442112434
62.779838699 1008.064745001956
62.780471616 1008.0647450019561
62.783056225 1008.1073853514954
62.784761268 1008.1091219283771
62.843897245 1008.1091219283772
65.220603449 1008.1730423186215
65.220835399 1008.1754288733788
65.2209645 1008.1802344581363
65.221079756 1008.203604510472
65.221165575 1008.239077020071
65.222582807 1008.2954022427408
65.222849278 1008.3130030334534
65.231452125 1008.3137243296208
65.241950279 1008.3348471694933
65.573165298 1008.3348471694934
67.519184489 1008.3987675597375
67.519408867 1008.4011541144948
67.519656323 1008.429329751588
67.519747754 1008.4648022611871
67.521128584 1008.5211274838568
67.52140144 1008.5387282745694
67.529670742 1008.5394495707369
67.543891817 1008.5504157516192
67.544979806 1008.5545945202716
67.703306185 1008.5545945202717
67.922531007 1008.5545945202718
69.375443912 1008.554594520272
69.730027247 1008.6185149105161
69.730255981 1008.6209014652734
69.73048977 1008.6490771023666
69.731926388 1008.7408748346354
69.732205388 1008.758475625348
69.740121488 1008.7591969215155
69.75365285 1008.7701631023978
70.064617429 1008.7701631023979
71.80365934 1008.770163102398
71.873835236 1008.7822586427953
71.87401194 1008.8364700473994
71.875271859 1008.8475396795449
71.875749842 1008.9558242011783
71.875910701 1008.974044207474
71.876494779 1008.9740442074741
71.883691253 1008.9747655036415
72.455423785 1008.9747655036416
73.966034922 1009.0386858938858
73.966249398 1009.0410724486431
73.967518957 1009.0521420807885
73.967874615 1009.1610458180052
73.968157742 1009.1786466087177
73.976376203 1009.179367904885
74.00588448 1009.1793679048851
75.684681667 1009.1793679048852
75.972278343 1009.2432882951293
75.972487531 1009.2456748498865
75.973758153 1009.256744482032
75.974119466 1009.3656482192487
75.974386524 1009.3832490099611
75.974949734 1009.3832490099612
76.28556841 1009.3832490099613
77.817597046 1009.3832490099614
77.959530065 1009.4471694002057
77.959729547 1009.449555954963
77.960899235 1009.4606255871083
77.96123021 1009.569529324325
77.96148947 1009.5871301150376
79.634010578 1009.5871301150377
79.838444139 1009.6510505052818
79.838680909 1009.653437060039
79.839939824 1009.6645066921845
79.841984781 1009.7227919231959
79.842273494 1009.7769041530582
79.843647091 1009.7829400698863
80.389903165 1009.7829400698864
81.665510908 1009.849247014888
81.666668269 1009.8603166470332
81.668666255 1009.9186018780446
81.668929037 1009.9727141079068
81.695889185 1009.972714107907
82.385097416 1009.9727141079071
83.452860849 1010.0390210529085
83.457787017 1010.0653296416125
83.458258335 1010.092787706347
83.464217622 1010.1262356857657
83.46545802 1010.1487798558618
83.531225345 1010.1487798558619
83.733383843 1010.148779855862
85.147267546 1010.1587604788743
85.147325206 1010.205417591319
85.147789826 1010.2150868008633
85.151974308 1010.2413953895675
85.152431688 1010.2688534543021
85.158723129 1010.3023014337207
85.162265238 1010.3189171819633
85.171216484 1010.3189171819635
85.928034574 1010.3189171819636
86.56474109 1010.3189171819637
86.774434111 1010.328897804976
86.774481744 1010.3755549174206
86.774949468 1010.385224126965
86.778870128 1010.4115327156692
86.779298373 1010.4389907804037
86.785053101 1010.4724387598224
86.817224174 1010.4724387598225
88.15045589100001 1010.4724387598226
88.358451627 1010.4824193828348
88.358501208 1010.5290764952796
88.358966754 1010.5387457048238
88.362859749 1010.565054293528
88.363289207 1010.5925123582625
88.371852098 1010.5968535670396
88.487217939 1010.5968535670397
89.698034859 1010.5968535670398
89.905640781 1010.6631605120411
89.909893139 1010.6894691007453
89.91655362 1010.6984602133158
89.921228472 1010.719264254877
91.376901618 1010.7855711998783
91.381083323 1010.8118797885825
91.387637999 1010.820870901153
91.39417295 1010.8355034219072
91.528614321 1010.8355034219073
91.955946379 1010.8355034219074
92.794569104 1010.9018103669088
92.798669516 1010.928118955613
92.937438364 1010.9281189556131
94.175599014 1010.9380995786255
94.176083136 1010.9944259006145
94.180522551 1011.0173478083539
94.575391858 1011.017347808354
95.486485091 1011.0273284313664
95.495769097 1011.0860954006755
95.497424386 1011.0860954006756
96.747231923 1011.0960760236882
96.758163578 1011.1548429929973
