0.000365107 999.8137550706488
0.000483159 1000.0458102495099
0.000687126 1000.0692766796919
0.000815653 1000.1159845244317
0.006198953 1000.154935957944
0.006446035 1000.2366262139702
0.006529547 1000.3148018813184
0.079618537 1000.3247333312763
0.081694395 1000.3278708201442
0.083811146 1000.4623946852339
0.084336879 1000.5421919188095
0.084525706 1000.623882174836
0.084593655 1000.702057842184
0.145543871 1000.7020578421841
0.568710319 1000.7032196390395
0.62884121 1000.7032196390396
0.811058509 1000.7080359560105
0.871992883 1000.7080359560106
1.054439495 1000.7112509780472
1.293532553 1000.7190028279691
1.353113799 1000.7190028279692
1.4125111989999999 1000.7210468762344
1.5915464689999999 1000.7210468762345
1.651026503 1000.7251181184304
1.712580266 1000.7261896923992
1.7723041130000001 1000.7261896923994
2.0705515979999998 1000.7309438621409
2.367945298 1000.7400092527437
2.427388165 1000.7400092527438
2.486901218 1000.7495015262502
2.608086512 1000.7511752124619
2.668871846 1000.7543183669701
2.790480318 1000.772897537139
2.9664928550000003 1000.7728975371391
3.027063253 1000.7743364634566
3.085498298 1000.7743364634567
3.264687896 1000.7858272509966
3.498049043 1000.8065484198443
3.618823377 1000.8065484198444
3.737223099 1000.8096028938215
3.795993283 1000.8096028938216
3.857069228 1000.8099676415296
4.269481589 1000.887293428511
4.269559023 1000.9805650537995
4.269584576 1001.0897812827124
4.269688092 1001.1428150375542
4.269783893 1001.189522882294
4.284196448 1001.1909618086117
4.285263288 1001.2231737649993
4.29071122 1001.2265929866845
4.313868095 1001.2265929866846
4.314290817 1001.2284743158061
4.430908222 1001.2284743158062
4.448654481 1001.2284743158064
4.780472748 1001.2288390635144
5.45122464 1001.2317557912695
5.452025902 1001.2317557912696
5.457567534 1001.2351750129549
5.573941773 1001.235175012955
5.685000664 1001.2412480647762
5.690425121 1001.2446672864614
5.923372474 1001.2463409726731
6.039619454 1001.2494841271813
6.063188566 1001.2494841271814
6.098525933 1001.2494841271815
6.266506437 1001.264644075665
6.278175514 1001.2676985496421
6.295553867 1001.2676985496422
6.296102859 1001.2680632973503
6.734462444 1001.2695022236678
6.757733798 1001.2695022236679
7.192744694 1001.2775737895225
7.222279416 1001.2809930112078
7.426077631 1001.2982949583701
7.432706777 1001.3017141800555
7.512902025 1001.3017141800556
7.892946738 1001.3047686540327
8.009271757 1001.3047686540328
8.336356948 1001.4541611604078
8.336435119 1001.5474327856963
8.336461774 1001.6566490146091
8.336647146 1001.7563906141908
8.357262815 1001.7693203280484
8.357292514 1001.7934607185813
8.380224149 1001.7934607185814
8.701191643 1001.7965151925586
9.151584958 1001.7965151925587
12.330327945 1001.9523813945963
12.330421503 1002.0456530198848
12.330449337 1002.1548692487976
12.330561872 1002.2079030036394
12.33152336 1002.2546108483791
12.387567406 1002.2546108483792
16.206678213 1002.410477050417
16.20676095 1002.5037486757052
16.206787532 1002.6129649046183
16.207038439 1002.6430286061003
16.207696484 1002.66599865946
16.24894802 1002.6798182198045
19.965306399 1002.681439927841
19.965416928 1002.7521062001297
19.966722405 1002.891217869613
19.967586594 1002.8912178696131
19.971608535 1002.934560894302
19.971713146 1003.0503139448479
19.979513984 1003.0576709587621
19.989681305 1003.0682359775254
20.013195999 1003.0682359775257
23.620256238 1003.0976422975087
23.621403802 1003.2796356273342
23.626359629 1003.3229786520232
23.626470986 1003.438731702569
23.63414454 1003.4460887164832
23.654638036 1003.454076090491
27.177433388 1003.4556977985275
27.177544655 1003.5263640708162
27.178310703 1003.5263640708163
27.178781513 1003.6654757402995
27.179621573 1003.6654757402996
27.183543801 1003.7088187649885
27.184277177 1003.7088187649887
27.184442579 1003.7775662225564
27.191123357 1003.8156825331957
27.191152737 1003.8319288294485
27.218459972 1003.832219480556
30.644886892 1003.8338411885925
30.645001906 1003.9045074608814
30.646249411 1004.0436191303647
30.651024244 1004.0869621550537
30.651864025 1004.1557096126214
30.658496032 1004.1938259232608
34.006023469 1004.1954476312972
34.006130745 1004.2661139035858
34.006879335 1004.266113903586
34.007325027 1004.4052255730692
34.008132849 1004.4052255730693
34.011920131 1004.4485685977581
34.012782041 1004.5173160553261
34.042023482 1004.5184218158447
34.976402412 1004.5184218158448
37.280400306 1004.547828135828
37.281473011 1004.7298214656535
37.286115538 1004.7731644903424
37.286958021 1004.8419119479101
37.293335205 1004.8419119479103
40.451824591 1004.8713182678936
40.45281969 1005.053311597719
40.457294634 1005.096654622408
40.459010897 1005.1432377936763
40.459247055 1005.1449147126176
40.475470475 1005.1449147126177
40.946496142 1005.1449147126178
43.56024082 1005.1743210326009
43.56125471 1005.2151206765444
43.561299518 1005.2531895838591
43.561743513 1005.270797871567
43.562045058 1005.3563143624262
43.565737214 1005.3996573871153
43.568922235 1005.4224324649273
43.570187952 1005.4462405583838
43.6010689 1005.447917477325
43.627258434 1005.4479174773251
45.480290685 1005.4479174773252
46.604456808 1005.4773237973083
46.605480692 1005.5181234412518
46.605526845 1005.5561923485665
46.60598852 1005.5738006362743
46.606690815 1005.5917250213867
46.609546694 1005.6241828536128
46.609831023 1005.7026601518227
46.612655275 1005.7254352296346
46.74189047 1005.7254352296347
49.555429505 1005.7270569376713
49.556185789 1005.7687807626456
49.556724591 1005.7956411935616
49.556768382 1005.8337101008763
49.557200623 1005.8513183885841
49.55787844 1005.8692427736964
49.560900597 1005.8727776725111
49.56103975 1005.9801779041325
49.592181451 1005.9897656641153
49.594475889 1006.0029529819443
49.624859513 1006.0029529819444
52.492448482 1006.0045746899807
52.493118519 1006.0462985149551
52.495197706 1006.073158945871
52.495239319 1006.1112278531857
52.495639902 1006.1288361408936
52.49628493 1006.1467605260059
52.499144262 1006.1502954248208
52.499265348 1006.2576956564419
53.175678342 1006.257695656442
53.960124375 1006.2576956564421
55.261262262 1006.2593173644786
55.261992313 1006.3010411894528
55.262479456 1006.3279016203687
55.262523612 1006.3659705276834
55.26294629 1006.3835788153913
55.263598666 1006.4015032005036
55.264255332 1006.4015032005038
55.266527371 1006.4050380993185
55.266660885 1006.5124383309396
58.144729526 1006.5140600389761
58.145433121 1006.5557838639505
58.145924271 1006.5826442948664
58.145965956 1006.6207132021812
58.146384742 1006.638321489889
58.147020192 1006.6562458750013
58.153461439 1006.6969058989121
58.154933226 1006.7097695317962
58.154970737 1006.7253386874027
58.154994453 1006.7366478534022
58.160653877 1006.7429445558695
60.957211795 1006.7723508758527
60.958196902 1006.8131505197962
60.958239672 1006.8512194271109
60.958662833 1006.8688277148187
60.959300378 1006.8867520999311
60.965371498 1006.9274121238418
60.966773635 1006.9402757567257
60.966811462 1006.9558449123324
60.966834408 1006.9671540783318
60.976449534 1006.9671540783319
60.981217977 1006.9699319398724
60.983233917 1006.9699319398725
61.134753084 1006.9699319398726
63.408339614 1006.971553647909
63.409019746 1007.0132774728834
63.41073677 1007.0401379037993
63.410774674 1007.078206811114
63.411159638 1007.0958150988218
63.411755689 1007.1137394839342
63.41758911 1007.1543995078449
63.418987309 1007.1672631407288
63.419024094 1007.1828322963355
63.419048059 1007.1941414623349
63.428389595 1007.194141462335
63.631252578 1007.1941414623351
65.895968646 1007.1957631703715
65.896729602 1007.2374869953459
65.897171867 1007.2643474262618
65.897613436 1007.3200246212843
65.89822644 1007.3379490063967
65.904127394 1007.3786090303074
65.909179801 1007.3799113994407
65.911824527 1007.4158607740155
67.380724137 1007.4158607740156
68.238786895 1007.4174824820522
68.239441212 1007.4592063070263
68.239858359 1007.4860667379422
68.240279028 1007.5417439329648
68.240864806 1007.5596683180771
68.246692864 1007.6003283419878
68.251442842 1007.6016307111214
68.255180153 1007.6270449699425
68.255778501 1007.6331186272521
68.255891614 1007.637580085696
68.319005423 1007.6375800856962
70.494995412 1007.6392017937325
70.495674218 1007.6809256187069
70.496062561 1007.7077860496228
70.496104466 1007.7458549569375
70.496518656 1007.7634632446453
70.497039815 1007.7813876297577
70.50272553799999 1007.8220476536684
70.503965288 1007.8349112865525
70.504003792 1007.850480442159
70.504556335 1007.8504804421591
70.523083391 1007.8515816567741
71.625532767 1007.8515816567743
72.651414551 1007.8532033648106
72.652102613 1007.894927189785
72.652532484 1007.9217876207009
72.652972849 1007.9774648157235
72.653545975 1007.9953892008358
72.658953219 1008.0360492247465
72.663375305 1008.0373515938799
72.663882128 1008.03735159388
72.666756948 1008.0627658527012
72.667945211 1008.0644820132372
73.752286697 1008.0644820132374
74.732900612 1008.0661037212737
74.733547393 1008.1078275462479
74.733927668 1008.1346879771638
74.734366835 1008.1903651721864
74.734892958 1008.2082895572989
74.740301257 1008.2489495812094
74.744880604 1008.250251950343
74.748228174 1008.2756662091643
76.326491139 1008.2756662091645
76.747421775 1008.2772879172009
76.74814172 1008.3190117421749
76.748518618 1008.3458721730909
76.748995975 1008.4015493681135
76.749521211 1008.4194737532258
76.750146087 1008.419473753226
76.75488939 1008.4601337771365
76.759182851 1008.4614361462701
77.926344989 1008.4614361462702
78.744498383 1008.4630578543066
78.745125238 1008.5047816792809
78.745499082 1008.5316421101969
78.745916137 1008.5873193052192
78.746449203 1008.6052436903318
78.751814526 1008.6459037142425
80.234165927 1008.6459037142426
80.635441924 1008.647525422279
80.636050474 1008.6892492472531
80.63679801 1008.7717868731919
80.637335236 1008.7897112583042
80.644977307 1008.8087520162434
80.651379273 1008.8230488999079
80.653237405 1008.8262411362867
80.654551151 1008.8264377353788
82.093148749 1008.8264377353789
82.469160797 1008.8280594434153
82.469770163 1008.8697832683894
82.470527262 1008.9040779785365
82.470662674 1008.9403893163764
82.47101401 1008.9702452794403
82.478502163 1008.9892860373797
82.485227497 1009.0035829210442
82.487066724 1009.006775157423
83.499549141 1009.0067751574231
84.262778369 1009.0083968654595
84.263407804 1009.0501206904336
84.264170829 1009.0844154005807
84.264312146 1009.1207267384206
84.264675425 1009.1505827014845
84.271807706 1009.1696234594239
84.278580298 1009.1839203430884
84.896666852 1009.1839203430885
85.991104852 1009.185542051125
85.991676156 1009.2272658760991
85.992405321 1009.2615605862462
85.992542602 1009.297871924086
85.992901748 1009.3277278871502
86.000286244 1009.3467686450894
87.644159067 1009.3483903531259
87.644716922 1009.3901141780999
87.646715518 1009.4244088882471
87.646849275 1009.4607202260869
87.647168296 1009.4905761891508
87.667881657 1009.490576189151
89.253964381 1009.4921978971876
89.254503006 1009.5339217221618
89.255186913 1009.5682164323088
89.255325492 1009.6045277701486
89.255664947 1009.6343837332128
90.788827882 1009.636005441249
90.789381817 1009.6777292662233
90.790054109 1009.7120239763705
90.79019808 1009.7483353142103
90.797433505 1009.7570834992526
92.264033287 1009.7587052072892
92.264593611 1009.8004290322634
92.265257581 1009.8347237424106
92.265392205 1009.8710350802504
92.281960204 1009.8721221585713
93.698115895 1009.8737438666078
93.698669777 1009.9154676915821
93.699443633 1009.9860737395691
95.098021215 1009.9876954476056
95.099345196 1010.056279703496
95.107585535 1010.0781400773158
95.115738541 1010.0901721028613
96.157560881 1010.0901721028615
96.426910165 1010.0917938108978
96.427362632 1010.1003261093222
96.42898461 1010.1081291858986
96.436148383 1010.182238440608
97.668351153 1010.1822384406082
97.69746553 1010.1838601486443
97.697886831 1010.1923924470689
97.699452999 1010.2001955236453
97.707435846 1010.2159036772433
97.714113752 1010.2524444045345
97.83574276 1010.2524444045347
97.837752074 1010.2524444045349
98.912548576 1010.2625984109956
98.914181683 1010.270401487572
98.926948792 1010.2780144293214
98.928153663 1010.280660666802
99.030089688 1010.2806606668022
99.88947371 1010.2806606668024
