0.000368078 1001.6711348987824
0.000467181 1001.7997173116873
0.000654704 1001.8188293000701
0.000745894 1001.8597898506719
0.001203842 1001.9434517854997
0.001366001 1001.9539440338249
0.002435256 1001.9696139996356
0.004109633 1002.0233740397914
0.005192569 1002.0233740397916
0.012013146 1002.1636181757103
0.013352843 1002.1744830626919
0.014447895 1002.174483062692
0.051812881 1002.2925764927563
0.080871571 1002.3045681461368
0.080987769 1002.315060394462
0.081772353 1002.3307303602727
0.083112986 1002.3844904004285
0.083982673 1002.3844904004287
0.089508581 1002.5247345363474
0.090626695 1002.535599423329
0.091462217 1002.5355994233291
0.120709485 1002.6536928533934
0.608661381 1002.6615895543302
0.730908592 1002.6615895543304
0.91304806 1002.6644019384339
1.278467636 1002.6674090486042
1.519743541 1002.6765017817031
1.9403707749999999 1002.6924700136491
2.000583963 1002.6924700136492
2.237433256 1002.7012664193439
2.477854673 1002.713080632508
3.025077033 1002.7363760424929
3.266357047 1002.746212121915
3.327183984 1002.7462121219153
3.509097861 1002.7541874893955
3.749453937 1002.7644075404198
3.931321846 1002.7644075404199
4.048510681 1002.7694564964822
4.3033425770000004 1002.7828157954343
4.303422139 1002.8237763460361
4.303792778 1002.8988088501096
4.3038726 1002.9179305291891
4.304675302 1002.9336004949998
4.305964957 1002.9873605351556
4.312930706 1003.0702794809179
4.313264985 1003.1384695580562
4.546440363 1003.1384695580563
4.662079743 1003.1412819421598
4.894070155 1003.1442890523301
4.894851438 1003.1442890523302
5.128207574 1003.153381785429
5.128980078 1003.1533817854291
5.363723627 1003.169350017375
5.6021916560000005 1003.1730974670074
5.602969619 1003.1730974670076
5.619399216 1003.1781464230698
5.63944528 1003.17814642307
6.058294536 1003.1899606362338
6.102166038 1003.1899606362339
6.519567078 1003.2132560462187
6.5203651 1003.2132560462188
6.983192689 1003.223092125641
6.984017151 1003.2230921256411
7.214241436 1003.2310674931211
7.215023265 1003.2310674931213
7.330128243 1003.2310674931214
7.447603616 1003.2412875441456
7.562039936 1003.2412875441457
7.938069863 1003.246336500208
8.367212489 1003.3331817458426
8.367359753 1003.3522937342253
8.367429599 1003.3932542848271
8.367806567 1003.4682867889006
8.367887778 1003.4874084679801
8.368678522 1003.5030784337908
8.369954629 1003.5568384739466
8.376842494 1003.6397574197089
8.377148324 1003.7079474968472
12.320776876 1003.8050127935061
12.320927839 1003.8241247818888
12.321090319 1003.8279011748797
12.321358928 1003.9401178365641
12.321440478 1003.9592395156436
12.322206017 1003.9749094814543
12.323450459 1004.0286695216101
12.330248079 1004.1115884673724
12.330565222 1004.1466980905215
14.094600117 1004.1615831260059
14.173669467 1004.1615831260061
16.164939721 1004.2488123432427
16.165102461 1004.2679243316254
16.165282427 1004.271700724616
16.165551738 1004.3839173863005
16.165635342 1004.40303906538
16.16816305 1004.4160764311291
16.17764833 1004.5672022302728
16.21661082 1004.5672022302729
16.307707895 1004.567202230273
17.891261704 1004.5820872657574
17.892002121 1004.5820872657575
17.913688677 1004.5820872657577
18.900677057 1004.5820872657578
19.920996841 1004.6842015184789
19.92115414 1004.7033135068617
19.921327548 1004.7070898998523
19.921595995 1004.8193065615368
19.923740763 1004.8279626917383
19.924006351 1004.8314530524742
19.92412897 1004.8514656063655
19.932650001 1005.0025914055091
20.266411102 1005.0025914055092
23.564366382 1005.1047056582304
23.564514461 1005.1238176466131
23.564675426 1005.1275940396039
23.564934518 1005.2398107012883
23.566971092 1005.2484668314898
23.567231978 1005.2519571922256
23.567352947 1005.271969746117
23.576503456 1005.363707766146
23.576943271 1005.377423961357
23.607905387 1005.3774239613571
23.832224268 1005.3774239613572
27.109973222 1005.4795382140784
27.110276638 1005.5024265954519
27.11053591 1005.6146432571362
27.112834788 1005.6267897480737
27.112943918 1005.6468023019651
27.128439379 1005.6530051615399
27.130818559 1005.738540321994
27.158328487 1005.7385403219942
27.222762791 1005.7385403219943
30.563827408999998 1005.8406545747156
30.564141127 1005.8635429560891
30.564400435 1005.9757596177734
30.566695355 1005.9879061087108
30.566808343 1006.0079186626022
30.582137995 1006.014121522177
30.584712442 1006.0413321655674
30.586253209 1006.0617052952272
30.634322057 1006.0617052952273
33.916610057 1006.1638195479485
33.917137869 1006.2989245910064
33.919358683 1006.3110710819437
33.919469422 1006.3310836358351
33.934300856 1006.3372864954099
33.941410901 1006.33728649541
33.982198397 1006.3372864954101
37.178661792 1006.4394007481314
37.179188812 1006.5745057911893
37.181392222 1006.5866522821267
37.181503394 1006.606664836018
37.196202485 1006.612867695593
40.345262209 1006.7149819483141
40.345817501 1006.8500869913721
40.348011827 1006.8622334823094
40.348113569 1006.8822460362007
40.364214158 1006.885228748462
42.39532516 1006.8852287484622
43.422383668 1006.9873430011834
43.423218226 1006.9873430011835
43.42383861 1007.0234542239116
43.424071904 1007.0618064196033
43.424801939 1007.0618064196034
43.425011252 1007.0884800755003
43.425192855 1007.1345945351787
43.425286823 1007.15460708907
43.442212047 1007.156179943287
45.427977873 1007.1561799432872
46.425294905 1007.2582941960084
46.426601009 1007.2944054187367
46.426833948 1007.3327576144284
46.427708047 1007.3594312703253
46.427885611 1007.4055457300037
46.427991484 1007.425558283895
47.035398878 1007.4255582838952
49.374456194 1007.503081218259
49.37518809 1007.5276725366164
49.375791807 1007.5637837593447
49.376002593 1007.6021359550361
49.376692057 1007.6021359550363
49.378248601 1007.6878061238258
49.440546661 1007.6878061238259
52.215234162 1007.7899203765472
52.216478687 1007.8260315992753
52.216690915 1007.864383794967
52.217549601 1007.8910574508642
52.217702832 1007.9371719105426
52.218741475 1007.9500539637564
52.25950327 1007.9500539637565
54.983276586 1008.052168216478
54.984592135 1008.0882794392061
54.985916179 1008.1117128130377
54.986445757 1008.1171639569299
54.98655181 1008.153305290795
54.986706814 1008.1994197504731
54.987370293 1008.1994197504732
55.016413098 1008.2108107410281
56.18025136 1008.2108107410282
57.667782893 1008.3129249937497
57.669088802 1008.3490362164778
57.669543901 1008.3612386878485
57.670024716 1008.3779207342016
57.67013309 1008.4140620680666
57.670290255 1008.4601765277448
57.670971495 1008.4601765277449
60.281811425 1008.5376994621088
60.282537022 1008.5376994621089
60.28300943 1008.5984020031942
60.283468651 1008.610604474565
60.286649308 1008.6536969404647
60.292482662 1008.6741070439803
60.295687701 1008.6919004157569
61.743034099 1008.691900415757
62.802773599 1008.7694233501209
62.803975554 1008.8301258912063
62.804463489 1008.8423283625771
62.807604977 1008.8854208284768
62.813262155 1008.9058309319923
63.165328192 1008.9058309319925
65.251094213 1008.9833538663564
65.251830483 1008.9833538663565
65.252281915 1009.0440564074419
65.252738755 1009.0562588788126
65.255788918 1009.0993513447123
65.266965832 1009.0993513447124
67.655708594 1009.1768742790763
67.656429441 1009.1768742790764
67.657314287 1009.2497792915325
67.669554019 1009.2893112387278
67.674774766 1009.2913077021391
69.916164672 1009.3688306365028
69.916839125 1009.3688306365029
69.917661756 1009.4417356489593
69.929406021 1009.4812675961546
71.776552339 1009.4812675961547
72.056937152 1009.5587905305184
72.05760199 1009.5587905305185
72.058423042 1009.6316955429749
72.083935771 1009.6569657320898
72.590611786 1009.6569657320899
74.037508705 1009.65696573209
74.163409014 1009.7344886664538
74.164065123 1009.7344886664539
74.164913401 1009.8073936789102
76.070592021 1009.8073936789103
76.192932847 1009.8849166132742
76.193518182 1009.8849166132743
76.194370731 1009.8867180270989
76.198428456 1009.9531054652651
76.209050645 1009.9531054652653
78.189418856 1010.0081017522338
78.189992891 1010.0306283996292
78.190818696 1010.0324298134539
78.196512524 1010.0844898086848
78.208153519 1010.0924913322082
78.21599487 1010.0988172516201
80.086357471 1010.1538135385887
80.093143699 1010.1652900854102
80.093297651 1010.2302015950397
80.104466434 1010.2382031185631
80.158556109 1010.2382031185632
81.925100831 1010.2931994055317
81.929179372 1010.3009719317096
81.931731116 1010.3046759523533
81.931877928 1010.3695874619827
81.946628362 1010.3695874619829
82.84966866 1010.369587461983
83.713723989 1010.4245837489517
83.714610425 1010.4370958099561
83.723338974 1010.4681863028505
83.723517366 1010.4710711896624
83.725053646 1010.473991822429
83.730653313 1010.483275166038
84.857609049 1010.4832751660381
85.447521439 1010.5345483034082
85.448036774 1010.5382714530068
85.450168382 1010.5507835140113
85.458450666 1010.5818740069055
85.458639093 1010.5847588937174
85.460066451 1010.587679526484
85.685039313 1010.5876795264841
86.756234879 1010.5876795264842
87.099160334 1010.5924220511179
87.099245571 1010.616591957926
87.099352221 1010.6426758134529
87.099674884 1010.6551878744574
87.107923248 1010.6891632541635
87.314347484 1010.6891632541636
88.366923482 1010.6891632541638
88.702755149 1010.7441595411323
88.706597423 1010.7519320673103
88.711314417 1010.7566716021367
88.716587769 1010.7631489965903
88.719397404 1010.7854618849855
88.788380928 1010.7854618849857
90.248561457 1010.8404581719543
90.249400774 1010.8529702329587
90.261401911 1010.8594476274121
90.305638622 1010.8594476274124
91.718214205 1010.9144439143811
91.719032484 1010.9269559753857
93.139619154 1010.9819522623542
93.143231043 1010.9897247885323
93.195902009 1010.9897247885324
94.523689009 1011.0447210755009
94.539922808 1011.0500604399344
94.559302276 1011.0500604399347
95.861073798 1011.1050567269032
95.880298979 1011.1050567269033
96.059841549 1011.1050567269034
97.119875107 1011.1097992515373
97.119970142 1011.1339691583454
97.125009057 1011.1390378145808
98.323952141 1011.1437803392145
98.324038728 1011.1679502460225
98.407081661 1011.1679502460227
98.954552086 1011.1679502460228
99.483577455 1011.1696481007551
99.485136152 1011.1807555787044
99.643640836 1011.1807555787045
