0.000360644 1001.2335968953159
0.000480962 1001.3926485813233
0.000513847 1001.4455451484964
0.000603969 1001.4763641089098
0.000861408 1001.4935326658988
0.001025329 1001.6352567354102
0.002204371 1001.6352567354103
0.017187289 1001.709226119523
0.017754585 1001.9584223652853
0.079205088 1001.9773310823957
0.080015065 1001.9773310823958
0.091971257 1002.0513004665083
0.092436731 1002.3004967122708
0.274358703 1002.3019672059565
0.334931885 1002.308707403427
0.394486677 1002.3087074034271
0.454740125 1002.3087074034272
0.550341294 1002.3087074034273
0.696399252 1002.3177328204885
0.756084459 1002.3177328204886
0.912223952 1002.3177328204887
0.937156349 1002.3200636118072
0.99763832 1002.3200636118073
1.091313746 1002.3200636118074
1.235851482 1002.3247062612058
1.294535135 1002.3326065833828
1.354131947 1002.3326065833829
1.414663269 1002.3393728147391
1.474465984 1002.3393728147392
1.534048294 1002.3393728147394
1.6275574609999999 1002.3393728147395
1.652232928 1002.3398272691659
1.745453195 1002.3398272691661
1.7696995229999999 1002.3401768139772
1.829877107 1002.3401768139773
1.949381636 1002.3401768139775
2.009525852 1002.3419509164914
2.06836492 1002.349592162012
2.185542687 1002.3510252007025
2.24676801 1002.3531031297771
2.305401605 1002.354683297229
2.424298815 1002.3633118009553
2.544115925 1002.3633118009554
2.603491715 1002.3633118009556
2.6620623 1002.3678997634872
2.84006968 1002.3678997634873
2.899940496 1002.3765368081733
3.019450708 1002.3781942638185
3.080084517 1002.3781942638186
3.139677382 1002.3802946055098
3.19812279 1002.3857669160047
3.257185441 1002.3864042654956
3.377748584 1002.4141461980898
3.472583568 1002.41414619809
3.531053433 1002.4141461980901
3.613634197 1002.4143525845342
3.707936031 1002.4143525845343
3.732163841 1002.4176954580225
3.968877885 1002.4493963934605
4.062912233 1002.4493963934606
4.086972052 1002.6084134406602
4.251075962 1002.7496542121792
4.251936908 1002.7496542121793
4.263564546 1002.823623596292
4.269964909 1002.8271728562245
4.274082218 1002.8588737916625
4.274448546 1003.0178908388622
4.619261315 1003.0265278835483
5.31133607 1003.0302856808847
5.540625435 1003.0357579913795
5.772228418 1003.0363953408705
7.138485222 1003.0676865333973
7.195131459 1003.0676865333975
8.258979782 1003.1570371334673
8.259019912 1003.2099337006401
8.25908375 1003.2407526610538
8.259379841 1003.3996452875541
8.260191128 1003.3996452875542
8.271977818 1003.4090606355888
8.272216279 1003.4360052817502
8.278018212 1003.4771639315994
9.063130184 1003.4858009762853
9.511254547 1003.4895587736218
10.408213 1003.4956684336078
12.175671617 1003.6287050682269
12.175724254 1003.6816016353999
12.175792504 1003.7124205958133
12.17610326 1003.8713132223137
12.17695312 1003.8713132223138
12.201724001 1003.8990361718237
12.202164053 1003.917540673832
15.98639798 1004.0566869684371
15.986444718 1004.10958353561
15.986511454 1004.1404024960236
15.986821595 1004.299295122524
15.987656403999999 1004.2992951225241
16.013507866 1004.327018072034
16.225258629 1004.3270180720341
19.704674802 1004.4661643666391
19.704753397 1004.5190609338119
19.704821066 1004.5498798942256
19.705115668 1004.7087725207259
19.705938274 1004.708772520726
19.991431067 1004.7087725207261
23.324765568 1004.8479188153311
23.324819056 1004.900815382504
23.324886293 1004.9316343429176
23.325987286 1005.0905269694179
23.376860212 1005.090526969418
23.572740506 1005.0905269694181
26.8362639 1005.0946483996136
26.837061571 1005.148727807004
26.837091488 1005.2749761619307
26.837207672 1005.3116141228379
26.837433228 1005.3785372389179
26.850412305 1005.4326013164036
26.850658444 1005.4498374246211
26.851411868 1005.4498374246213
26.855002516 1005.4498374246214
30.264284102 1005.4539588548167
30.265091041 1005.5080382622074
30.265124525 1005.6342866171341
30.265246187 1005.6709245780413
30.265482036 1005.7378476941211
30.278213395 1005.7919117716068
30.282651948 1005.8091478798243
30.330415966 1005.8091478798245
33.591018032 1005.81326931002
33.591795233 1005.8673487174104
33.591828133 1005.9935970723371
33.591941495 1006.0302350332444
33.592174414 1006.0971581493244
33.604545699 1006.1512222268101
33.628197625 1006.1526927204956
34.783915958 1006.1526927204957
35.199967224 1006.1526927204958
36.838813896 1006.1568141506913
36.839608906 1006.2108935580817
36.83963832 1006.3371419130084
36.839762257 1006.3737798739156
36.840000021 1006.4407029899957
36.852259466 1006.4947670674813
39.983613079 1006.4988884976766
39.98432894 1006.5529679050672
39.984357134 1006.679216259994
39.984684087 1006.782777336981
39.997838408 1006.7889641234827
39.998066263 1006.828433780482
40.128989136 1006.8284337804821
40.76410348 1006.8284337804822
43.053103114 1006.8325552106777
43.053840152 1006.8866346180683
43.053868625 1007.0128829729948
43.053981109 1007.049520933902
43.054209481 1007.1164440499821
43.067283369 1007.1226308364838
43.09073604 1007.1360144005033
46.064760896 1007.1401358306988
46.065511334 1007.1942152380894
46.06554063 1007.3204635930161
46.06586071 1007.4240246700032
46.078740063 1007.4302114565049
49.015540835 1007.4343328867004
49.016256634 1007.4884122940911
49.016288362 1007.6146606490178
49.016398669 1007.651298609925
49.01664195 1007.7182217260048
51.955225237 1007.7223431562005
51.955873638 1007.7764225635909
51.955904491 1007.9026709185176
51.956771538 1007.9393088794249
51.957462884 1007.962724666885
51.957662894 1007.9753499071338
51.963149718 1007.989114037891
51.986766176 1008.0034127052348
54.822919271 1008.0075341354303
54.824682297 1008.172546689478
54.825067918 1008.1818110810035
54.825097787 1008.1946182786663
54.825175082 1008.2479156461151
54.827413623 1008.2482576046335
54.830272288 1008.274305017121
57.642221938 1008.2784264473165
57.642837392 1008.3325058547072
57.642863672 1008.4587542096339
57.644302514 1008.4655105905523
57.644378169 1008.5188079580013
57.646448914 1008.5191499165197
60.296162462 1008.523271346715
60.297872992 1008.6882839007627
60.298258552 1008.6975482922882
60.298285967 1008.710355489951
60.298363546 1008.7636528573997
60.321670125 1008.7636528573998
60.64566272 1008.7636528574
62.980491961 1008.821853694986
62.981094823 1008.853138423513
62.982558094 1008.9052919091221
62.982782805 1008.9327868416431
62.9831228 1008.9420512331687
62.983147626 1008.9548584308313
62.99597602 1008.9735985532791
63.312180682 1008.9735985532792
65.539955139 1009.0519917637552
65.540033961 1009.0786881891903
65.540323251 1009.1273423557292
65.540650277 1009.1427325375222
65.547632081 1009.1566386724552
65.559184628 1009.1648041267102
65.568668551 1009.1648041267106
68.04902302 1009.2230049642967
68.049592393 1009.2542896928237
68.051083402 1009.3064431784328
68.052927131 1009.3185479291607
68.058621737 1009.3478442458868
70.503862312 1009.4060450834727
70.504431932 1009.4373298119997
70.504717012 1009.4894832976088
70.506092837 1009.5015880483365
70.523463714 1009.5087146910863
70.526274443 1009.5121368501225
72.22684664 1009.5121368501227
72.706770872 1009.5703376877086
72.707341849 1009.6016224162356
72.708712927 1009.6172264860338
72.708985895 1009.6658806525725
72.725866816 1009.6730072953221
72.962870228 1009.6730072953222
74.857234539 1009.7312081329081
74.857799074 1009.7624928614351
74.859131287 1009.7780969312333
74.859859717 1009.8267510977721
74.906079791 1009.8267510977722
75.165235276 1009.8267510977723
76.022032642 1009.8267510977724
76.8648499 1009.8608323447355
76.865348575 1009.9162366638853
76.869829093 1009.9219257680401
76.872036879 1009.9317806905486
76.872316009 1009.9318407336833
76.875584044 1009.9439177755697
76.875610385 1009.9556288059645
76.877508857 1009.9736465233026
77.868558821 1009.9736465233027
78.851037018 1010.0077277702659
78.851518269 1010.0631320894157
78.855666558 1010.0688211935704
78.857853576 1010.078676116079
78.858142315 1010.0787361592137
78.86089967 1010.1025242314948
78.865835894 1010.114903655176
78.877277537 1010.1149036551761
80.57840565 1010.1149036551762
80.744629057 1010.1731044927623
80.745151545 1010.204389221289
80.746372833 1010.2199932910872
80.746951459 1010.2199932910873
80.754257705 1010.2437813633686
82.588778015 1010.2778626103317
82.589224549 1010.3332669294815
82.595169477 1010.3357999468186
82.595488344 1010.3488109561448
82.595783293 1010.3488709992797
82.599551161 1010.3504760767661
82.609852637 1010.352111904663
82.613784823 1010.3609480411658
82.626048725 1010.3609480411659
83.501122809 1010.360948041166
84.373292633 1010.395029288129
84.373757558 1010.4504336072788
84.379803451 1010.4659776339421
84.38009386 1010.466037677077
84.449099637 1010.4660376770771
84.449616461 1010.4660376770772
86.071924831 1010.5001189240404
86.072361577 1010.5555232431902
86.0794247 1010.5710672698535
86.204939703 1010.5710672698536
87.695080879 1010.6051485168168
87.695486296 1010.6605528359664
87.78620172 1010.6605528359667
89.285263449 1010.6709013541874
89.285372828 1010.7349920232978
90.229478003 1010.7349920232979
90.824874818 1010.7717465084545
90.825355023 1010.7717465084546
90.830930182 1010.7744841809945
90.834655559 1010.7809420519297
90.838870719 1010.7875618864393
91.04198944 1010.7875618864394
92.276914261 1010.7979104046603
92.282669911 1010.8270540441359
92.286431686 1010.8335119150712
92.566195175 1010.8335119150713
93.660286152 1010.8335119150714
93.672444919 1010.870266400228
93.678656473 1010.873004072768
94.9876429 1010.8730040727681
95.022697649 1010.9097585579248
95.134371454 1010.9097585579249
96.330672701 1010.9201070761459
96.342234659 1010.9288364050005
97.58931147 1010.9391849232215
