0.000360069 1000.3304710747277
0.000462006 1000.495172193136
0.00051302 1000.5007905904716
0.000617453 1000.5126246109531
0.000759139 1000.5246835404203
0.000846135 1000.5386401291936
0.001037939 1000.6069482915175
0.002595227 1000.6364680390056
0.003201471 1000.6566909976192
0.004225756 1000.7403966747304
0.005045358 1000.7446366100719
0.018032101 1000.8237817132099
0.079860662 1000.8319268027954
0.079963069 1000.8439857322625
0.080023091 1000.8579423210358
0.080152875 1000.9262504833597
0.081258245 1000.9557702308479
0.08173341 1000.9759931894614
0.082562003 1001.0596988665726
0.083268323 1001.0639388019141
0.093425601 1001.1430839050521
0.155415275 1001.1446281050091
0.249714287 1001.146056540485
0.460110669 1001.1468465217737
0.673875449 1001.1468465217738
0.824440365 1001.1557282846921
1.1266404269999999 1001.1589295450132
1.247373564 1001.1591813334367
1.307343276 1001.1591813334368
1.488334691 1001.1716421328241
1.7294625080000001 1001.1750256420402
1.790308806 1001.1831783954683
1.9098210340000001 1001.1909658852402
1.94223783 1001.1909658852403
2.147861827 1001.1959606131257
2.238678448 1001.1959606131259
2.266424218 1001.196261122514
2.386340434 1001.1986872635173
2.477743375 1001.1986872635174
2.624642527 1001.2036076442795
2.743699608 1001.2039205150284
2.802852781 1001.2039205150285
2.8623158330000003 1001.208474904036
2.983834761 1001.2210095325994
3.101975439 1001.2481330646619
3.312375701 1001.248133064662
3.371231118 1001.2507751574984
3.577122244 1001.2550150928398
3.668739032 1001.2550150928399
3.832784565 1001.2692016634908
3.85133461 1001.2898034286849
3.938136113 1001.3135584307838
4.061234781 1001.3135584307839
4.292774329 1001.4299020273562
4.292824216 1001.4355204246917
4.292891766 1001.4473544451732
4.292998673 1001.4594133746403
4.293065549 1001.4733699634137
4.293214406 1001.5416781257376
4.294341611 1001.5711978732259
4.29556872 1001.6751265089505
4.296241715 1001.679366444292
4.305393638 1001.7141547801369
4.318653766 1001.737909782236
4.843465713 1001.7379097822361
5.131131511 1001.7405518750724
5.136039929 1001.7405518750725
5.253376435 1001.7405518750726
5.593942212 1001.7447918104137
5.598849376 1001.7447918104139
5.71417967 1001.744791810414
6.0466409819999996 1001.7795801462588
6.743024296 1001.7795801462589
7.206767644 1001.8033351483579
8.347089445 1001.961349108953
8.34717166 1001.9669675062886
8.347253566 1001.9788015267701
8.347366981 1001.9908604562372
8.347436963 1002.0048170450106
8.347875802 1002.0697191684426
8.34844066 1002.0731252073343
8.348759524 1002.1026449548226
8.350123098 1002.1115267177411
8.350615119 1002.1147279780621
8.350668942 1002.2108135258887
8.404749389 1002.2693568638329
12.28555385 1002.2864247081187
12.285605579 1002.451125826527
12.28564382 1002.4567442238626
12.285721831 1002.4685782443441
12.285832524 1002.4806371738113
12.285902797 1002.4945937625846
12.286344433 1002.5594958860166
12.287220502 1002.5924216723967
12.288609164 1002.6013034353151
12.289110396 1002.6045046956361
12.289168131 1002.7005902434628
12.949969194 1002.7005902434629
16.13107641 1002.7176580877486
16.131121225 1002.8823592061569
16.131161202 1002.8879776034926
16.131240609 1002.8998116239741
16.131348788 1002.9118705534412
16.131417217 1002.9258271422145
16.131830733 1002.9907292656466
16.132677658 1003.0236550520266
16.134019238 1003.032536814945
16.13450343 1003.0357380752661
16.135104116 1003.1249415949148
16.189599657 1003.124941594915
16.195725172 1003.1249415949151
19.873334621 1003.1420094392008
19.873393164 1003.1570185233184
19.873419788 1003.3123289549446
19.87350073 1003.3241629754261
19.873610021 1003.3362219048933
19.873680372 1003.3501784936666
19.874128913 1003.4150806170986
19.8749265 1003.4480064034786
19.877158571 1003.5492929463669
21.786806515 1003.549292946367
23.504321276 1003.5663607906528
23.504375902 1003.731061909061
23.504417163 1003.7366803063966
23.50450157 1003.7485143268781
23.504619604 1003.7605732563453
23.504693188 1003.7745298451185
23.505154009 1003.8394319685508
23.505961862 1003.8723577549307
23.507278262 1003.881239517849
23.507785209 1003.8844407781703
23.509895287 1003.9217723556709
23.525357612 1003.9241984966743
23.525470969 1003.9465207657563
23.744777101 1003.9465207657564
26.395954563 1003.9465207657565
27.033523779 1003.9635886100423
27.033592438 1004.1339081257862
27.033656881 1004.1457421462677
27.03376572 1004.1578010757348
27.033834924 1004.1717576645082
27.034298051 1004.2366597879402
27.035096565 1004.2695855743203
27.038719848 1004.3190001750605
27.053022318 1004.3214263160638
27.060466239 1004.3266595675749
29.814739383 1004.326659567575
30.49423537 1004.3437274118608
30.49430257 1004.5140469276047
30.494369245 1004.5258809480862
30.494482776 1004.5379398775533
30.494551711 1004.5518964663266
30.495010164 1004.6167985897587
30.495767286 1004.6497243761388
30.499290701 1004.699138976879
30.513305817 1004.7015651178823
30.562620837 1004.7015651178824
33.84147837 1004.7186329621682
33.841562919 1004.8889524779121
33.841628864 1004.9007864983936
33.84173924 1004.9128454278607
33.842216067 1004.9917041400661
33.843017392 1005.0246299264462
33.846565636 1005.0740445271864
34.523676042 1005.0740445271865
37.087817048 1005.0911123714724
37.087943946 1005.2732659076977
37.08805286 1005.2853248371649
37.088517198 1005.3641835493703
37.089275854 1005.3971093357503
37.126744802 1005.4091923589898
40.249169681 1005.4262602032757
40.249240381 1005.5965797190195
40.249306709 1005.608413739501
40.249413363 1005.6204726689682
40.249875601 1005.6993313811736
40.250620449 1005.7322571675536
40.791376815 1005.7322571675537
43.337428253 1005.9314785480649
43.337814629 1005.933688279099
43.337963966 1006.0223961897374
43.350969234 1006.0251863553964
43.360652014 1006.0329984251094
43.360747996 1006.0332984582348
43.372378225 1006.0363142482138
43.376247381 1006.0553219761174
46.04119525 1006.0553219761175
46.34500511 1006.2545433566286
46.345414219 1006.2567530876628
46.345556672 1006.3454609983011
46.357393203 1006.3482511639602
46.367666844 1006.3560632336731
46.367753006 1006.3563632667984
46.379035821 1006.3593790567775
46.451320343 1006.3593790567776
46.739608359 1006.3593790567777
49.228101104 1006.3593790567778
49.24820326 1006.5586004372888
49.248644053 1006.560810168323
49.256068163 1006.5879485557539
49.258728588 1006.6252855977046
49.260508999 1006.6523082446204
49.270737858 1006.6601203143333
49.27084731 1006.6604203474586
49.28289845 1006.6604203474587
49.403522828 1006.6604203474589
50.542232607 1006.660420347459
52.078866498 1006.6604203474591
52.086540867 1006.8596417279701
52.08690755 1006.8618514590044
52.09423097 1006.8889898464353
52.096810215 1006.926326888386
52.098621035 1006.9533495353016
52.108125553 1006.9611616050147
53.329507983 1006.9611616050148
54.829404906 1007.1603829855258
54.829789747 1007.1625927165601
54.836877064 1007.1897311039909
54.839442793 1007.2270681459418
54.841122626 1007.2540907928573
54.86039679 1007.2540907928574
54.917133145 1007.2540907928576
57.536953669 1007.4533121733688
57.537365338 1007.455521904403
57.544436513 1007.4826602918339
57.546963584 1007.5199973337848
58.683195912 1007.5199973337849
60.123035583 1007.719218714296
60.130248317 1007.7485668327611
60.137641588 1007.7624745065715
60.144726758 1007.7649577567936
60.145638639 1007.7689563223446
60.153354271 1007.771276478981
60.208279313 1007.7712764789811
60.321905106 1007.7712764789812
62.823288099 1007.9704978594923
62.824021939 1007.9704978594924
62.830589144 1007.9998459779574
62.837892355 1008.0137536517681
62.845182842 1008.01623690199
63.646409379 1008.0162369019902
65.355524082 1008.2036242620196
65.35562035 1008.2154582825011
65.358441565 1008.2154582825012
65.361446918 1008.2311067677855
65.36545059 1008.2448064009662
65.3715386 1008.2587140747769
65.405799077 1008.258714074777
66.141042694 1008.2587140747771
67.758095611 1008.4579354552882
67.76490002 1008.4872835737533
68.778781471 1008.4872835737534
70.011143335 1008.5557767251689
70.011235947 1008.5588507592956
70.011322059 1008.580347603146
70.011461982 1008.6765718513941
70.01184191 1008.6865049542645
70.028033952 1008.7021534395489
70.032648411 1008.7158530727296
70.111270179 1008.7158530727297
72.151179798 1008.9032404327593
72.15150492 1008.9051413503703
72.152023605 1008.9051413503704
72.154694042 1008.9307229385252
72.174018606 1008.9396131128159
72.470687224 1008.939613112816
73.733385141 1008.9396131128161
74.212326263 1009.1270004728457
74.212682337 1009.1289013904567
74.213230342 1009.1289013904568
74.215869881 1009.1544829786116
74.288021056 1009.1544829786117
76.215952568 1009.2229761300272
76.216063327 1009.2260501641539
76.216147275 1009.2475470080043
76.216276247 1009.3437712562524
76.216777495 1009.3437712562525
76.235252497 1009.3607410518539
76.244719493 1009.360741051854
78.172215017 1009.4292342032695
78.172309328 1009.4323082373962
78.172381195 1009.4538050812466
78.172521254 1009.4744198188091
78.172677998 1009.5172566111476
78.173029761 1009.5500293294946
78.195318706 1009.5516676958589
78.438469321 1009.551667695859
80.075377595 1009.6201608472745
80.075467114 1009.6232348814012
80.075537606 1009.6447317252516
80.075656889 1009.6653464628141
80.075813499 1009.7081832551526
80.076167138 1009.7409559734996
80.10054248 1009.7409559734998
80.776963272 1009.7409559734999
81.919393489 1009.7759980444042
81.92315919 1009.7905947107985
81.923493651 1009.914607898252
81.940947942 1009.9204813143775
83.668978333 1009.9204813143776
83.726641226 1009.9680081625908
83.730554001 1009.9701200516761
83.731042197 1010.0311814905937
83.742481012 1010.0554799336143
83.744470185 1010.093995233257
83.793725983 1010.0939952332571
83.868681233 1010.0939952332573
85.418854626 1010.0939952332574
85.453044918 1010.1415220814705
85.456891651 1010.1436339705558
85.457345208 1010.2046954094734
85.468353711 1010.228993852494
86.171709046 1010.2289938524941
86.218723795 1010.2289938524942
87.063103079 1010.2289938524943
87.098375018 1010.2974870039097
87.098456793 1010.3005610380364
87.098529037 1010.3220578818868
87.098659007 1010.3552409494753
87.794006508 1010.3552409494754
88.692767254 1010.3770309816355
88.696256504 1010.3886752437134
88.696482009 1010.4048796867738
88.69691568 1010.4659411256914
88.719504435 1010.4659411256915
88.986275504 1010.4659411256916
90.239754872 1010.4877311578517
90.243021929 1010.4993754199298
90.243237888 1010.5155798629902
90.2460221 1010.5455856851144
90.250813255 1010.553057061126
90.251187305 1010.5530570611261
90.258356392 1010.5764302179483
90.260550598 1010.5766413019078
91.641110177 1010.5766413019079
91.707340745 1010.5984313340679
91.707721256 1010.598431334068
91.710577501 1010.610075596146
91.710767365 1010.6262800392064
91.714081507 1010.6386317121397
91.718416829 1010.6637572373423
91.725213539 1010.6871303941645
92.106387352 1010.6871303941646
93.088291903 1010.6871303941647
93.113614149 1010.7346572423777
93.117013911 1010.7367691314632
93.120346765 1010.7491208043965
93.124636084 1010.7742463295989
93.125002805 1010.774246329599
93.18476902 1010.7742463295991
93.555674299 1010.7742463295992
93.672794513 1010.7742463295994
94.485957338 1010.7960363617593
94.489111777 1010.8076806238374
94.489314072 1010.8238850668978
94.492585127 1010.8362367398312
94.496432905 1010.8613622650338
95.807381149 1010.9110010023322
95.810473722 1010.9233526752655
95.814593002 1010.9373501261958
95.850939525 1010.937350126196
96.262100291 1010.9373501261961
97.05960888 1010.9869888634945
97.062652841 1010.9993405364278
97.097890075 1010.9993405364279
98.277372866 1011.0489792737266
98.29455321 1011.0489792737267
99.225425204 1011.0489792737268
99.445539354 1011.0500262254037
99.445991944 1011.0500262254038
99.453060733 1011.0531169667842
99.45590582 1011.0965061219398
99.596718226 1011.0965061219399
100.502112878 1011.09650612194
