0.000367032 1000.9948946240696
0.000467538 1001.0965564626962
0.00055912 1001.1497362948503
0.000884261 1001.380484853162
0.001161142 1001.4522925822786
0.03312555 1001.4931693279283
0.033341235 1001.5648336516985
0.048638694 1001.6223747918337
0.080160483 1001.7478252309211
0.080344632 1001.8196329600376
0.105287671 1001.8605097056874
0.105466223 1001.9321740294574
0.117421996 1001.9897151695927
0.178815501 1001.9898526422894
0.299828312 1001.9914963897797
0.360337018 1001.9914963897799
0.420198825 1001.9920352538248
0.540527496 1001.9939246397943
0.599138227 1002.0013615895748
0.659610992 1002.0018261354957
0.77998447 1002.0026833491842
0.838616049 1002.0044300754164
0.959306976 1002.0056530069268
1.01641697 1002.0072817018233
1.494389389 1002.011828673652
1.6136054990000002 1002.0118286736521
1.7292663830000001 1002.024642190543
1.849169373 1002.0255971100287
1.9077184200000001 1002.0255971100288
1.96634292 1002.032965719437
2.025231531 1002.0355670496342
2.084484238 1002.0355670496343
2.143794308 1002.0431512360225
2.20340299 1002.0508734027175
2.262337559 1002.055252942159
2.323151457 1002.0552529421591
2.382033086 1002.0555270741959
2.4407559819999998 1002.055527074196
2.501499969 1002.056556450253
2.740176989 1002.0606246947033
2.860135293 1002.0611857213672
2.9189917640000003 1002.062224875817
2.977730602 1002.0622248758172
3.453134539 1002.1127109361782
3.693314839 1002.1469430280857
3.876098259 1002.1772627805319
3.934746295 1002.177262780532
3.996245066 1002.1916305003597
4.056205739 1002.1916305003598
4.117678202 1002.2196958020322
4.26485752 1002.2372894543083
4.265103138 1002.2407428387703
4.265195987 1002.2841252751908
4.265350202 1002.3195926489731
4.265703579 1002.4431485579389
4.267999362 1002.4980917319326
4.305172635 1002.5828098842013
4.315766294 1002.6131296366476
4.523559226 1002.6298804032292
4.54301064 1002.6298804032293
4.754482291 1002.6304414298932
4.773295162 1002.6304414298933
4.869140823 1002.631480584343
4.888004645 1002.6314805843431
5.003462023 1002.6314805843432
5.454948706 1002.7100319463768
5.682078847 1002.7161987366117
5.796393556 1002.7161987366118
7.052845657 1002.746518489058
8.28075171 1002.7856389360209
8.281021589 1003.0163874943325
8.305111981 1003.0209344661614
8.305331566 1003.0643587346684
8.30535949 1003.0646328667053
8.305458982 1003.0656622427623
8.66145557 1003.065766210158
8.662041511 1003.0660403421949
8.664665257 1003.0670697182519
8.756682983 1003.067069718252
9.094700761 1003.0733503965463
9.094737128 1003.0736245285832
9.094834049 1003.0746539046402
9.095174794 1003.1308083905656
10.867609592 1003.1369751808004
10.907861151 1003.149076886937
10.908455825 1003.1493510189739
10.911674926 1003.1503803950309
11.538176346 1003.1672949332467
12.212825287 1003.2911335324782
12.21315714 1003.3160229871594
12.213412141 1003.3194763716214
12.213523191 1003.3628588080419
12.213999058 1003.5218820907899
12.247655278 1003.5264290626187
12.250119188 1003.5475661084037
12.256796994 1003.5698533311257
12.257376644 1003.5701274631627
12.260410771 1003.5711568392196
14.733992114 1003.57788586085
16.050830532 1003.588801757173
16.050890468 1003.7240116828035
16.051181722 1003.7489011374847
16.051426058 1003.7523545219467
16.05153434 1003.7957369583672
16.052326922 1003.8845511221978
16.052828808 1003.9108532933524
16.070546717 1003.9126823130046
16.087515966 1003.9488401288668
16.19436851 1003.9491142609037
16.194399192 1003.980718390766
17.368364995 1003.9817477668229
19.777102855 1004.1032726125815
19.777427927 1004.1281620672627
19.779204449 1004.1316154517248
19.780071787 1004.2638120519758
19.780562646 1004.2901142231304
19.797766536 1004.2919432427826
20.004878674 1004.2929726188395
21.129117663 1004.295416181838
21.129560437 1004.3217183529927
21.146505999 1004.3235473726448
22.289974091 1004.3245767487017
23.419672766 1004.3435251747491
23.419738403 1004.4787351003795
23.420025238 1004.5036245550607
23.420265164 1004.5070779395227
23.420371253 1004.5504603759433
23.421122126 1004.6392745397739
23.421624173 1004.6655767109285
23.452982067 1004.6674057305806
26.967431522 1004.6863541566279
26.967504475 1004.8215640822583
26.967794191 1004.8464535369395
26.968033014 1004.8499069214015
26.968126168 1004.8932893578221
26.968903406 1004.9821035216527
26.96938462 1005.0084056928072
27.005286089 1005.0084056928073
28.678960477 1005.0084056928074
30.418450508 1005.0273541188546
30.418518722 1005.1625640444851
30.418806309 1005.1874534991663
30.419046835 1005.1909068836283
30.41914736 1005.2342893200489
30.419912316 1005.3231034838794
30.508999174 1005.3231034838795
33.767780181 1005.3420519099268
33.767843929 1005.4772618355573
33.768104089 1005.5021512902385
33.768340276 1005.5056046747004
33.768442977 1005.548987111121
33.774943607 1005.5567275820298
33.77521508 1005.5704980270069
33.782338771 1005.5806913964375
33.784056341 1005.584515983122
33.790136935 1005.6079979320491
33.808387354 1005.61063396895
37.019438598 1005.6295823949972
37.019510016 1005.7647923206277
37.019794891 1005.7896817753091
37.020041162 1005.7931351597709
37.020133868 1005.8365175961916
37.026183551 1005.8442580671003
37.026465424 1005.8580285120775
37.034563261 1005.868221881508
37.036252977 1005.8720464681925
37.04516814 1005.8881966632866
40.234953688 1005.9071450893339
40.235033026 1006.0423550149644
40.235306594 1006.0672444696457
40.23555443 1006.0706978541076
40.235647147 1006.1140802905282
40.24167581 1006.121820761437
40.241945827 1006.1355912064141
40.249606635 1006.1457845758447
40.250229397 1006.1457845758448
40.251250221 1006.1496091625291
40.261266422 1006.1649739362637
43.34186884 1006.1839223623109
43.341951455 1006.3191322879414
43.342233062 1006.3440217426228
43.342479914 1006.3474751270846
43.342594178 1006.3908575635053
43.348486315 1006.398598034414
43.348760311 1006.4123684793911
43.356355924 1006.4225618488217
43.357967579 1006.4263864355062
46.60809287 1006.4453348615534
46.608172693 1006.580544787184
46.608458864 1006.6054342418652
46.608703727 1006.608887626327
46.608810505 1006.6522700627477
46.614802765 1006.6600105336564
46.615070479 1006.6737809786335
46.62255363 1006.6839743480642
46.630737595 1006.6877989347486
49.689867785 1006.7067473607959
49.689940203 1006.8419572864265
49.690209696 1006.8668467411077
49.69045425 1006.8703001255695
49.690561795 1006.9136825619902
49.6962053 1006.9214230328989
49.696459405 1006.935193477876
49.703777817 1006.9453868473066
52.7556886 1006.964335273354
52.755748961 1007.0995451989845
52.756010657 1007.1244346536657
52.756243956 1007.1278880381276
52.756334213 1007.1712704745482
52.761980202 1007.179010945457
52.762239268 1007.1927813904341
52.776020284 1007.200176454522
55.591113989 1007.2191248805693
55.591200096 1007.3543348061999
55.591487629 1007.3792242608811
55.591814509 1007.4260600817636
55.597628574 1007.4475709976494
58.434263158 1007.4665194236967
58.43437006 1007.4672746631019
58.434410465 1007.4780136704815
58.434446629 1007.5304348714069
58.434608218 1007.6266188040083
58.43489671 1007.673454624891
58.440612666 1007.6914199290968
60.036596644 1007.6914199290969
61.203732684 1007.7103683551442
61.203838489 1007.7111235945493
61.20387705 1007.7218626019289
61.203914441 1007.7742838028545
61.204095772 1007.8704677354559
61.204414462 1007.9173035563384
61.222950685 1007.9236735047054
62.639565372 1007.9236735047056
63.740666656 1007.9426219307527
63.740775811 1007.9433771701579
63.742589374 1007.9541161775375
63.742626448 1008.006537378463
63.742784878 1008.1027213110644
63.743086763 1008.149557131947
63.772364906 1008.1495571319471
65.110795043 1008.1495571319472
66.161731525 1008.150192909432
66.164264545 1008.1712330065182
66.165734097 1008.2151241370847
66.166072021 1008.2540887405245
66.1696767 1008.2783383139438
66.170496323 1008.3697030187969
66.20371365 1008.369703018797
68.526910568 1008.3886514448444
68.527033422 1008.3894066842496
68.527078408 1008.4001456916292
68.5271166 1008.4525668925546
68.527300681 1008.548750825156
68.538315195 1008.5704440204297
68.540138248 1008.589848905647
70.756474173 1008.5904846831318
70.757440059 1008.6408268052623
70.76003583 1008.6554159107845
70.760364566 1008.6943805142243
70.76434813 1008.7186300876435
70.767433209 1008.7905899072795
70.771231325 1008.7915578692333
72.365092783 1008.7915578692334
72.903677108 1008.8105062952807
72.903769399 1008.8112615346859
72.903808055 1008.8220005420654
72.903845078 1008.8744217429909
72.90402006 1008.9706056755924
72.914507832 1008.992298870866
72.919854728 1008.9922988708661
72.922590521 1008.9932668328198
74.976179434 1009.0122152588671
74.976274537 1009.0129704982722
74.976310956 1009.0237095056518
74.976348784 1009.0761307065773
74.976519029 1009.1723146391788
74.986934188 1009.1940078344523
74.992145733 1009.1940078344525
76.987161287 1009.2129562604997
76.987269882 1009.2137114999049
76.987305798 1009.2244505072845
76.987340766 1009.2768717082099
76.987511769 1009.3730556408115
76.998019681 1009.3947488360849
78.991372329 1009.4136972621322
78.991471256 1009.4144525015374
78.991509043 1009.425191508917
78.991545782 1009.4776127098424
78.991724921 1009.5737966424439
79.047263641 1009.573796642444
80.901105434 1009.595472517015
80.902865643 1009.6071282480805
80.90303304 1009.6783282510214
80.90659706 1009.7025778244406
80.91261381 1009.7339123905767
80.923863524 1009.7385197850704
82.758668019 1009.7601956596413
82.760397706 1009.7718513907068
82.760561349 1009.8430513936478
82.770226734 1009.8986355332031
84.548828461 1009.9203114077741
84.55064543 1010.0031671417805
84.564714839 1010.0140977918653
84.569987893 1010.0140977918654
86.261817174 1010.0357736664364
86.263630762 1010.1186294004428
86.282859367 1010.118629400443
87.913731494 1010.1403052750139
87.91629827 1010.1464787594083
87.916555962 1010.1771221081883
87.916912966 1010.19309049618
87.919652898 1010.2137398290807
87.924491547 1010.216002824461
87.932374234 1010.2201802828248
89.508091752 1010.2418561573958
89.510580477 1010.2480296417901
89.510843724 1010.2786729905702
89.51118495 1010.2946413785619
89.513887681 1010.3152907114626
89.518607042 1010.3175537068429
91.046123317 1010.3392295814139
91.048676993 1010.3454030658082
91.048944473 1010.3760464145882
91.05193083 1010.4126641354807
91.062829166 1010.4126641354808
92.501793198 1010.4343400100518
92.504210202 1010.4405134944461
92.504504526 1010.4482799780014
92.50481827 1010.4711568432263
92.518649205 1010.4867974384767
93.901428843 1010.5084733130477
93.903802198 1010.5146467974421
93.904060948 1010.5224132809973
93.912404382 1010.5389360767736
93.912735393 1010.5389360767737
94.285219436 1010.5389360767738
95.263647554 1010.5667854357391
95.263933345 1010.5745519192942
95.275181241 1010.5820911145161
95.949646784 1010.5820911145162
96.579849954 1010.6099404734815
96.580139196 1010.6177069570366
96.61681388 1010.6177069570367
97.818470882 1010.6391043160137
98.110676713 1010.6391043160138
99.024981501 1010.6568490231958
100.099012988 1010.656849023196
