0.000369065 998.7260531564791
0.000469487 998.9340222543153
0.000501519 998.9897243795214
0.000586097 999.0483080221738
0.000859779 999.0580737734858
0.0009325 999.0609452260422
0.000996716 999.1276154732955
0.001134625 999.1353201796591
0.001671413 999.1376404386996
0.005513191 999.1380707018893
0.005662081 999.1755937768598
0.006358065 999.3133240170012
0.078609105 999.3238626536181
0.078638836 999.3795647788241
0.078693722 999.4381484214766
0.078871619 999.4479141727886
0.078919641 999.450785625345
0.078965915 999.5174558725982
0.079058993 999.5251605789617
0.079420181 999.5274808380024
0.082414229 999.5279111011921
0.082538749 999.5654341761626
0.083095628 999.7031644163039
0.20386715 999.7039101914706
0.26467212 999.7039101914708
0.44504727 999.709132560782
0.505410019 999.7091325607821
0.567069361 999.7092232411301
0.627577874 999.7092232411302
0.807361472 999.7116148978341
0.867582158 999.7116148978342
1.048715305 999.7118603123474
1.16892559 999.7139351568749
1.228722265 999.7141370424869
1.2887427009999999 999.714137042487
1.4687909590000001 999.7143654200644
1.5275112389999999 999.7143654200645
1.823164798 999.7250675058526
1.8823741840000001 999.7250675058527
2.236583424 999.735733530614
2.4733223779999998 999.7376750589854
2.531320997 999.7376750589855
2.59108597 999.7413596059685
2.831699929 999.7421030882833
3.129548936 999.751888495035
3.423461022 999.7716321741589
3.733215148 999.7742787314074
3.838812056 999.8428603090256
3.898553857 999.8467520004264
4.247793577 999.9488814505244
4.247882371 1000.0631672183829
4.248089425 1000.0729329696949
4.24814599 1000.0758044222513
4.248198661 1000.1424746695045
4.248303088 1000.150179375868
4.248696487 1000.1524996349086
4.253949182 1000.1636319838865
4.262738823 1000.1742980086477
4.263485835 1000.2814247870594
4.266327558 1000.2853164784601
4.296506977 1000.2853164784602
4.498393085 1000.2861336730123
4.505685873 1000.2894953016574
4.622580697 1000.2933869930581
5.079557053 1000.3038150234319
5.110158947 1000.303815023432
5.31297713 1000.305060157584
5.578401556 1000.3050601575841
6.677462548 1000.3762882924508
8.28726347 1000.5020531130734
8.28736788 1000.616338880932
8.287580899 1000.6261046322439
8.28763924 1000.6289760848003
8.287694074000001 1000.6956463320536
8.287803395 1000.703351038417
8.288208062 1000.7056712974578
8.293321458 1000.7168036464356
8.302019117 1000.7274696711969
8.302777436 1000.8345964496085
8.699911245 1000.8345964496086
12.214767334 1001.031589405098
12.214815528 1001.087291530304
12.214882627 1001.1458751729564
12.215086277 1001.1556409242685
12.215143245 1001.1585123768249
12.215193308 1001.2251826240781
12.215299656 1001.2328873304416
12.215686433 1001.2352075894822
12.218498201 1001.2356378526719
12.219413579 1001.2731609276424
12.242947212 1001.2929046067662
12.728790664 1001.2929046067663
16.037184054 1001.4898975622556
16.037236219 1001.5455996874617
16.037303226 1001.6041833301141
16.039177752 1001.6139490814262
16.039233652 1001.6168205339825
16.039381003 1001.6911954875992
16.039762346 1001.69351574664
16.042444565 1001.6939460098296
16.066568798 1001.7216836780484
16.338496006 1001.7216836780485
19.780401105 1001.9186766335379
19.780534517 1002.0329624013964
19.780749063000002 1002.0427281527084
19.780809591 1002.0455996052648
19.780964054000002 1002.1199745588815
19.781367554 1002.1222948179221
19.789112936 1002.1227250811118
19.797603163 1002.1497192670158
19.813745988 1002.1504627493307
23.387285569 1002.34745570482
23.387339313 1002.4031578300262
23.387403261 1002.4617414726786
23.387600509 1002.4715072239907
23.387656733 1002.474378676547
23.387799672 1002.5487536301637
23.388183358 1002.5510738892043
23.390832788 1002.551504152394
23.404005766 1002.578498338298
26.905108979 1002.7754912937874
26.905215754 1002.8897770616459
26.905421397 1002.8995428129579
26.905479951 1002.9024142655143
26.905614047 1002.976789219131
26.905984415 1002.9791094781716
26.913404632 1002.9795397413612
26.950533992 1002.9795397413614
30.329696103 1003.1765326968507
30.329791935 1003.2908184647092
30.3299912 1003.3005842160212
30.330046705 1003.3034556685776
30.330166395 1003.3778306221943
30.330528805 1003.380150881235
33.664996368 1003.381549250402
33.665070562 1003.4538962168862
33.665111229 1003.515995852761
33.665326496 1003.5534076977771
33.668075454 1003.5708452337647
33.670616441 1003.7190875352151
33.67090678 1003.7493999232595
33.671637459 1003.7493999232596
33.675827644 1003.7635519578084
33.682257167 1003.7786871765812
35.859554789 1003.7786871765813
36.914161983 1003.7800855457483
36.914208699 1003.8524325122324
36.914245533 1003.9145321481072
36.914435916 1003.9519439931233
36.917047212 1003.9693815291109
36.91953426 1004.1176238305613
36.919809373 1004.1479362186059
36.924591224 1004.1620882531547
39.671386501 1004.1620882531548
40.0564107 1004.1715612433002
40.056516981 1004.2979332246807
40.05672099 1004.3353450696968
40.057478966 1004.3353450696969
40.059375174 1004.3527826056845
40.061822336 1004.5010249071348
40.062105575 1004.5313372951794
40.067158142 1004.5389584542876
40.078337695 1004.5454893297282
43.14100185 1004.5468876988953
43.141075364 1004.6192346653793
43.14111177 1004.6813343012542
43.141295724 1004.7187461462703
43.141988098 1004.7187461462704
43.143812259 1004.736183682258
43.146217755 1004.8844259837083
43.146470573 1004.9147383717528
43.152030627 1004.9223595308611
46.147420752 1004.9237579000281
46.14748804 1004.9961048665122
46.147526787 1005.0582045023871
46.14772179 1005.0956163474032
46.14843098 1005.0956163474033
46.150272033 1005.1130538833909
46.15265011 1005.2612961848412
46.15291799 1005.2916085728857
46.158398159 1005.2992297319939
49.106231968 1005.3006281011609
49.106301248 1005.372975067645
49.106345183 1005.4350747035198
49.106533833 1005.472486548536
49.109051704 1005.4899240845238
49.111446152 1005.5740870703715
49.111710569 1005.6684787740185
49.112389158 1005.6684787740186
49.145263952 1005.6684787740187
51.942106116 1005.6779517641643
51.942207991 1005.8043237455447
51.942401 1005.8417355905608
51.944837315 1005.8591731265485
51.947160348 1005.9433361123964
51.94740929 1006.0377278160433
54.705452393 1006.0391261852102
54.705501407 1006.1114731516943
54.705537928 1006.1735727875692
54.705718177 1006.2109846325853
54.708120097 1006.2284221685729
54.711742827 1006.2720057799569
54.711872076 1006.2904831435029
54.712501713 1006.3796136518673
54.733726534 1006.3890123482958
55.185322228 1006.3890123482959
57.391501644 1006.3904107174627
57.391551463 1006.4627576839468
57.391588459 1006.5248573198218
57.391781171 1006.5622691648379
57.394160556 1006.5797067008255
57.397422097 1006.6232903122094
57.398159186 1006.7308981841198
57.824061431 1006.73089818412
59.986861804 1006.7403711742654
59.986958345 1006.8667431556458
59.988977867 1006.904155000662
59.991202889 1006.9215925366497
59.99422957 1006.9651761480336
59.995959836 1007.032218346524
59.996166013 1007.0364724988033
59.996191816 1007.0422336455509
60.020191718 1007.042233645551
60.022333498 1007.054140565627
62.522575987 1007.0636135557725
62.52269185 1007.189985537153
62.522889072 1007.2273973821691
62.525201731 1007.2448349181567
62.528248808 1007.2884185295406
62.52998809 1007.3554607280312
62.530186621 1007.3597148803104
62.530215878 1007.365476027058
62.552647246 1007.3654760270581
65.21044852 1007.3668743962251
65.210715152 1007.5387328436001
65.21601265 1007.5997539909717
65.224722036 1007.6644337157729
65.232734809 1007.6667961894622
65.239415454 1007.6710503417415
67.811149677 1007.6724487109084
67.811435636 1007.8443071582835
67.812091023 1007.8443071582836
67.816668763 1007.9053283056552
67.825168038 1007.9700080304563
68.651442157 1007.9700080304564
70.288550179 1007.9794810206018
70.288805644 1008.1432648469984
70.291203096 1008.1432648469985
70.295425972 1008.20428599437
70.303494616 1008.2689657191712
72.545566809 1008.270364088338
72.545832279 1008.4422225357132
72.552303412 1008.4929300142506
72.569920878 1008.4929300142508
72.93522942 1008.4929300142509
74.743820868 1008.4943283834177
74.744075979 1008.6661868307929
74.752815878 1008.7056842762229
74.764208541 1008.7135226268384
74.908049294 1008.7135226268385
76.880513706 1008.7149209960054
76.880794902 1008.8867794433805
76.881385995 1008.8867794433806
76.889507466 1008.9262768888105
77.207976684 1008.9262768888107
78.872186115 1008.9276752579776
78.872431824 1009.0995337053528
78.885967492 1009.1105767871646
78.91361966 1009.1105767871647
80.769010018 1009.1119751563316
80.769233502 1009.2838336037067
80.794179602 1009.2838336037069
82.052128014 1009.283833603707
82.627897757 1009.2852319728739
82.628139934 1009.457090420249
82.641429541 1009.4570904202491
84.383638459 1009.458488789416
84.383876954 1009.4900301977021
84.384099415 1009.5483664660971
84.388164495 1009.5932899249642
84.388304239 1009.6086834627037
84.390384878 1009.621048255882
84.393647451 1009.6301686324857
85.244166075 1009.6301686324858
86.084443346 1009.6315670016528
86.08468139 1009.6631084099389
86.084890563 1009.7214446783339
86.088861909 1009.766368137201
86.09018031 1009.7724296870064
86.091017042 1009.7941264681187
87.17391736 1009.7941264681189
87.725101159 1009.7955248372858
87.725345734 1009.8270662455719
87.727057248 1009.8854025139669
87.730899898 1009.930325972834
87.731374019 1009.9303259728341
87.732198118 1009.9363875226394
89.314352398 1009.9377858918064
89.314642142 1009.9693273000925
89.314889489 1010.0276635684875
89.318049803 1010.0725870273545
89.3180787 1010.0725870273546
90.845956098 1010.0739853965216
90.846240376 1010.0744478501598
90.846280662 1010.0833685986337
90.846354151 1010.0920006339143
90.846458206 1010.1638630732027
90.849491097 1010.2087865320698
90.871109187 1010.2087865320699
92.316056666 1010.241726309523
92.31631073 1010.3000625779179
92.328037437 1010.3351952662806
92.409485791 1010.3351952662807
93.729357075 1010.3370560890858
93.729417556 1010.3459768375599
93.72948367 1010.3546088728403
93.736642083 1010.3656826648888
93.743939086 1010.4106298015387
93.823293983 1010.4106298015388
95.126792413 1010.4124906243438
95.126855527 1010.4214113728179
95.126939005 1010.4300434080984
95.133151416 1010.4411172001469
95.143048064 1010.4435245346344
95.218062728 1010.4435245346345
96.446793455 1010.4453853574396
96.446848587 1010.4543061059137
96.446918942 1010.4629381411942
96.45357317 1010.4740119332427
97.706817988 1010.4758727560477
97.706876414 1010.4847935045218
97.715505725 1010.4947682495948
97.7203451 1010.4947682495949
97.720714431 1010.4979386731918
97.804253992 1010.4979386731919
98.90579242 1010.4997994959967
98.905875638 1010.5087202444709
98.913695522 1010.518694989544
98.919100585 1010.5186949895441
99.896938213 1010.5186949895442
