0.000368463 1001.427972453593
0.000698828 1001.4416102201811
0.000810722 1001.5202691025249
0.001172838 1001.5461614239055
0.001207939 1001.563510646942
0.001288382 1001.5786082498455
0.002457059 1001.7127113710347
0.003104593 1001.8034665247097
0.049723701 1001.8034665247098
0.079388712 1001.8743753681885
0.079634906 1001.900267689569
0.079712827 1001.932714515509
0.080542061 1002.0668176366983
0.08123385 1002.111804301379
0.081356643 1002.1249862362537
0.142186314 1002.1605406344939
0.178929252 1002.160540634494
0.239913445 1002.1606455099363
0.359273501 1002.1655943086356
0.481983886 1002.1681555653213
0.626820491 1002.1705203328478
0.663023138 1002.1705203328479
0.845333315 1002.170520332848
0.868894126 1002.1737217144642
0.905798855 1002.1737217144644
0.965738598 1002.1764604971384
1.1688204899999999 1002.1791822805556
1.204874405 1002.1791822805557
1.322215392 1002.1815044961555
1.5609327720000001 1002.1838294704214
1.6458531280000002 1002.1857600506324
1.706064049 1002.1862726641132
1.743509318 1002.1862726641133
1.9220561950000001 1002.1862726641134
1.945118618 1002.1930419701672
1.980877091 1002.1930419701673
2.040167078 1002.1930419701674
2.181988871 1002.1946079041473
2.21906297 1002.1946079041475
2.278117872 1002.1946079041476
2.301321717 1002.1991767365668
2.337704993 1002.1991767365669
2.361287395 1002.2042623404341
2.455823456 1002.2063264027042
2.657640909 1002.2063628279778
2.695112746 1002.206362827978
2.816646713 1002.2063628279781
3.138028451 1002.2212931949033
3.1749533899999998 1002.2212931949034
3.291989058 1002.2306457374353
3.490210983 1002.2339211345899
3.587504411 1002.23392113459
3.731944354 1002.2445294108546
3.768582467 1002.2445294108547
3.852347982 1002.2452653943049
3.889525853 1002.245265394305
4.009982044 1002.2756324021161
4.274800174 1002.2833073594664
4.275059698 1002.4410997721936
4.275335729 1002.4669920935742
4.275404131 1002.4994389195142
4.279065473 1002.5583483837027
4.279163674 1002.6474257141228
4.296142615 1002.6481616975731
4.322058781 1002.6785287053842
4.553295269 1002.6785287053843
5.356537057 1002.6934590723096
6.233051037 1002.7060870119961
7.198757593 1002.7166952882609
7.269344499 1002.716695288261
7.659015682 1002.7174312717111
7.729817863 1002.7174312717112
8.306045474 1002.7704036037982
8.30621577 1002.8495371341816
8.306299932 1002.9281960165254
8.306616744 1002.9865351638459
8.310167949 1003.0454446280343
8.315675068000001 1003.0605128804476
8.315858133 1003.076265211713
8.322005748 1003.0830345177671
8.322256944 1003.0963553755778
8.324242958 1003.1239136821897
8.327290996 1003.1352579419047
8.647565467 1003.147149898141
8.66407968 1003.1478858815912
8.682634707 1003.1478858815914
10.464541181 1003.158494157856
10.482255687 1003.1584941578561
12.2450975 1003.1613253305821
12.245143318 1003.2248304130798
12.245302891 1003.3039639434631
12.245386532 1003.3826228258071
12.24566042 1003.4085151471876
12.247092263 1003.4102071896726
12.249315064 1003.4998714373161
12.249430751 1003.5889487677363
16.066597309 1003.602388216727
16.066642567 1003.6658932992248
16.066797341 1003.7450268296082
16.066878908 1003.823685711952
16.068510555 1003.8512700758175
16.071450301 1003.940934323461
16.076165947 1003.9560025758743
16.077136874 1003.9717549071397
16.082325053 1003.9785242131939
16.082567817 1003.9918450710044
16.083294928 1003.9918450710045
16.085181101 1004.0194033776163
16.138444457 1004.0194033776164
19.8011426 1004.032842826607
19.801293665 1004.0739784677397
19.801364333 1004.1754814394882
19.801445892 1004.2541403218321
19.80308549 1004.2817246856977
19.807285647 1004.3386055829268
19.807512935 1004.3658202403741
19.810684012 1004.3864571857542
19.816915464 1004.4089788230739
19.817163852 1004.4222996808845
21.215534743 1004.4222996808846
23.439844705 1004.4357391298753
23.439897898 1004.4992442123731
23.440126142 1004.6570366251002
23.441744734 1004.6846209889658
23.446069126 1004.7687165436422
23.449024045 1004.7893534890226
23.4582582 1004.811875126342
23.472201209 1004.8251959841526
26.795085859 1004.8251959841527
26.967961773 1004.8386354331434
26.968000576 1004.902140515641
26.968232732 1005.0599329283683
26.971847569 1005.0664471155109
26.974049949 1005.1716128469103
26.977015325 1005.1922497922907
27.000532618 1005.2209061960097
28.811518491 1005.2209061960099
30.411334945 1005.2343456450004
30.411385018 1005.2978507274983
30.411612681 1005.4556431402253
30.415301892 1005.4621573273681
30.417511383 1005.5673230587673
30.420475753 1005.5879600041477
30.504971004 1005.5879600041479
33.754439593 1005.6013994531385
33.754490175 1005.6649045356363
33.75498573 1005.7600065032278
33.757965614 1005.8140711526074
33.758260305 1005.829211135506
33.760347183 1005.9343768669054
33.781799655 1005.9348918089858
33.789787199 1005.934891808986
37.002261819 1005.9483312579767
37.002397402 1005.9894668991093
37.002792689 1006.1069383080659
37.007760254 1006.1321560673576
37.008079606 1006.2813086717437
40.15191784 1006.2947481207344
40.151979649 1006.358253203232
40.152455341 1006.4533551708236
40.155321436 1006.5074198202032
40.160530381 1006.5370936931125
40.161253741 1006.5370936931126
40.161616912 1006.5415885355529
40.162256398 1006.541588535553
40.172662033 1006.5476843135317
40.183670093 1006.587600811221
43.254511794 1006.6010402602116
43.254656067 1006.6421759013443
43.255292703 1006.6870471525616
43.25698474 1006.7062665396126
43.259321568 1006.7259011182965
43.259817913 1006.7848650695925
43.260367914 1006.8029794101652
43.262791737 1006.8433858325899
43.263849972 1006.8478806750303
43.274876297 1006.8539764530091
43.293199648 1006.8539764530092
44.66017605 1006.8539764530093
44.806573274 1006.8539764530094
46.272361722 1006.867415902
46.272437594 1006.9309209844978
46.273148263 1006.95342279435
46.274792457 1006.9726421814009
46.275707681 1007.0800876014689
46.280658155 1007.1097614743783
46.281685422 1007.1142563168187
48.432267087 1007.1142563168188
49.272047126 1007.1276957658094
49.272089566 1007.1912008483073
49.272776415 1007.2137026581593
49.274403546 1007.2329220452104
49.275780906 1007.2782183937059
49.275982628 1007.3403674652782
49.288041953 1007.3700413381875
49.310400595 1007.3700413381877
49.371183025 1007.3700413381878
52.162896592 1007.3834807871782
52.162940843 1007.446985869676
52.163633932 1007.4694876795282
52.165168641 1007.4887070665792
52.166557544 1007.5340034150748
52.168423561 1007.5854199371321
52.181300918 1007.621403068231
52.533780987 1007.6214030682311
54.907637991 1007.6348425172217
54.907688129 1007.6983475997196
54.908367828 1007.7208494095715
54.90995988 1007.7400687966227
54.912711011 1007.7577681706917
54.913073361 1007.7615949565776
54.913233855 1007.8085729651426
54.922551147 1007.8353554219105
54.937530825 1007.8397576549761
54.939705617 1007.8676502317411
56.231116189 1007.8676502317412
57.558879168 1007.8810896807319
57.558930264 1007.9445947632295
57.561184929 1007.9863159601329
57.565829183 1008.0015418686011
57.568252653 1008.011582345442
57.568369781 1008.0121842810621
57.569078034 1008.0449755817139
57.574442527 1008.0816025854207
57.588162662 1008.086004818486
57.625639205 1008.0860048184862
60.282183083 1008.0994442674768
60.282231416 1008.1629493499746
60.284342714 1008.2046705468778
60.28695685 1008.2223699209468
60.287348231 1008.2261967068326
60.291167773 1008.2299369321869
60.291300955 1008.230538867807
60.29192969 1008.2633301684588
60.297176219 1008.2999571721656
60.646134681 1008.2999571721657
61.965312006 1008.2999571721658
62.817115145 1008.3133966211565
62.817165686 1008.3769017036543
62.819359268 1008.4186229005575
62.821967395 1008.4363222746265
62.826062887 1008.4438892858666
62.826187947 1008.4444912214867
62.826830892 1008.4772825221385
62.832411349 1008.4825264117062
62.836689902 1008.4928856813399
64.521756888 1008.49288568134
65.280450598 1008.5063251303304
65.280496237 1008.5698302128283
65.282648051 1008.6115514097314
65.28699706 1008.6267773181999
65.289254146 1008.6368177950405
65.289386138 1008.6374197306607
65.290025103 1008.6702110313124
65.295474371 1008.6754549208802
66.091432399 1008.6754549208803
66.916649809 1008.6754549208804
67.446223455 1008.6754549208805
67.599754828 1008.688894369871
67.599786521 1008.7523994523689
67.601813601 1008.794120649272
67.604345178 1008.811820023341
67.608341197 1008.8193870345814
67.608471339 1008.8199889702013
67.609596767 1008.852780270853
67.632336655 1008.8580241604208
67.934708303 1008.8580241604209
69.820386934 1008.8714636094114
69.820446209 1008.9349686919093
69.822466149 1008.9766898888124
69.824957501 1008.9943892628814
69.828740032 1009.0019562741218
69.828881182 1009.0025582097417
69.842748287 1009.0025582097418
69.847789838 1009.0054886204097
70.470219403 1009.0054886204098
71.976655412 1009.0189280694002
71.97671156 1009.082433151898
71.978637001 1009.1241543488012
71.981008521 1009.1418537228702
71.984743894 1009.1494207341105
71.984860695 1009.1500226697304
71.997883929 1009.1500226697307
73.970936731 1009.1500226697308
74.053479045 1009.1634621187214
74.053513186 1009.2269672012193
74.055383853 1009.2686883981224
74.057722246 1009.2863877721915
74.058245265 1009.3142519529086
75.917405322 1009.3142519529088
76.066677248 1009.3276914018992
76.066710961 1009.391196484397
76.068655342 1009.4329176813002
76.072804615 1009.4481435897686
76.074784111 1009.4581840666093
76.074909394 1009.4587860022294
76.131302286 1009.4587860022295
76.28390344499999 1009.4587860022297
77.932456967 1009.4587860022298
78.00956424 1009.4722254512202
78.009596334 1009.5357305337178
78.011450662 1009.5774517306212
78.034437699 1009.5885202303982
78.131837126 1009.5885202303984
79.892258507 1009.601959679389
79.892304888 1009.6654647618866
79.89419189 1009.70718595879
79.999783264 1009.7071859587901
80.061466104 1009.7071859587902
81.722752379 1009.7206254077807
81.722817303 1009.7841304902786
81.726319824 1009.8077610786477
81.731276228 1009.8238249143332
81.757323517 1009.8238249143333
83.491522791 1009.9007694458217
83.494790078 1009.9244000341907
83.713710978 1009.9244000341909
83.787323315 1009.924400034191
85.190117885 1010.0013445656796
85.193291916 1010.0249751540487
86.825356656 1010.101919685537
86.831697119 1010.1029621523007
88.406442616 1010.1164016012914
88.406484216 1010.1799066837892
88.473314212 1010.1799066837893
89.946637468 1010.2366924968878
89.953964794 1010.2382873075824
91.403689033 1010.2879700809564
91.408761914 1010.2950731206807
91.449282459 1010.2950731206809
92.808582805 1010.3447558940547
93.119620103 1010.3447558940549
93.817450691 1010.344755894055
94.174101144 1010.3626753739429
94.422436074 1010.362675373943
95.146403667 1010.3626753739431
95.491926113 1010.3654772430339
95.496939792 1010.3671958403844
95.502998861 1010.3671958403845
96.41531214 1010.3671958403846
96.742749232 1010.3699977094753
96.747357194 1010.3717163068258
96.765317195 1010.3717163068259
96.789260414 1010.371716306826
97.95160165 1010.3745181759166
98.151343665 1010.3745181759167
98.618861656 1010.3745181759168
