0.000368558 1001.4950186818428
0.000469246 1001.5184720358401
0.000578713 1001.6067905858696
0.000832162 1001.6127974436367
0.000993623 1001.6580073497455
0.0013177 1001.7165940508263
0.001563548 1001.716985926692
0.002472757 1001.7433697872724
0.002541931 1001.7509723266475
0.002717775 1001.8246046708709
0.003170345 1001.8332324571644
0.003435368 1001.8517127578755
0.004451833 1001.950673106763
0.013267246 1001.9862124233581
0.015416324 1001.9915734600893
0.022227492 1001.9967173306467
0.029564722 1002.0107097344716
0.080110771 1002.0417788810518
0.080289846 1002.0421707569175
0.08095213 1002.0685546174979
0.081006905 1002.0761571568729
0.081145235 1002.1497895010964
0.081487645 1002.1584172873899
0.081693577 1002.1768975881009
0.082470344 1002.2758579369885
0.089580153 1002.3113972535836
0.091329526 1002.3167582903147
0.096771313 1002.3219021608721
0.102410722 1002.335894564697
0.224389279 1002.3400054439563
0.285377967 1002.3415148067807
0.346525638 1002.3415148067808
0.406614688 1002.3430088402599
0.467391244 1002.3473676544183
0.52684559 1002.3473676544185
0.709950954 1002.3493317796434
0.80639947 1002.3493317796435
0.950483812 1002.3505630218076
1.0695783620000001 1002.3507493631364
1.167164957 1002.3507493631365
1.190849225 1002.3522777364395
1.251663381 1002.354145170926
1.467555714 1002.3541451709261
1.491113173 1002.3593180511439
1.551987287 1002.359318051144
1.617078206 1002.3660606531982
1.648758232 1002.3660606531984
1.731111002 1002.3678298716704
1.79048945 1002.3682661639829
1.8270009900000002 1002.368266163983
1.913216823 1002.3760401162879
1.945302253 1002.376040116288
2.123667551 1002.3760401162881
2.14701883 1002.3866717740414
2.242923071 1002.3866717740415
2.2662386359999998 1002.3878710228802
2.325912922 1002.4035377895616
2.4443047 1002.4052939390335
2.5406797709999998 1002.4052939390336
2.682602598 1002.4064644931483
2.802107078 1002.4081008520559
2.897295768 1002.408100852056
3.046682107 1002.4175056670335
3.078383849 1002.4175056670337
3.260066321 1002.4175056670338
3.277873755 1002.4209069934933
3.283408939 1002.4348993973182
3.402220226 1002.4367387644721
3.438897233 1002.4367387644722
3.527134111 1002.4436401686509
3.558406845 1002.443640168651
3.736578379 1002.4436401686511
3.760242472 1002.4490012053823
3.820436056 1002.4490012053824
3.882222596 1002.4541450759397
4.006019471 1002.4561247321018
4.066495418 1002.4681374797643
4.186402545 1002.4681374797646
4.284211815 1002.4902473611631
4.284407794 1002.4962542189304
4.284530664 1002.541464125039
4.284752012 1002.60005082612
4.285586416 1002.6268265625661
4.285643548 1002.634429101941
4.285782543 1002.7080614461645
4.286129508 1002.716689232458
4.287101123 1002.8341298820566
4.29404565 1002.8696691986516
4.295692021 1002.875030235383
4.300860153 1002.8801741059403
4.30629964 1002.8941665097651
4.422033508 1002.8944162030125
4.536409059 1002.8944162030126
4.650547912 1002.8995600735699
5.797551121 1002.9064289506751
6.13844351 1002.9064289506753
6.480089255 1002.9064289506754
6.712775356 1002.9115728212325
7.202416057 1002.9115728212327
7.627305443 1002.9135524773945
7.855690987 1002.9135524773948
8.29357761 1002.9530686702609
8.293795884 1002.959075528028
8.293925356999999 1003.0042854341368
8.294165744 1003.0628721352176
8.295029302 1003.0896478716637
8.295087006 1003.0972504110388
8.295227162 1003.1708827552623
8.29560623 1003.1795105415557
8.296616316 1003.2969511911543
8.30345279 1003.3324905077494
8.315524465 1003.3569878188629
12.204567841 1003.4053525449965
12.204864368 1003.4565693088724
12.205095356 1003.5151560099533
12.205902284 1003.5419317463994
12.205958482 1003.5495342857744
12.206425529 1003.6317944162913
12.207415087 1003.6321747809186
12.209586499 1003.6583794484669
12.213484647 1003.6620834230548
12.21404183 1003.6904659934775
12.21531506 1003.7464281528676
12.220721447 1003.7475987069822
12.251634406 1003.7475987069823
12.873222425 1003.7515720234248
12.878694919 1003.7527425775395
14.217027947 1003.7527425775396
16.018918779 1003.8050806201159
16.019206677 1003.8562973839918
16.019434933 1003.9148840850727
16.02023505 1003.9416598215188
16.020298715 1003.9492623608937
16.020764496 1004.0315224914107
16.021726531 1004.031902856038
16.023917394 1004.0581075235863
16.027779393 1004.0618114981742
16.029086852 1004.0901940685969
16.030312163 1004.1461562279869
16.06584784 1004.1473267821017
19.74509008 1004.2008353787925
19.745399736 1004.2520521426685
19.74564691 1004.3106388437493
19.746460233 1004.3374145801954
19.746514174 1004.3450171195705
19.746992574 1004.4272772500874
19.747968974 1004.4276576147147
19.750132908 1004.4538622822629
19.753919818 1004.4575662568508
19.765671159 1004.472511612327
19.77166847 1004.5419109866637
23.373191507 1004.5954195833544
23.373505858 1004.6466363472305
23.373741075 1004.7052230483113
23.374511883 1004.7319987847574
23.374566069 1004.7396013241324
23.375036899 1004.8218614546494
23.375961738 1004.8222418192767
23.378000166 1004.8484464868249
23.381753872 1004.8521504614127
23.404802281 1004.890519303336
23.411621667 1004.899467416175
23.461406378 1004.8994674161751
23.511069818 1004.8994674161752
26.892741395 1004.9529760128659
26.893068932 1005.0041927767419
26.894063899 1005.0163447689961
26.89409475 1005.0895552142688
26.894151238 1005.0971577536438
26.894650362 1005.1794178841608
26.89558757 1005.1797982487881
26.897667642000002 1005.2060029163363
26.902478489 1005.2060029163364
26.931665675 1005.2410354181429
26.980513394 1005.241035418143
28.942352695 1005.2410354181432
30.335661785 1005.2945440148338
30.335988597 1005.3457607787099
30.336947672 1005.357912770964
30.336978018 1005.4311232162368
30.337037197 1005.4387257556118
30.337521706 1005.5209858861288
30.338438192 1005.521366250756
30.340432552 1005.5475709183042
30.345148107 1005.5475709183044
30.427877311 1005.5475709183045
32.322747721 1005.5475709183046
33.659664582 1005.6010795149954
33.65993694 1005.6522962788713
33.660856705 1005.6644482711256
33.660885777 1005.7376587163983
33.660938539 1005.7452612557732
33.661394908 1005.8275213862902
33.662299608 1005.8279017509175
33.669082399 1005.8413801703495
33.669254069 1005.8541064184658
33.843246756 1005.8541064184659
36.910401336 1005.9076150151568
36.910684218 1005.9588317790327
36.911597308 1005.970983771287
36.911652847 1006.0517967559347
36.912116105 1006.1340568864516
36.91297947 1006.1344372510789
36.945267813 1006.1445132308012
40.069251911 1006.1980218274922
40.069533652 1006.2492385913681
40.070476004 1006.2613905836224
40.070533211 1006.3422035682701
40.070989676 1006.424463698787
40.071861355 1006.4248440634143
40.088228275 1006.4248440634144
43.143500543 1006.4783526601052
43.143793345 1006.5295694239811
43.144675987 1006.5417214162354
43.144746128 1006.6225344008831
43.145186425 1006.7047945314001
43.146684097 1006.7051748960273
43.189184632 1006.7051748960274
46.11655866 1006.7586834927183
46.116841916 1006.8099002565942
46.117702838 1006.8220522488485
46.117759733 1006.9028652334962
46.118215986 1006.9851253640131
46.574405379 1006.9851253640132
48.988353678 1007.0386339607041
48.988629565 1007.0898507245801
48.989551015 1007.1020027168344
48.989609398 1007.182815701482
48.995435671 1007.1966681933524
48.995557802 1007.2031715565842
48.998594781 1007.2378923652894
49.003133733 1007.2541794287963
49.009015349 1007.2610201010395
50.739866241 1007.2610201010397
51.791625646 1007.3145286977305
51.791886631 1007.3657454616064
51.794836042 1007.4246652980385
51.79487974 1007.427112868594
51.797895996 1007.4318588384862
51.798524376 1007.4725629303788
51.798641138 1007.4790662936106
51.801614793 1007.5137871023157
51.806032219 1007.5300741658227
54.527038837 1007.5300741658228
54.553227195 1007.5835827625136
54.553476739 1007.6347995263895
54.55632682 1007.6937193628216
54.556370359 1007.6961669333772
54.559277545 1007.7009129032693
54.559898069 1007.741616995162
54.560015052 1007.7481203583937
54.562848957 1007.7828411670989
57.121718981 1007.782841167099
57.151604528 1007.8363497637898
57.151856112 1007.8875665276657
57.154689412 1007.9464863640978
57.15473069 1007.9489339346533
57.1575947 1007.9536799045454
57.158198986 1007.994383996438
57.158314351 1008.0008873596698
57.166816285 1008.0165475846579
57.170930981 1008.0192101088505
57.254740815 1008.0192101088506
59.669295902 1008.0192101088508
59.677339081 1008.0727187055415
59.677587826 1008.1239354694175
59.680304317 1008.1828553058496
59.683734903 1008.2307529381898
59.683858296 1008.2372563014216
59.692000423 1008.2529165264096
60.7959498 1008.2529165264098
62.163062923 1008.3064251231006
62.163354859 1008.3576418869765
62.167693704 1008.4165617234086
62.168269723 1008.4165617234087
62.171053378 1008.4644593557488
62.171166761 1008.4709627189807
62.183421183 1008.4811800447648
63.27908759 1008.4811800447649
64.584622416 1008.5346886414557
64.584860723 1008.5859054053317
64.587508344 1008.6448252417638
64.590831899 1008.692722874104
64.590944848 1008.6992262373358
64.591500563 1008.6992262373359
64.602955063 1008.70944356312
66.992014067 1008.7629521598108
66.992513462 1008.7957916595668
66.99487164 1008.8730887601188
66.9954447 1008.8730887601189
66.998134255 1008.920986392459
66.99825589 1008.9274897556909
67.206262628 1008.927489755691
69.263911035 1009.013837852138
69.266369815 1009.0911349526899
69.275608231 1009.1120670704817
69.280501537 1009.1390325850301
69.284091773 1009.1455359482619
71.344119478 1009.145535948262
71.402567901 1009.1614463901614
71.402861719 1009.2318840447089
71.405160322 1009.3091811452608
71.414118334 1009.3301132630526
71.415830768 1009.3361842868181
71.487161438 1009.3361842868184
73.488327237 1009.4121020013541
73.488515403 1009.520761601609
73.666373155 1009.5207616016091
74.067767391 1009.5207616016093
75.508766461 1009.6844067986079
75.509294752 1009.6844067986082
77.490982368 1009.848051995607
77.647360068 1009.8480519956071
79.358414809 1009.9007861335875
79.358906434 1009.9434575113414
79.359519846 1009.9571146473788
79.365282757 1009.9755257584956
81.189575332 1010.0282598964762
81.190057086 1010.07093127423
81.19066913 1010.0845884102674
82.961397357 1010.1373225482479
82.961867571 1010.1799939260017
83.305867413 1010.1799939260018
84.679332463 1010.2327280639821
84.679889877 1010.2327280639823
84.68076469 1010.2359149671007
84.682004134 1010.2393385328788
84.682521093 1010.2393385328791
84.68507673 1010.2592139026045
84.897276719 1010.2592139026048
86.325246594 1010.2714751496502
86.325456194 1010.304670228269
86.328018734 1010.3151349437036
86.329200554 1010.3185585094819
86.332396797 1010.3384338792074
86.474924256 1010.3384338792075
87.806910284 1010.3384338792076
87.902082143 1010.3448428516052
87.903110703 1010.3478707167129
87.90315869 1010.373973787404
87.903376609 1010.3779116798227
87.903599241 1010.3911680171879
87.911193061 1010.4124182690529
87.955568536 1010.4124182690531
89.431983745 1010.4246795160984
89.432193589 1010.4578745947172
89.434300002 1010.4651524070334
90.640044646 1010.4651524070335
90.889890166 1010.4715613794313
90.890908457 1010.474589244539
90.891173618 1010.5046302076487
90.898659296 1010.5106087326977
90.899047182 1010.5243438006318
92.284956491 1010.5307527730296
92.285971623 1010.5337806381373
92.286030745 1010.5598837088284
92.286246462 1010.563821601247
92.289331709 1010.5650423926423
92.299932666 1010.5698001262962
93.656088519 1010.5762090986938
93.657047522 1010.5792369638015
93.657327666 1010.6092779269113
93.66690989 1010.6104987183064
93.741596886 1010.6104987183065
94.319384033 1010.6104987183066
94.972472788 1010.6169076907044
94.973430829 1010.619935555812
94.97369818 1010.6499765189218
95.082739057 1010.6499765189219
96.230280698 1010.7423611074047
96.244451513 1010.7423611074048
96.486261639 1010.7423611074049
97.428483712 1010.7487700798026
97.433237052 1010.7520861591167
97.450393532 1010.752086159117
98.572654647 1010.7584951315147
98.577122274 1010.761811210829
99.673488223 1010.7682201832268
99.831725088 1010.768220183227
