0.000367604 997.870023282456
0.000467616 997.8939931780168
0.000707643 997.995715722036
0.000851114 998.1007490063658
0.002368567 998.178677986934
0.00267619 998.1962823466155
0.002710283 998.238972939593
0.002761622 998.2872730078715
0.00336808 998.3053753450585
0.021329509 998.3142446121647
0.021378632 998.338995521746
0.02240892 998.3389955217461
0.024488236 998.3531697830565
0.029224448 998.3566633375656
0.030683737 998.3697926444665
0.034569052 998.3717722104554
0.041378257 998.3736254613694
0.051140003 998.4178169721031
0.07963489 998.5126933178751
0.080678373 998.5906222984432
0.080903719 998.6082266581247
0.080931119 998.6509172511023
0.08097076 998.6992173193808
0.086152221 998.7166839091676
0.095784579 998.7261889236739
0.095825736 998.7509398332553
0.096649042 998.7509398332554
0.098336371 998.7651140945658
0.102100212 998.7686076490749
0.10328315 998.7817369559758
0.111727666 998.7855697728787
0.131238161 998.7855697728788
0.233236901 998.787148692502
0.241136306 998.8313402032356
0.362538425 998.8329344704871
0.423321548 998.8336478889788
0.544724774 998.8336478889789
0.665022322 998.8386305507184
0.724233133 998.8386305507186
0.964833632 998.8398190222845
1.202480413 998.8418009780102
1.260905785 998.8418009780103
1.32080737 998.8429189151443
1.4396541680000001 998.8438373887182
1.556290344 998.8438373887183
1.7331660599999998 998.8474871275718
1.792274747 998.8474871275719
1.912948429 998.8550851435103
2.032885006 998.8582286729105
2.442257163 998.8633814602999
2.618646337 998.8633814603
2.739970579 998.874300647063
2.7997503679999998 998.8743006470631
2.980547605 998.8775557216103
3.101609896 998.8797632545587
3.16117974 998.8810492761195
3.340776369 998.8810492761196
3.400082508 998.8816536757537
3.4598824759999998 998.8848889217214
3.5180427229999998 998.8903938500067
3.697154292 998.8903938500068
3.997971998 998.8980113999233
4.058356821 998.8980113999235
4.259906142 999.0706994331167
4.26104843 999.1486284136848
4.26129685 999.1662327733663
4.261328072 999.2089233663438
4.261370145 999.2572234346222
4.266617711 999.2746900244092
4.278460333 999.3231202098074
4.282075526 999.3266137643163
4.282867592 999.3266137643164
4.28379681 999.3304534099184
4.284920476 999.3359583382037
4.291470953 999.3435758881203
4.65872581 999.3435758881204
4.758480215 999.3446161239915
4.894397174 999.3446161239916
4.994265925 999.3450848179857
5.68725706 999.3488695509992
5.705470049 999.3488695509993
6.149934924 999.3544950748834
6.519231616 999.3544950748835
6.6171178600000005 999.3577501494307
6.849571806 999.3599576823791
6.964721689 999.3612437039399
7.330348901 999.36124370394
7.427775866 999.3618481035741
7.542882123 999.3650833495418
7.659377725 999.3705882778271
8.024058177 999.3705882778272
8.323925764 999.4635283924267
8.324059024 999.5685616767565
8.325133755 999.6464906573246
8.325368483 999.6640950170062
8.325398288 999.7067856099837
8.325438539 999.7550856782622
8.330535839 999.772552268049
8.339755583 999.7820572825553
8.339798366 999.8068081921367
8.340583186 999.8068081921368
8.342198909 999.8209824534472
8.346635735 999.8244760079563
8.347531582 999.8283156535582
8.34865485 999.8338205818435
8.349424094 999.8338205818436
8.949353239 999.8338205818437
9.144914798 999.8344249814778
9.60157583 999.8431651557307
9.619472746 999.8431651557308
9.844890453 999.843165155731
12.279587551 999.9399449159324
12.280844909 1000.1229071808305
12.281097966 1000.140511540512
12.281158735 1000.2315022017679
12.286356687 1000.2489687915548
12.295452583 1000.2832247156425
12.297794329 1000.2973989769529
12.301272039 1000.300892531462
12.302068784 1000.3008925314621
12.304708386 1000.3102371053493
16.131026253 1000.3107992498169
16.131218419 1000.4125217938362
16.132348942 1000.5954840587341
16.132586239 1000.6130884184156
16.132688172 1000.6971474522352
16.133053486 1000.6980498992466
16.137657905 1000.7215456694585
16.149072107 1000.7699758548566
16.152648457 1000.7734694093657
16.153431359 1000.7734694093658
16.174057985 1000.7740738089999
17.939828072 1000.774073809
19.871036103 1000.7746359534676
19.871230634 1000.8763584974869
19.872380104 1001.0593207623848
19.872622661 1001.0769251220663
19.872725754 1001.1609841558859
19.873089025 1001.1618866028973
19.892126418 1001.2373061130164
19.892905328 1001.2373061130165
23.525781787 1001.2378682574841
23.525995173 1001.3395908015034
23.526824185 1001.3395908015035
23.527137724 1001.5225530664014
23.527380548 1001.5401574260829
23.527498908 1001.6242164599024
23.527877928 1001.6251189069138
23.547323408 1001.700538417033
27.068965257 1001.7011005615007
27.069152354 1001.8028231055198
27.069961118 1001.8028231055199
27.070278338 1001.9857853704178
27.07061831 1002.0874487639189
27.070969601 1002.0883512109303
27.095121158 1002.0895998369419
27.095863141 1002.089599836942
27.096790428 1002.0929691198423
27.09700571 1002.1140616481656
27.108057907 1002.115655915417
28.839541649 1002.1156559154172
30.537397034 1002.1162180598848
30.537596223 1002.2179406039039
30.538429752 1002.217940603904
30.538769562 1002.400902868802
30.539107856 1002.502566262303
30.539474933 1002.5034687093145
30.562133616 1002.5047173353261
30.562842532 1002.5047173353262
30.564443702 1002.5080866182265
30.56465703 1002.5291791465497
32.817249535 1002.5291791465498
33.910588067 1002.5297412910173
33.910779371 1002.6314638350365
33.913302008 1002.6314638350366
33.913619211 1002.8144260999345
33.913959423 1002.9160894934356
33.914298991 1002.916991940447
33.937027801 1002.9182405664586
33.937715583 1002.9182405664587
34.312867878 1002.9182405664588
36.417958965 1002.918240566459
37.192139761 1002.9188027109265
37.19232666 1003.0205252549457
37.193398988 1003.2034875198436
37.193739074 1003.3051509133447
37.194093695 1003.3060533603561
37.217504768 1003.307301986368
40.395763066 1003.3078641308355
40.395949048 1003.4095866748547
40.396962306 1003.5925489397526
40.397611235 1003.6951147802652
40.44191514 1003.6951147802653
43.484073568 1003.695676924733
43.484255657 1003.7973994687521
43.485246177 1003.9803617336502
43.494242217 1004.0072846908447
43.497657332 1004.0350083283826
43.508353978 1004.0776061892761
46.443717542 1004.0776061892763
46.508193615 1004.0781683337439
46.508376893 1004.179890877763
46.509149393 1004.1798908777631
46.510688539 1004.3478198477646
46.514299143 1004.3628531426609
46.51855679 1004.3897760998555
46.521916632 1004.4174997373934
49.468645595 1004.418061881861
49.469191209 1004.4385801482896
49.469342901 1004.4773579142519
49.469549298 1004.5197844258802
49.471051025 1004.6877133958819
49.474525404 1004.7027466907782
49.478665375 1004.7296696479727
49.493981461 1004.7479518984599
49.494322445 1004.7573932855106
52.453781069 1004.7579554299782
52.454322535 1004.7784736964068
52.454496766 1004.8172514623692
52.454875506 1004.8295622829603
52.454916172 1004.8480798182026
52.454940919 1005.0426402388954
52.463309038 1005.0695631960898
52.481289734 1005.0695631960899
55.268098167 1005.0701253405576
55.268657331 1005.0906436069861
55.268817655 1005.1294213729485
55.270285174 1005.160048863166
55.270370185 1005.1634239296652
55.2704425 1005.1648123106925
55.270496523 1005.3397768545785
55.273864512 1005.3548101494747
55.29603224 1005.3708925584351
57.995107647 1005.3714547029027
57.995636176 1005.3919729693313
57.995804812 1005.4307507352937
57.997225646 1005.4613782255111
57.997308835 1005.4647532920103
57.997377592 1005.4661416730376
57.997429639 1005.6411062169236
58.000738056 1005.6561395118199
58.265109498 1005.65613951182
60.649178411 1005.6567016562876
60.649725521 1005.6772199227163
60.649894667 1005.7159976886787
60.651275353 1005.7466251788961
60.651356859 1005.7500002453952
60.651424099 1005.7513886264225
60.651476096 1005.9263531703085
60.652193484 1005.9263531703086
63.126381765 1005.9474335812048
63.126594237 1005.9862113471672
63.130482742 1006.0336187355415
63.130981894 1006.1245074775906
63.13165328 1006.1372572272659
63.133209881 1006.1441642580371
63.147475984 1006.1804067896712
63.159922572 1006.196566828797
63.653237533 1006.1965668287971
65.536837408 1006.2176472396933
65.537049368 1006.2564250056557
65.539348935 1006.2613351222509
65.539406434 1006.291196966843
65.539485637 1006.3947211360789
65.54016564 1006.394721136079
65.541798913 1006.4143779165257
65.561434272 1006.4506204481597
66.59098499 1006.4506204481598
67.858299053 1006.4717008590559
67.858477933 1006.5104786250183
67.860669182 1006.5153887416135
67.860722781 1006.5452505862056
67.860799508 1006.6487747554415
67.861432625 1006.6487747554417
67.862990052 1006.6684315358883
67.883697444 1006.6712418068863
68.012878207 1006.6712418068864
68.108983697 1006.6712418068865
69.750002349 1006.6712418068867
70.116604411 1006.6923222177826
70.118969229 1006.7360101003402
70.119025245 1006.7658719449324
70.119098401 1006.8693961141684
70.119717542 1006.8693961141685
70.126927545 1006.8850695328246
70.12743236 1006.8850695328248
70.283306213 1006.8850695328249
71.939247051 1006.885069532825
72.28382118 1006.906149943721
72.286072684 1006.9498378262788
72.286128695 1006.9796996708708
72.286284541 1006.9807604927014
72.286469173 1007.0640942626476
72.286709468 1007.0794591711744
72.28687675 1007.0832238401068
72.305365326 1007.098897258763
72.324514479 1007.0988972587631
72.374513724 1007.0988972587633
74.414889836 1007.1199776696593
74.41713356 1007.1636655522169
74.417187321 1007.1935273968091
74.417343386 1007.1945882186395
74.417757876 1007.2023759992705
74.417784651 1007.2932868971128
75.802868603 1007.2932868971129
76.452380437 1007.3143673080089
76.455588622 1007.3369021094614
76.456401909 1007.375375799828
76.456454754 1007.4643578876004
77.794822467 1007.4643578876005
78.448405676 1007.4854382984967
78.451958747 1007.507973099949
78.453144387 1007.5620101498827
78.453605227 1007.6343434951091
79.759740419 1007.6343434951092
80.362083833 1007.6554239060051
80.364173126 1007.728973633155
80.3643209 1007.7300344549856
80.364706704 1007.7378222356164
80.371991643 1007.7561485966571
80.375669425 1007.7754793807028
80.38341379 1007.7754793807029
81.618501929 1007.775479380703
82.209340301 1007.7965597915992
82.211411757 1007.870109518749
82.211555428 1007.8711703405794
82.211929431 1007.8789581212104
82.218942662 1007.8972844822509
82.235599841 1007.897284482251
83.456195775 1007.8972844822512
84.033588743 1007.9183648931473
84.035613239 1007.9919146202969
84.03576271 1007.9929754421275
84.0361589 1008.0007632227586
84.045267916 1008.0190895837991
84.134045049 1008.0190895837992
85.763395579 1008.0401699946954
85.76531554499999 1008.1137197218452
85.76544109 1008.1147805436758
85.765804776 1008.1225683243066
85.779738419 1008.1362776650524
85.784525381 1008.1362776650525
86.704834796 1008.1362776650526
87.414954614 1008.1573580759488
87.41692754 1008.2309078030986
87.417056527 1008.2319686249292
87.417418128 1008.23975640556
87.43206442 1008.2399123896888
87.435372962 1008.2467318579362
88.151230393 1008.2467318579363
89.025889542 1008.2678122688324
89.029886832 1008.3443841202184
89.030406815 1008.3443841202186
89.043475144 1008.3503665825724
89.06523901 1008.3503665825725
89.862305628 1008.3503665825726
90.582181664 1008.4449967206186
90.582318569 1008.446057542449
90.582666643 1008.45384532308
90.669018255 1008.4538453230801
92.067034756 1008.4593997138976
92.068714607 1008.4607147182579
92.068801196 1008.4688213886592
92.0692749 1008.4688213886593
92.069975299 1008.4722401389018
92.070022234 1008.5514975853624
93.493417901 1008.5570519761799
93.494252962 1008.5570519761801
93.494865697 1008.5583669805402
93.494950208 1008.5664736509417
93.498867966 1008.5866155320995
93.499234729 1008.5866155320996
93.499330812 1008.6163859829313
93.503234387 1008.6486174977971
94.860702032 1008.6541718886145
94.861524796 1008.6541718886148
94.862131357 1008.6554868929749
94.862216621 1008.6635935633764
94.865844304 1008.6837354445341
94.866205932 1008.6837354445342
94.866310614 1008.713505895366
94.870577437 1008.7140898389217
96.180562592 1008.7196442297391
96.181416047 1008.7209592340993
96.181500173 1008.7290659045008
96.181562754 1008.9117821762496
96.190201549 1008.9117821762497
97.442231431 1008.9173365670674
97.44353498 1008.9186515714275
97.443618216 1008.926758241829
97.447047692 1008.9469001229868
97.447382907 1008.9469001229869
97.44774545 1008.9690099176041
98.655037999 1008.9745643084215
98.65587634 1008.9758793127817
98.657097913 1008.9839859831832
98.657541886 1008.9839859831833
98.660821708 1009.0041278643412
98.794359693 1009.0041278643413
99.822662442 1009.009682255159
99.823888899 1009.0109972595191
99.823964496 1009.0191039299206
99.827113314 1009.0392458110783
99.836373019 1009.0396815040855
