0.000365088 998.2209121433185
0.000461328 998.457748345305
0.000511915 998.50550546686
0.000637225 998.5812057193783
0.00076114 998.6252455471907
0.000921018 998.6772023894008
0.001169304 998.8209442314843
0.015791794 999.0487681055562
0.079256626 999.065133953599
0.079432118 999.2088757956825
0.090941732 999.4366996697544
0.157745239 999.4366996697545
0.273817107 999.4389711017125
0.394879565 999.4389711017126
0.515784507 999.4404192598336
0.521975554 999.4404192598338
0.756870809 999.4421934862254
0.878279477 999.443815354771
0.939024923 999.4438153547711
1.059333124 999.4438153547712
1.124868541 999.4440842705584
1.300899291 999.4549081991186
1.533217281 999.4600380041544
1.539152497 999.4600380041546
1.654862542 999.4616863250006
1.8353954 999.4701846862057
1.841468095 999.4701846862059
1.95347783 999.480634261222
1.959616032 999.4806342612222
2.07275998 999.4807634995328
2.07893843 999.480763499533
2.193092797 999.4833737097291
2.312034719 999.4851228512872
2.3723128190000002 999.4851228512873
2.432729942 999.4903401929498
2.551886677 999.4903401929499
2.669397581 999.5008862441279
2.675465478 999.5008862441281
2.787455752 999.50331532809
2.846567188 999.5074404924741
2.964295951 999.52188086649
3.141365678 999.5218808664902
3.199938753 999.5322212072537
3.205771023 999.5322212072539
3.319977826 999.5323726989687
3.440475616 999.5335732153759
3.504638568 999.549616040662
3.616349918 999.5510170023639
3.676098089 999.5525729155748
3.736741089 999.5538287392799
3.742610547 999.5538287392801
3.797671557 999.5696222213595
3.915795132 999.5861497026801
3.975801673 999.5861497026802
4.034621945 999.735264366546
4.267269207 999.7513065737807
4.267378597 999.7953464015931
4.267727806 999.925798079638
4.278875155 1000.2188689599585
4.401078664 1000.2200694763657
5.326806651 1000.2375132633537
5.786776564 1000.2390691765646
6.237960935 1000.2403250002696
6.360431253 1000.2403250002699
7.165094321 1000.27264596367
8.300850693 1000.3155459771041
8.300902743 1000.3633030986592
8.301063815 1000.48304317899
8.30118524 1000.5350000212001
8.301374325 1000.6787418632836
8.325548726 1000.703674069778
8.328855574 1000.7251301100894
8.890541763 1000.7425738970774
9.565636347 1000.7441298102883
10.246232749 1000.7777065973937
10.598231481 1000.7777065973938
12.231108634 1000.8517270578211
12.231159569 1000.899484179376
12.231318145 1001.0192242597068
12.231665884 1001.1496759377517
12.256326123000001 1001.1512978062974
12.257200833 1001.2293633180163
12.25850175 1001.23970365878
12.258866172 1001.2613111908062
12.81191592 1001.2613111908063
16.078427087 1001.3567876915448
16.07849279 1001.4045448130997
16.078675094 1001.5242848934305
16.079039844 1001.6547365714754
16.103906454 1001.6563584400211
16.105456528 1001.6563584400212
19.81103513 1001.7518349407596
19.811087605 1001.7995920623146
19.811254058 1001.9193321426453
19.811590275 1002.0497838206902
19.837504565 1002.051405689236
23.008584129 1002.0514056892362
23.456990654 1002.1468821899746
23.457048068 1002.1946393115295
23.457213552 1002.3143793918603
23.457573881 1002.4448310699051
23.56066391 1002.4448310699053
26.991016497 1002.4968883512864
26.991154795 1002.4980794816596
26.991202969 1002.5036276713203
26.991832893 1002.5707742784051
26.992412664 1002.7445910262571
26.995849753999998 1002.7676748105474
26.999007086 1002.8164242330362
27.005386293 1002.8317723076578
27.009693847 1002.8317723076581
30.45380607 1002.883829589039
30.453945178 1002.8850207194124
30.453993153 1002.8905689090731
30.454643094 1002.9577155161577
30.455216633 1003.1315322640097
30.458615314 1003.1546160483002
30.461718189 1003.2033654707888
30.467986744 1003.2187135454107
33.849076487 1003.2707708267918
33.849216839 1003.271961957165
33.849267343 1003.2775101468256
33.849879768 1003.3446567539103
33.850476366 1003.5184735017625
33.853794866 1003.5415572860528
33.856824805 1003.5903067085416
33.871488988 1003.600178625198
37.111466035 1003.6956551259365
37.111520042 1003.7434122474914
37.111682015 1003.8631523278221
37.112087623 1003.891745736424
37.113209409 1003.8999385815497
37.127254772 1003.9380990698847
37.148522205 1003.9450438374195
37.152749758 1003.9453619338349
40.297119006 1004.0408384345735
40.297177952 1004.0885955561284
40.297346004 1004.2083356364592
40.297765011 1004.2369290450611
40.298910281 1004.2451218901867
40.312692989 1004.2832823785218
40.490901914 1004.2832823785219
43.39995164 1004.335339659903
43.400105513 1004.3365307902761
43.400743064 1004.4092255870216
43.401332733 1004.5830423348737
43.415562317 1004.6212028232086
46.686544883 1004.716679323947
46.68660916 1004.7644364455019
46.686966994 1004.7915647751942
46.687179516 1004.9127699344346
46.688263211 1004.9209627795602
46.707727038 1004.9256798057828
46.716784128 1004.9298299551727
46.717156451 1004.9328247826021
46.720146362 1004.9478468424116
49.624499388 1004.9999041237928
49.625197544 1005.0737900509115
49.626750206 1005.1125052365002
49.627997097 1005.1353124962044
49.63086385 1005.2416208130397
49.652681276 1005.2523238249861
49.654248111 1005.2564739743758
49.65797567 1005.2731316654557
52.80749943 1005.3686081661941
52.807556679 1005.416365287749
52.807915339 1005.4434936174413
52.808194334 1005.5167391773042
52.808295116 1005.5564069344751
52.813962357 1005.5669056360836
52.827859107 1005.5776086480299
52.836547363 1005.5817587974199
55.817465005 1005.633816078801
55.818131693 1005.7077020059197
55.819584062 1005.7464171915084
55.823027845 1005.7643862149674
55.823535355 1005.875532768048
58.823455245 1005.9275900494291
58.824120064 1006.0014759765476
58.826778818 1006.0401911621362
58.830100749 1006.0581601855953
58.835076935000004 1006.0666198218051
58.836105601 1006.1585459547347
59.924942264 1006.1585459547349
61.681937009 1006.2540224554731
61.681988514 1006.3017795770282
61.6823383 1006.3289079067202
61.682609874 1006.4021534665834
61.708048068 1006.4148302772891
64.454430621 1006.5407734857887
64.457941371 1006.5580638995824
64.461940184 1006.5660042817668
64.463610639 1006.5974576948364
64.463914549 1006.605917331046
64.464480866 1006.6059173310463
64.468875874 1006.6245006448638
64.475686365 1006.624500644864
64.480405504 1006.6452827539116
64.483457248 1006.6584377891376
65.485233078 1006.6584377891378
67.095114682 1006.7843809976374
67.098987222 1006.7992815212559
67.104050737 1006.8410652066851
67.104343931 1006.8495248428948
67.104882009 1006.849524842895
67.109273605 1006.8681081567125
67.116040741 1006.8681081567128
67.121300347 1006.8888902657603
69.44731221 1007.01483347426
69.451154148 1007.0297339978785
69.451715613 1007.0297339978787
69.456160871 1007.0715176833077
69.456480312 1007.0799773195173
69.458565528 1007.0799773195175
69.462774168 1007.0985606333351
69.469271264 1007.0985606333353
70.313379417 1007.0985606333354
71.697676587 1007.2245038418349
71.701282608 1007.2394043654537
71.706041187 1007.2811880508826
71.706830579 1007.2896476870923
71.72694635 1007.2896476870925
71.727566079 1007.3082310009102
71.913198056 1007.3082310009104
73.858054388 1007.4341742094098
73.861686859 1007.4490747330283
73.86223051 1007.4490747330285
73.866296105 1007.4908584184575
73.976139934 1007.4908584184577
75.935821318 1007.6168016269573
75.939436389 1007.6317021505758
75.960948275 1007.6378953489236
76.0914395 1007.6378953489238
77.952283036 1007.7638385574235
77.955872255 1007.7787390810422
79.904270216 1007.9046822895418
79.907658456 1007.9195828131606
81.779652863 1008.0455260216602
81.790693104 1008.0525352392663
81.796931979 1008.057335914033
82.69416553 1008.0573359140332
82.797705543 1008.0573359140333
83.629870067 1008.1832791225329
83.640847003 1008.1902883401387
83.642498121 1008.190288340139
85.202907902 1008.1902883401391
85.424564964 1008.3162315486386
85.437325192 1008.3232407662447
86.123061804 1008.3232407662449
87.143244177 1008.4491839747445
87.160610122 1008.4556443569907
87.490587741 1008.4556443569909
88.799020883 1008.5815875654904
88.845271575 1008.5815875654905
90.394650742 1008.6153258464951
90.395179196 1008.7058189546339
90.397194304 1008.7075307739904
91.91933267900001 1008.7412690549947
91.919772327 1008.8317621631335
92.379339422 1008.8317621631337
93.374390289 1008.8655004441381
93.374805272 1008.8655004441382
93.374899685 1008.9196176690374
93.378008581 1008.9220805291478
93.378965288 1008.9495897711282
93.379322917 1008.9495897711283
93.441672686 1008.9495897711284
94.781859436 1008.9796704367493
94.781918099 1009.037445277032
94.785054906 1009.0399081371424
94.786003849 1009.0674173791228
95.206505894 1009.0674173791231
96.177147833 1009.097498044744
96.177217256 1009.1552728850265
96.180287354 1009.157735745137
96.500371405 1009.1577357451372
97.511851947 1009.1914740261416
97.512343089 1009.2455912510407
97.853557985 1009.2455912510409
98.761541952 1009.2793295320453
98.761930037 1009.2793295320454
98.764451844 1009.2800051325339
98.764693167 1009.2911908275732
98.764749544 1009.3058755640709
98.768680443 1009.3261604944912
98.773316555 1009.3317840790316
98.773625061 1009.3317840790318
99.970050084 1009.3661979605248
99.970308626 1009.3773836555641
99.970370862 1009.392068392062
99.974450933 1009.4123533224821
99.981009991 1009.4179769070224
