0.000367029 1000.2733265465612
0.00057919 1000.2781362538275
0.000651815 1000.5030781508168
0.00254858 1000.6059343470534
0.019822213 1000.6459912780364
0.025406949 1000.6732082864493
0.025748624 1000.6803996922619
0.02625829 1000.7260013009662
0.079049725 1000.9166991061023
0.080407636 1001.019555302339
0.094230179 1001.0596122333219
0.098610529 1001.0868292417348
0.098885408 1001.0940206475472
0.099280994 1001.1396222562518
0.766604336 1001.1601694729587
1.250494706 1001.1688134021816
1.3106552 1001.1688134021819
1.491484169 1001.1856714272895
2.680374595 1001.2209440721798
2.740611269 1001.22094407218
3.15436638 1001.2479314764515
3.625062884 1001.2589335148845
3.625324565 1001.266124920697
3.878397746 1001.2861505232974
3.891328545 1001.2933419291097
3.923601354 1001.2933419291099
4.265745684 1001.3203568405912
4.265791527 1001.385813726571
4.265816969 1001.397106377042
4.265882307 1001.4367467881278
4.2659346639999995 1001.6616886851172
4.269683277 1001.6785467102249
4.278730592 1001.7138193551151
4.278972927 1001.7408067593868
4.555132979 1001.740806759387
4.630052958 1001.7428742476653
5.094216153 1001.7479981651994
5.561245432 1001.7536466819571
5.794995544 1001.769861651937
6.26089072 1001.78086369037
7.1908645700000005 1001.7880550961826
7.882340648 1001.7882847003235
7.882593712 1001.8152721045952
8.33338147 1002.0011155931423
8.333499433 1002.0059253004089
8.333582328 1002.0574263274465
8.333609127 1002.1017976958909
8.333728021 1002.1391297375313
8.333994678 1002.2016760514679
8.334421634 1002.230867197398
8.33720874 1002.2477252225059
8.35002609 1002.2829978673959
8.388019515 1002.2829978673961
8.388263577 1002.3099852716679
9.593877487 1002.3102148758088
9.671548812 1002.310214875809
12.29040872 1002.5230457686279
12.290536675 1002.5278554758942
12.290618906 1002.579356502932
12.290646178 1002.6237278713762
12.290766095 1002.6610599130169
12.29103088 1002.7236062269534
12.294192271 1002.7696553979912
12.294986401 1002.7696553979914
12.625898042 1002.7698850021324
16.122144435 1002.9829454990924
16.122275357 1002.9877552063587
16.122360898 1003.0392562333965
16.122444406 1003.0482031877804
16.122485239 1003.082193869562
16.122510329 1003.1209596434813
16.122800544 1003.1835059574179
16.17109958 1003.2295551284557
16.184649138 1003.2295551284559
19.869931162 1003.4426156254154
19.870039321 1003.447425332682
19.870120683 1003.4989263597198
19.870212839 1003.5078733141037
19.870251287 1003.5418639958851
19.870275544 1003.5806297698047
19.870538232 1003.643176083741
19.906435375 1003.6431760837412
20.429168053 1003.6431760837414
23.514645605 1003.856236580701
23.514763595 1003.8610462879675
23.514846093 1003.9125473150053
23.514930184 1003.9214942693892
23.514970065 1003.9554849511707
23.514995209 1003.99425072509
23.515827137 1003.9942507250901
23.516390819 1003.9947865533474
23.519911276 1004.0014371397909
23.534195412 1004.0028104444276
23.534935712 1004.0028104444277
23.535565453 1004.0098346259534
23.542557234 1004.0135728482597
23.543314826 1004.0135728482599
23.594781915 1004.01357284826
23.595510064 1004.0135728482601
25.160349255 1004.0135728482602
27.078200958 1004.2266333452197
27.078325815 1004.2314430524863
27.078408527 1004.2829440795241
27.078486989 1004.291891033908
27.078526138 1004.3258817156894
27.078550089 1004.364647489609
27.079835234 1004.3651833178661
27.083188914 1004.3718339043097
27.098068351 1004.3732072089464
27.099395986 1004.380231390472
27.106142754 1004.3839696127785
27.256704348 1004.3839696127786
28.844413298 1004.3839696127789
30.550031561 1004.5970301097385
30.550154824 1004.601839817005
30.550240974 1004.6533408440426
30.550268018 1004.6977122124871
30.550388877 1004.7350442541275
30.551184112 1004.7350442541276
30.555087917 1004.7422306688285
30.564855205 1004.7470700717637
30.571930183 1004.7506281549905
30.592470474 1004.7506281549906
31.262935615 1004.7506281549907
33.559596233 1004.7506281549909
33.752343161 1004.750628154991
33.905349477 1004.9636886519506
33.905464451 1004.9684983592172
33.905546022 1005.0199993862548
33.905625326 1005.0289463406386
33.905665006 1005.0629370224203
33.90569716 1005.1017027963396
33.910237954 1005.1088892110404
33.924754454 1005.110262515677
33.926246298 1005.1102625156773
33.939039401 1005.1137286139758
34.595978352 1005.1137286139759
37.174150096 1005.3267891109356
37.174277488 1005.3315988182021
37.174360404 1005.3830998452399
37.174458613 1005.3920467996238
37.174499143 1005.4260374814053
37.174577057 1005.453316861385
37.175292727 1005.4648032553247
37.179130369 1005.4719896700256
37.194942166 1005.4733629746621
37.240095561 1005.4733629746622
37.285592371999996 1005.4733629746623
37.603477338 1005.4733629746625
40.367763139 1005.6864234716223
40.367892683 1005.6912331788889
40.367975824 1005.7427342059267
40.368056966 1005.7516811603103
40.368097563 1005.785671842092
40.368184807 1005.8129512220718
40.368941904 1005.8129512220719
40.37266623 1005.8316240307123
43.604620023 1005.8499710534733
43.604684053 1005.9172853928179
43.605694483 1005.9315562984731
43.605860851 1006.0375593155501
43.606475719 1006.0446845276721
43.607448676 1006.0456601563739
43.608989082 1006.1132818513976
43.609690336 1006.1132818513978
43.617200778 1006.1357318512722
43.624156925 1006.1439328981418
43.627770096 1006.1712122781215
43.645418716 1006.1712122781216
44.810817374 1006.1712122781217
45.214752347 1006.1712122781219
46.712789069 1006.2375316747305
46.714185736 1006.2711445458824
46.714347055 1006.3771475629594
46.715175426 1006.3771475629595
46.715976155 1006.3852484037832
46.721247853 1006.3990750445712
46.721998736 1006.4355553461342
46.722660208 1006.4355553461344
46.725278261 1006.4528700988074
46.725587363 1006.4753200986816
46.726287611000004 1006.4753200986818
48.472852841 1006.4753200986819
49.751690552 1006.4936671214427
49.751738252 1006.5609814607874
49.752753211 1006.5752523664426
49.752923003 1006.6812553835196
49.754441929 1006.6893562243433
49.759753376 1006.7031828651313
49.760476295 1006.7396631666943
49.763501167 1006.756977919367
49.76382115 1006.7794279192417
50.374696039 1006.7794279192419
52.562380888 1006.8039588172549
52.563318939 1006.8793601870027
52.563458757 1006.9853632040797
52.565010797 1006.9934640449035
52.570145987 1007.0072906856915
52.57380927 1007.0610857399272
52.637074275 1007.0610857399274
55.278519488 1007.0856166379406
55.279392016 1007.1610180076882
55.279525442 1007.2670210247652
55.281021526 1007.275121865589
55.286228388 1007.288948506377
55.299143008 1007.3340295523557
57.882678917 1007.3523765751166
57.882994316 1007.4339618201165
57.883151636 1007.5399648371937
57.884602848 1007.5480656780172
57.889674256 1007.5618923188055
57.911927877 1007.6060317622881
60.409034785 1007.630562660301
60.409932327 1007.7059640300489
60.411099912 1007.8119670471259
60.412544378 1007.8200678879497
60.417310843 1007.8338945287377
60.977081938 1007.8338945287378
62.87584662 1007.8522415514989
62.876743939 1007.9338267964985
62.876897696 1008.0398298135757
62.878312433 1008.0479306543992
62.883933602 1008.053324563169
62.909785652 1008.0617572951874
65.258255205 1008.0862881932003
65.259130114 1008.1616895629481
65.259268394 1008.2676925800251
65.259979223 1008.2676925800253
65.260741181 1008.2757934208489
65.265969526 1008.2811873296184
65.371699558 1008.2811873296187
65.766794327 1008.2811873296189
67.568261131 1008.3057182276318
67.568465064 1008.3811195973797
67.568623913 1008.4871226144567
67.570002385 1008.4952234552804
67.579545702 1008.4994039621981
67.581406888 1008.50061736405
69.787607522 1008.5251482620629
69.787813024 1008.6005496318107
69.787955664 1008.7065526488877
69.788624541 1008.7065526488879
69.789326122 1008.7146534897115
69.798921922 1008.7156450539721
69.830052434 1008.7156450539724
71.938048123 1008.7339920767333
71.938289426 1008.8155773217331
71.93847586 1008.8237986781987
71.939096893 1008.9215803388104
71.93977478 1008.9296811796339
71.963254007 1008.9296811796341
74.013480954 1009.0296134473949
74.013722552 1009.0378348038605
74.014348648 1009.135616464472
74.446412852 1009.1356164644722
76.027463963 1009.1539634872332
76.028270334 1009.2355487322329
76.02847286 1009.2437700886984
76.02929268 1009.299977346546
76.029605098 1009.341278834619
76.041247875 1009.3414410902557
77.848323859 1009.3414410902558
77.99161967 1009.4413733580164
77.991806658 1009.449594714482
77.992678201 1009.5058019723297
77.993001922 1009.5471034604025
78.03989927 1009.5471034604026
79.868889859 1009.6470357281634
79.869096772 1009.6552570846289
79.874237065 1009.6687669326403
79.875518013 1009.6890384265964
79.882343696 1009.7308975276999
80.889829287 1009.7308975277
81.713255052 1009.7662819297046
81.713558877 1009.8525609999377
81.714847173 1009.8728324938938
81.843854815 1009.872832493894
83.521835611 1009.9082168958985
83.522118781 1009.9944959661316
83.535754152 1010.014658634246
84.832696556 1010.0146586342461
85.24138598 1010.0500430362507
85.241667255 1010.1363221064838
86.929230066 1010.154669129245
86.930115955 1010.2444757307102
88.538935208 1010.2754194843351
88.542679919 1010.3007879313137
88.54589604 1010.3326816535438
88.5490453 1010.3347315577648
88.55492656 1010.3413721613637
88.555466321 1010.3419360630148
90.070743938 1010.3728798166397
90.074897868 1010.3982482636184
90.078030045 1010.4301419858483
90.081070956 1010.4321918900694
90.087214561 1010.4388324936682
90.298505934 1010.4388324936683
91.540324002 1010.4697762472932
91.543969762 1010.4951446942719
91.547022415 1010.5270384165018
91.550046319 1010.5290883207228
91.751942182 1010.529088320723
92.948096564 1010.5350450128434
92.949402205 1010.5429312576088
92.951260916 1010.5473092361682
92.95222525 1010.5474353434839
92.95245756 1010.5854005213264
92.96125827 1010.5923536577804
93.054449133 1010.5923536577806
94.326034196 1010.6232974114054
94.337895455 1010.6287061616466
94.33856067400001 1010.6424894796045
94.810450274 1010.6424894796046
95.675210341 1010.6734332332295
96.168617143 1010.6734332332296
96.940395527 1010.6916541486747
96.941263404 1010.6917802559906
97.114826538 1010.6917802559907
98.145525423 1010.710001171436
98.671214201 1010.7100011714361
99.301470858 1010.7159578635566
99.365357813 1010.7159578635567
100.261625733 1010.7159578635568
