0.000360918 999.6825835874265
0.000463132 999.9514692647715
0.000629374 1000.0760447962646
0.001169959 1000.1944485281546
0.005470354 1000.2068680821757
0.012625431 1000.2260588647551
0.01734892 1000.3240990153588
0.050116298 1000.3240990153589
0.078483128 1000.4063392905763
0.078849593 1000.5247430224663
0.082201477 1000.5371625764874
0.088018309 1000.5563533590669
0.091725572 1000.6543935096705
0.117327484 1000.6543935096706
0.152018608 1000.6585802010434
0.211594798 1000.6634068075423
0.297610088 1000.6634068075424
0.454828729 1000.6752984953831
0.696573826 1000.6766227160833
0.722707214 1000.6766227160834
0.817321167 1000.6798205784952
0.992482368 1000.7020605498936
1.23165075 1000.7031279047956
1.758900063 1000.7156429652539
2.002953585 1000.7189936396124
2.027427184 1000.7189936396126
2.2410461489999998 1000.7353408127918
2.325233789 1000.735340812792
2.874728209 1000.754950747057
2.900922511 1000.7549507470571
3.227893297 1000.7655687682897
3.546123297 1000.784759550869
3.725439237 1000.7847595508691
4.217997768 1000.9252386275061
4.218134342 1001.0498141589992
4.21866556 1001.094889255116
4.220904808 1001.1171292265144
4.22185259 1001.1806374449104
4.23134337 1001.1998282274899
4.855110314 1001.19982822749
5.045594942 1001.2079300931372
5.975448385 1001.2156112825674
6.889475767 1001.2262293037998
6.952350291 1001.2262293037999
8.2706937 1001.4016822180938
8.270843935 1001.526257749587
8.271390028 1001.5713328457038
8.27432052 1001.5935728171021
8.274521784 1001.6570810354981
8.285994191 1001.6570810354982
8.613729579 1001.6676990567305
9.193759269 1001.6676990567306
12.225238855 1001.8431519710247
12.225384656 1001.9677275025177
12.225947775 1002.0128025986345
12.228825642 1002.0350425700328
12.229784826 1002.0985507884288
16.057849621 1002.2846217239554
16.058008375 1002.4091972554484
16.058555041 1002.454272351565
16.060746158 1002.4765123229635
16.062891143 1002.5097925858618
16.108049079 1002.5097925858619
19.810751633 1002.6958635213884
19.810917973 1002.8204390528815
19.811462561 1002.8655141489982
19.814294429 1002.8877541203966
19.816409591 1002.9210343832949
23.47264648 1003.1071053188213
23.472785317 1003.2316808503143
23.473329682 1003.276755946431
23.476120989 1003.2989959178294
23.483317374 1003.3125783331898
24.095649203 1003.3125783331899
27.034660404 1003.4986492687163
27.034795998 1003.6232248002094
27.035286608 1003.6682998963262
27.038079765 1003.6905398677246
27.04536429 1003.7041222830849
30.487769232 1003.8901932186113
30.487974587 1003.8977787238442
30.488003015 1003.9489380390245
30.488094111 1003.96030085515
30.48822218 1003.9658242748962
30.488451121 1003.9751560634203
30.48847851 1004.059843846221
30.491138987 1004.0820838176195
30.676456082 1004.0820838176196
33.857263777 1004.2529557944767
33.857355824 1004.2534849413947
33.857410256 1004.275740258379
33.857435184 1004.3268995735593
33.857513823 1004.3382623896848
33.857633117 1004.3437858094311
33.857891032 1004.3531175979551
33.857921474 1004.4378053807559
37.116553152 1004.4836618068407
37.116686459 1004.5564738496378
37.116762367 1004.6588153484972
37.116988587 1004.6872022077097
37.127599522 1004.7543585400155
37.131243009 1004.7771131729393
37.13455987 1004.7771131729394
37.138246087 1004.7903290814804
40.29428896 1004.8361855075652
40.294424907 1004.9089975503623
40.294496061 1005.0113390492218
40.294727167 1005.0397259084342
40.30508831 1005.10688224074
40.308574981 1005.1296368736638
40.336986861 1005.1296368736639
43.387359143 1005.3157078091905
43.387561414 1005.3232933144234
43.387591465 1005.3744526296036
43.387673946 1005.3858154457291
43.387815523 1005.3913388654754
43.388050375 1005.4006706539993
43.399026958 1005.4461900329235
43.403142853 1005.4689446658474
46.390897570999996 1005.6398166427043
46.390989314 1005.6403457896223
46.391038815 1005.6626011066066
46.391063117 1005.7137604217869
46.391152186 1005.7152595490213
46.391218143 1005.7237542635444
46.391267679 1005.7306466576587
46.391507088 1005.7399784461827
46.401394154 1005.7854978251069
46.408439846 1005.8034258515316
46.785369821 1005.8034258515318
48.948274151 1005.8034258515319
49.307428708 1005.9220943204135
49.307531259 1006.024435819273
49.307792137 1006.0528226784854
49.316803177 1006.1199790107912
49.330657139 1006.1280352731117
49.332602354 1006.1337203458432
49.343077274 1006.1337203458434
49.873976601 1006.1337203458435
51.868349025 1006.1337203458436
52.159307028 1006.3045923227006
52.159388008 1006.3051214696186
52.159439706 1006.3273767866028
52.159463965 1006.3785361017832
52.159628666 1006.395422337655
52.15988563 1006.4047541261789
52.169260794 1006.450273505103
52.181883619 1006.4583297674235
52.191073513 1006.4583297674236
54.62737988 1006.4583297674237
54.912362408999996 1006.5769982363055
54.912447012 1006.6793397351651
54.912657033 1006.7077265943775
54.921998541 1006.7748829266833
54.936825239 1006.7773791981335
54.940800699 1006.7802474691721
57.347851495 1006.7802474691722
57.629786486 1006.9663184046985
57.629943317 1006.9739039099314
57.629971885 1007.0250632251117
57.630097592 1007.0350570668692
57.630151081 1007.0419494609835
57.639654235 1007.0968006284317
57.663876218 1007.0992968998819
57.884778043 1007.099296899882
60.108732291 1007.0992968998821
60.234162188 1007.2853678354085
60.234317787 1007.2929533406414
60.234346063 1007.3441126558216
60.23446931 1007.3541064975791
60.234519879 1007.3609988916934
60.243722235 1007.4158500591416
61.107024047 1007.4158500591417
62.738917152 1007.4158500591418
62.778577307 1007.5345185280236
62.778662991 1007.636860026883
62.782389543 1007.6475434864334
62.787696773 1007.7324032184013
63.159900614 1007.7324032184014
65.310435021 1007.9184741539278
65.310625989 1007.9260596591607
65.310655804 1007.977218974341
65.3107753 1007.9872128160985
65.310826584 1007.9941052102128
65.329210347 1008.0421531251893
65.338532554 1008.0424437554523
67.225031968 1008.0424437554524
67.709111123 1008.2285146909788
67.70927641 1008.2361001962117
67.709305092 1008.287259511392
67.709466425 1008.3041457472638
69.567645745 1008.3041457472639
70.040013782 1008.4228142161456
70.040098877 1008.5251557150052
70.062555415 1008.5267930167327
70.06379628 1008.5448526940319
72.302447082 1008.6187839857438
72.303601883 1008.6635211629138
72.303668793 1008.7658626617732
72.324310007 1008.7674999635007
73.773393893 1008.7674999635008
74.584846201 1008.8414312552126
74.586011296 1008.8861684323824
74.586734925 1008.9885099312419
74.646731262 1008.988509931242
75.19652544 1008.9885099312421
76.821800644 1009.062441222954
76.823903897 1009.1126736050295
76.829185954 1009.1703718618022
76.834834963 1009.1904044597749
76.83820789 1009.1942383808952
76.848896633 1009.2095198989832
76.979621708 1009.2095198989833
78.168236835 1009.2095198989834
78.806420929 1009.2369369735316
78.806926698 1009.2826560191311
78.80888234 1009.2972850325268
78.808981312 1009.3913818295434
78.814174985 1009.4114144275162
78.817119091 1009.4152483486365
79.62098707 1009.4152483486366
80.734211512 1009.4426654231847
80.734424744 1009.539412022424
80.739515429 1009.5971102791966
80.744981447 1009.6171428771694
81.061639159 1009.6171428771695
81.87812829 1009.6171428771696
82.592892669 1009.6445599517178
82.59520338 1009.7049080107131
82.595318579 1009.7990048077297
82.603178753 1009.8034476189177
84.3948369 1009.830864693466
84.397096095 1009.8912127524612
84.397210877 1009.9853095494778
84.423117986 1009.985309549478
86.134494675 1010.0127266240262
86.13672595 1010.0730746830213
86.136888734 1010.1035194889837
86.13696247 1010.1084183542633
86.137018843 1010.1420526184032
86.13973254 1010.1537834533679
86.147027087 1010.1608228696849
86.970668964 1010.160822869685
87.780177536 1010.1882399442333
87.782477015 1010.2401202690249
87.782917391 1010.240120269025
87.785238958 1010.3292967735749
88.058939387 1010.329296773575
89.37211456 1010.3567138481234
89.374358855 1010.4085941729151
89.374791968 1010.4085941729152
89.377831978 1010.4307717355663
89.378276419 1010.4307717355664
89.380303289 1010.4602918085387
89.380663611 1010.497770677465
90.916490243 1010.5251877520133
90.91869173 1010.577068076805
90.921944704 1010.5992456394562
90.923876449 1010.6045824462548
90.924224455 1010.6219343512524
90.924873945 1010.6287657124287
90.927035063 1010.6529726759037
90.930948173 1010.6545137463903
90.982949842 1010.6545137463904
92.389259645 1010.6819308209386
92.39461157 1010.7105445996083
92.39465074 1010.7559887083816
92.395054037 1010.7559887083817
92.398364879 1010.7668367123464
92.398390694 1010.7700786735004
92.399520866 1010.785508781354
92.399580578 1010.8097157448291
93.027699754 1010.8097157448292
93.792366445 1010.8371328193774
93.797442068 1010.865746598047
93.797479752 1010.9111907068203
93.799647024 1010.9338794186167
93.801915502 1010.9407107797928
94.406488091 1010.9407107797929
95.16049629 1010.9681278543411
95.165358223 1010.9967416330107
95.165592115 1011.035476730479
95.167535826 1011.0648744535803
95.174481655 1011.0683823717675
95.844324524 1011.0683823717676
96.495612261 1011.0957994463159
96.500431038 1011.1244132249855
96.50070369 1011.1341593413671
96.502498761 1011.1925460455551
97.748990013 1011.1938934459356
97.751797898 1011.2485768987729
97.752051042 1011.2583230151544
97.75509758 1011.304869011511
97.755123687 1011.308110972665
97.757707284 1011.3081109726651
98.120169298 1011.3081109726652
98.972153147 1011.3738879422648
98.976822916 1011.3862320902905
98.977411802 1011.4204339386212
98.991516809 1011.4204339386213
