0.000364626 999.8518141481634
0.00050445 999.9461294857117
0.000576665 1000.0152985714589
0.001745696 1000.015298571459
0.002350271 1000.0235705149471
0.002386912 1000.2228002183247
0.002456549 1000.2341509752434
0.002488107 1000.4085091615925
0.003706906 1000.4085091615926
0.017539671 1000.4475954084027
0.018553404 1000.4475954084028
0.081092655 1000.5840510791403
0.081151159 1000.5954018360591
0.081179873 1000.7697600224081
0.082084402 1000.7697600224083
0.093066405 1000.8088462692183
0.09388617 1000.8088462692184
0.153848057 1000.8097004417701
0.154646978 1000.8097004417702
0.337943914 1000.8097004417704
0.39887094 1000.810338880075
0.399662754 1000.8103388800752
0.460169191 1000.812205854417
0.65214896 1000.8122058544171
0.704118249 1000.8170755688566
0.825841386 1000.8249004140253
0.826675601 1000.8249004140254
0.886183044 1000.8348288846955
0.887000862 1000.8348288846956
1.007738966 1000.8348288846958
1.128704502 1000.8362843440576
1.129488858 1000.8362843440577
1.369419003 1000.8417126643856
1.370201649 1000.8417126643857
1.618679723 1000.8454658127066
1.670936428 1000.8454658127067
1.8510435379999999 1000.8466775195133
1.85184894 1000.8466775195134
1.911754119 1000.8466775195135
1.979888571 1000.8501780397323
2.040791461 1000.8501780397324
2.150381038 1000.8501780397326
2.208672873 1000.8510251341345
2.209434371 1000.8510251341346
2.269447972 1000.8510251341347
2.328142843 1000.8521713298142
2.328968416 1000.8521713298143
2.44528605 1000.8527450556069
2.446111174 1000.852745055607
2.566859807 1000.8612075223758
2.567659876 1000.8612075223759
2.627609752 1000.861207522376
2.6856745589999997 1000.8739122968512
2.686452229 1000.8739122968514
2.864365361 1000.8739122968515
2.9237011600000002 1000.8871933905785
2.92450782 1000.8871933905787
2.984204972 1000.8871933905788
3.042125361 1000.9009276568268
3.042909483 1000.9009276568269
3.102365712 1000.900927656827
3.279484543 1000.9050763609765
3.280294473 1000.9050763609766
3.517346309 1000.9137426649991
3.518137381 1000.9137426649992
3.577251457 1000.9245256554094
3.578051558 1000.9245256554095
3.757555718 1000.9245256554096
3.8167673300000002 1000.9441045475088
3.817550463 1000.9441045475089
3.999757727 1000.944104547509
4.103648655 1000.9636119022196
4.185450049 1000.9636119022197
4.294385338 1000.98239501627
4.294531815 1001.0041707277682
4.295006564 1001.0082453122825
4.296054193 1001.065958231469
4.296325931 1001.1870054473926
4.297673915 1001.2866306887769
4.299577846 1001.3132145910644
4.302325208 1001.3296753026136
4.307458306 1001.3778579038335
4.308270679 1001.3778579038336
4.308558581 1001.4210347945155
4.318114373 1001.4210347945157
4.349777978 1001.4405421492263
4.942422077 1001.4405421492264
6.038399526 1001.4406136866149
6.039173623 1001.440613686615
6.154288792 1001.4406136866152
6.268143735 1001.4601210413257
6.737911658 1001.4601210413258
7.782710195 1001.4601210413259
8.343281178 1001.524333343488
8.344568665 1001.5326052869764
8.3445987 1001.7318349903538
8.344654703 1001.7431857472726
8.344680696 1001.9175439336218
8.357034567 1001.956630180432
8.924845565 1001.9566301804321
12.284188173 1001.9711807515577
12.284269393 1002.0403498373048
12.285118089000001 1002.0403498373049
12.285559946 1002.0486217807932
12.285592103 1002.2478514841706
12.285648429 1002.2592022410894
12.285674049 1002.4335604274386
12.28661798 1002.4335604274387
14.815594086 1002.4335604274388
16.136170651 1002.4481109985646
16.136240262 1002.5172800843118
16.138030311 1002.5749930034985
16.138296173 1002.6960402194219
16.138768532 1002.7956654608062
16.143605619 1002.8207939037317
16.144059253 1002.8387100746429
16.145132161 1002.8731584096147
16.145389958 1002.9104906744454
16.192333023 1002.9104906744456
19.852406425 1002.9250412455713
19.852510814 1002.9352631244551
19.852538693 1002.9436713499555
19.852661617 1002.9454513786367
19.852807305 1002.9683600353061
19.852929372 1002.9901357468042
19.854333835 1003.0519232505053
19.854987838 1003.0738895041537
19.855829571 1003.0738895041538
19.856301583 1003.1604352732742
19.857076354 1003.1604352732743
19.857366895 1003.1777579095057
19.857449197 1003.2193361556152
19.85752142 1003.2607905834611
19.859887559 1003.2977241507383
19.860345476 1003.3156403216497
21.134887097 1003.3156403216498
23.475459054 1003.3301908927755
23.475565428 1003.3404127716593
23.475593183 1003.3488209971597
23.475718286 1003.3506010258409
23.47587353 1003.3735096825103
23.476002092 1003.3952853940084
23.477440136 1003.4570728977095
23.478121306 1003.4790391513579
23.478955443 1003.479039151358
23.479439913 1003.5655849204784
23.480216492 1003.5655849204785
23.480508921 1003.5829075567099
23.48058892 1003.6244858028194
23.480653825 1003.6659402306653
23.487471143 1003.7147224327605
27.006520024 1003.7292730038863
27.00660765 1003.7394948827701
27.006634529 1003.7479031082705
27.006750912 1003.7496831369516
27.006894663 1003.772591793621
27.007014489 1003.7943675051192
27.009019803 1003.8781212624688
27.010277382 1003.9646670315892
27.011321553 1003.9819896678207
27.011390778 1004.0235679139302
27.011457544 1004.0650223417761
27.013712678 1004.1019559090533
30.02093919 1004.1019559090535
30.444927459 1004.1165064801792
30.445011866 1004.126728359063
30.445039105 1004.1351365845634
30.445157499 1004.1369166132445
30.445309284 1004.1598252699139
30.445433612 1004.181600981412
30.447492545 1004.2653547387616
30.44876728 1004.3519005078821
30.449820558 1004.3692231441136
30.449884435 1004.410801390223
30.4499518 1004.4522558180689
30.45703156 1004.4632067698689
30.461435412 1004.4646993807256
31.416817267 1004.4646993807257
33.789053571 1004.4792499518514
33.789158009 1004.4894718307353
33.789289579 1004.4996600849169
33.789437038 1004.5225687415863
33.789556702 1004.5443444530844
33.791496469 1004.6280982104339
33.792312569 1004.628098210434
33.792753174 1004.7146439795544
33.793514815 1004.7146439795545
33.793807133 1004.7319666157858
33.793919493 1004.8149992897413
33.800871693 1004.8259502415412
37.036347521 1004.8405008126671
37.036465279 1004.8507226915509
37.036736493 1004.8838196024018
37.03686522 1004.9055953138999
37.037620344 1004.9055953139
37.038836792 1004.9893490712495
37.040602997 1005.0128398144302
37.040662115 1005.0534648103945
37.040795953 1005.07589484037
37.041060618 1005.0932174766015
37.041174574 1005.1762501505568
37.041978524 1005.1762501505569
40.186241471 1005.2010226005666
40.186525205 1005.2341195114175
40.186648207 1005.2558952229156
40.187375608 1005.2558952229157
40.18864669 1005.3369291606089
40.189411035 1005.3396489802652
40.19041458 1005.3631397234459
40.190473433 1005.4037647194102
40.190616389 1005.4261947493857
40.192839431 1005.4435173856172
40.19508497 1005.4674248958079
40.20006562 1005.5265500595726
43.287184112 1005.5513225095823
43.287452187 1005.5844194204332
43.287568681 1005.6061951319313
43.288253795 1005.6061951319314
43.289475738 1005.6872290696245
43.290599195 1005.7764946584012
43.295758479 1005.8169839767801
43.304648231 1005.8535413058345
44.004147723 1005.8535413058346
46.297464498 1005.8783137558443
46.297853651 1005.9331863781932
46.299707589 1006.0142203158865
46.30135417 1006.0404308787234
46.301410429 1006.0810558746878
46.301534982 1006.1034859046633
46.305940453 1006.1439752230419
46.339076497 1006.1805325520966
49.272804227 1006.2053050021061
49.27317462 1006.2601776244552
49.274981176 1006.3412115621485
49.276630857 1006.3674221249854
49.276685046 1006.4080471209497
49.276812678 1006.4304771509252
49.281075049 1006.4709664693039
52.133361324 1006.4957389193136
52.13374017 1006.5506115416625
52.137440806 1006.6316454793558
52.139048223 1006.6578560421927
52.139101707 1006.6984810381571
52.139213033 1006.7209110681326
52.163625905 1006.7305351371513
52.166115094 1006.7348526313434
52.169517612 1006.7575350535913
55.047088305 1006.7823075036009
55.047459465 1006.8371801259499
55.04924004 1006.9182140636432
55.050332042 1007.00747965242
55.057426889 1007.0171037214385
55.077668085 1007.0214212156308
58.003751274 1007.0461936656404
58.004149525 1007.1010662879894
58.00589552 1007.1821002256827
58.006965253 1007.2713658144594
58.014239619 1007.2809898834779
58.050893715 1007.280989883478
58.764179171 1007.2809898834781
60.730757402 1007.3057623334876
60.731131422 1007.3606349558366
60.732811869 1007.4416688935299
60.734413369 1007.5085044523312
60.738598457 1007.5136083775254
60.758136622 1007.5185723757622
60.758592794 1007.5187287942312
61.068151526 1007.5187287942313
61.598106522 1007.5187287942314
63.401420112 1007.5435012442409
63.40183128 1007.5983738665899
63.403554112 1007.6794078042832
63.405122488 1007.7462433630844
63.409332411 1007.7513472882787
63.427921596 1007.7563112865155
63.728550421 1007.7563112865156
64.245397604 1007.7563112865157
66.073545918 1007.7810837365251
66.0739271 1007.8359563588742
66.075586437 1007.9169902965675
66.077163762 1007.9838258553688
66.100140661 1007.9850702330099
66.386505099 1007.98507023301
66.86939756 1007.9850702330101
68.622164409 1008.0098426830195
68.622520235 1008.0647153053686
68.625575189 1008.1457492430619
68.62706291800001 1008.2125848018632
68.879675283 1008.2125848018633
69.408728288 1008.2125848018634
70.935198037 1008.292229874222
70.937499072 1008.3732638119153
70.939968422 1008.3792039496161
70.951184577 1008.3825793359922
70.95152061 1008.4348159250679
71.278049983 1008.434815925068
73.138782535 1008.5144609974267
73.140966246 1008.59549493512
73.143278711 1008.6014350728208
73.157770216 1008.6465027357734
73.354298082 1008.6465027357735
74.070577822 1008.6465027357737
75.224670062 1008.7261478081323
75.227448256 1008.7305951477125
75.227942654 1008.7305951477126
75.22894684 1008.7883694618287
75.229203875 1008.8131218835264
75.245883243 1008.8417308746966
77.254945586 1008.8445538518679
77.254998327 1008.8602674005618
77.255633203 1008.9198142109065
77.258186054 1008.9835976007516
77.258469027 1009.0083500224492
77.278832272 1009.0083500224493
78.016081673 1009.0083500224495
79.24374026 1009.0111729996207
79.243779914 1009.0268865483147
79.244361864 1009.0864333586593
79.246834077 1009.1502167485045
79.247651113 1009.1592995216047
79.260587146 1009.1600887521139
79.970735874 1009.160088752114
81.161374032 1009.1786252779791
81.161883449 1009.1786252779792
81.163403096 1009.2381720883238
81.165791712 1009.301955478169
81.166599361 1009.3110382512691
81.167014004 1009.3110382512692
81.188766864 1009.3118274817784
83.009857381 1009.3303640076438
83.010457278 1009.3899108179884
83.011577253 1009.3959198937174
83.012939157 1009.4536942078336
83.013730141 1009.4627769809338
84.779113465 1009.4813135067991
84.779218959 1009.5408603171437
84.780690975 1009.5468693928727
84.781604427 1009.6046437069888
84.806913063 1009.6046437069889
86.477691563 1009.6231802328541
86.477800117 1009.6827270431987
86.479270637 1009.6887361189277
86.490890362 1009.7065350361094
86.491502871 1009.7272165590801
86.496826858 1009.7272165590803
86.984563428 1009.7272165590804
88.107716857 1009.7457530849457
88.107824983 1009.8052998952902
88.109309361 1009.8113089710192
88.123547744 1009.8427320187501
88.214574042 1009.8427320187502
89.701643534 1009.8612685446155
89.701763631 1009.92081535496
89.703184412 1009.9268244306891
89.722889308 1009.9446233478707
89.853900618 1009.9446233478708
91.221208264 1010.0227066840805
91.224851778 1010.0227066840806
91.346652024 1010.0227066840807
92.299169111 1010.0227066840808
92.696946527 1010.1007900202907
92.735386991 1010.1007900202908
94.092145124 1010.1080929196354
94.092184396 1010.1083894658921
94.092392715 1010.113821717759
94.093089593 1010.1309666667948
94.097693241 1010.1678691132211
94.099869034 1010.1709155451917
94.785119732 1010.1709155451919
95.44499659 1010.1782184445365
95.445232667 1010.1839472426601
95.45060522 1010.2379946381221
95.461343356 1010.2880656167164
96.110029309 1010.2880656167165
96.74919691 1010.2953685160611
96.749233785 1010.2956650623178
96.749447549 1010.3010973141847
96.754316847 1010.3551447096468
97.377234729 1010.3551447096469
97.991727422 1010.3627441552483
97.991934601 1010.3681764071151
97.998557064 1010.4130541103482
97.998720835 1010.4222238025772
98.015956644 1010.4222238025773
99.187368921 1010.4298232481786
99.187585543 1010.4352555000455
99.194228175 1010.4667822179129
99.292685601 1010.466782217913
