0.000366552 1000.0721040839012
0.000467747 1000.3108256646715
0.000592953 1000.400203256394
0.000810392 1000.6715270598943
0.004251956 1000.8000277735127
0.011702948 1000.8107780255393
0.013156835 1000.8544571724763
0.02525823 1000.9124206448487
0.02788973 1000.9568707014678
0.028042509 1000.9973875777146
0.028938856 1001.0976349736636
0.082517141 1001.1082743600157
0.082656657 1001.1356856510647
0.083214912 1001.1920672103242
0.089144153 1001.2028174623506
0.090344066 1001.2464966092875
0.100001454 1001.30446008166
0.104250365 1001.3489101382793
0.111483683 1001.3894270145258
0.113506699 1001.4029941523579
0.282925279 1001.4908957091518
1.063643141 1001.513293752912
1.1846966110000001 1001.5215811144246
1.484294144 1001.5680187278226
1.544805977 1001.5711948271634
3.397060778 1001.5749603880287
3.520019104 1001.5749603880289
3.6208275739999998 1001.576421350439
3.632957843 1001.5899884882708
3.6403485079999998 1001.5899884882709
3.693760386 1001.589988488271
3.753564671 1001.5915205987915
3.819734183 1001.5915205987916
3.873351038 1001.5959888835719
3.8808456209999997 1001.595988883572
4.00319609 1001.5959888835721
4.101854662 1001.6962362795211
4.265333477 1001.7595605848268
4.266243899 1001.7699235263568
4.266287016 1001.8013696595252
4.266342808 1001.863077325594
4.26657469 1001.8639705030688
4.266618757 1001.8733387291367
4.266676374 1001.9024876317279
4.270963404 1001.9563007843154
4.282908895 1001.9868536064117
4.306224239 1001.9951409679244
4.30926948 1002.0415785813224
4.413491607 1002.1705543715159
4.420585444 1002.170554371516
5.099615328 1002.1750226562963
5.106584153 1002.1750226562964
5.220939456 1002.1750226562965
5.558929046 1002.1765547668169
5.566160106 1002.176554766817
6.018953544 1002.1810230515974
6.026173086 1002.1810230515975
8.28791777 1002.2362719580983
8.288159189 1002.2517346764507
8.288893136 1002.2663662532045
8.289364079 1002.3012463444127
8.289545433 1002.3649205244803
8.290435711 1002.3752834660104
8.290496074 1002.406729599179
8.290535736 1002.4684372652478
8.290712089 1002.4804362803322
8.293124159 1002.545367216961
8.295103171 1002.561660723969
8.307093348 1002.5922135460653
8.33028709 1002.600500907578
9.5665246 1002.6005009075781
10.921330885 1002.6049691923585
10.92445885 1002.6514068057564
11.599112188 1002.6514068057566
12.230964681 1002.6602180988594
12.231838843 1002.6602180988596
12.231928966 1002.6903123939657
12.232391144 1002.7251924851736
12.23328803 1002.7609620860954
12.233492053 1002.7992296067715
12.233546101 1002.8306757399399
12.233586683 1002.8923834060087
12.233740365 1002.9043824210934
12.236116852 1002.9693133577222
12.238067914 1002.9856068647301
13.440680205 1002.9900751495107
13.476207558 1003.0753529465175
13.805949597 1003.0753529465176
16.065784552 1003.1267827762863
16.066641164 1003.1267827762864
16.067773194 1003.1568770713925
16.068235608 1003.1917571626004
16.069098598 1003.2275267635223
16.069287204 1003.2657942841984
16.069339223 1003.2972404173668
16.069379155 1003.3589480834355
16.069531222 1003.3709470985202
16.071943508 1003.435878035149
16.073868969 1003.452171542157
17.243537594 1003.4604589036697
19.794250779 1003.520176094951
19.795142738 1003.5201760949511
19.795234168 1003.5502703900572
19.7957086 1003.5851504812651
19.796581878 1003.620920082187
19.796780294 1003.6591876028631
19.796832745 1003.6906337360315
19.796871178 1003.7523414021002
19.797029649 1003.7643404171849
19.799375574 1003.8292713538137
19.801266837 1003.8455648608217
21.558670243999998 1003.8455648608218
23.413187283 1003.9052820521031
23.414032978 1003.9052820521032
23.414118716 1003.9353763472093
23.414556197 1003.9702564384174
23.415403201 1004.0060260393391
23.415601772 1004.0442935600154
23.41565579 1004.0757396931838
23.415693995 1004.1374473592525
23.415847453 1004.1494463743372
23.418113732 1004.2143773109658
23.436832982 1004.2257140768118
23.450988042 1004.2257140768119
23.636220168 1004.225714076812
23.650689723 1004.2257140768121
26.91397329 1004.2854312680932
26.91482922 1004.2854312680934
26.914918548 1004.3155255631995
26.915379462 1004.3504056544076
26.91624582 1004.3861752553292
26.916453031 1004.4244427760055
26.916507507 1004.455888909174
26.916548167 1004.5175965752427
26.916717829 1004.5295955903274
26.918993662 1004.594526526956
26.943907989 1004.5945265269562
30.324320251 1004.6542437182374
30.325103659 1004.6542437182375
30.325188099000002 1004.6843380133436
30.326026886 1004.6843380133438
30.326440669 1004.7549877054734
30.326638372 1004.7932552261497
30.326691881 1004.824701359318
30.326732286 1004.8864090253868
30.32694783 1004.8873022028614
30.326989266 1004.8966704289293
30.340214441 1004.9334645297914
30.341241672 1004.9381266181016
30.341422155 1004.9410758321784
30.351128738 1004.9440444294479
30.351183114 1004.9454076648773
30.405578596 1004.9454076648775
33.700357331 1005.0051248561589
33.701137834 1005.005124856159
33.701227796 1005.0352191512651
33.702490999 1005.0548836787563
33.702635929 1005.0888153578027
33.702663358 1005.1441363640712
33.70271919 1005.1755824972396
33.702759631 1005.2372901633083
33.702975207 1005.2381833407829
33.703017689 1005.2475515668508
33.716021976 1005.2843456677127
33.717008299 1005.2890077560231
33.717186178 1005.2919569700999
33.726440716 1005.2949255673694
36.969999803 1005.3546427586508
36.970774376 1005.3546427586509
36.970866791 1005.384737053757
36.972125209 1005.4044015812482
36.972270806 1005.4383332602946
36.972299539 1005.4936542665631
36.972353686 1005.5251003997315
36.972393029 1005.5868080658003
36.972628468 1005.5970694693427
36.985576858 1005.6338635702047
36.986568652 1005.638525658515
40.172219468 1005.6982428497962
40.172967562 1005.6982428497963
40.17305777 1005.7283371449024
40.173862405 1005.7283371449026
40.174285107 1005.7480016723936
40.174422439 1005.78193335144
40.17445056 1005.8372543577085
40.174503032 1005.8687004908769
40.174542047 1005.9304081569456
40.174781364 1005.9406695604881
40.187322324 1005.97746366135
40.18888 1005.9774636613503
40.684078487 1005.9774636613505
43.265242917 1006.0371808526316
43.265944803 1006.0371808526318
43.266028452 1006.0672751477379
43.267225596 1006.086939675229
43.267359776 1006.1208713542752
43.267429491 1006.2076384937121
43.267466593 1006.2693461597809
43.267664718 1006.2796075633236
43.285990223 1006.2819522050974
46.321322182 1006.3416693963785
46.322057351 1006.3416693963786
46.322147009 1006.3717636914847
46.322958127 1006.371763691485
46.323338667 1006.4424133836145
46.323554686 1006.5121270374592
46.323596945 1006.573834703528
46.323823886 1006.5840961070704
46.849377871 1006.5840961070706
49.256188305 1006.6438132983518
49.256853059 1006.6438132983519
49.256937038 1006.673907593458
49.258068158 1006.6935721209489
49.258208951 1006.7275037999954
49.258274922 1006.8142709394323
49.258315731 1006.875978605501
49.258619549 1006.8774119048443
49.339529234 1006.8774119048445
52.034798087 1006.9371290961257
52.035488549 1006.9371290961258
52.03625007 1006.953197821145
52.038362575 1006.992716201332
52.038464237 1007.0911189616262
52.039157908 1007.125718880268
52.056968828 1007.1317687883374
52.073124687 1007.1317687883375
52.095748236 1007.1317687883376
52.847636611 1007.1317687883377
54.711673195 1007.1914859796188
54.712313172 1007.191485979619
54.714294282 1007.2075547046381
54.716030779 1007.2470730848252
54.716127617 1007.3454758451194
54.716802609 1007.3800757637612
56.461407009 1007.3800757637613
56.909681958 1007.3800757637614
57.319333813 1007.4397929550425
57.320016667 1007.4397929550427
57.32075413 1007.4558616800618
57.322588043 1007.4953800602489
57.322701025 1007.5937828205431
57.324462002 1007.5982064196014
57.330438053 1007.6016889628152
57.337696822 1007.618360090461
57.344618835 1007.625516954643
57.422840934999996 1007.6255169546431
59.422154462 1007.6255169546432
59.866704719 1007.6852341459244
59.867338951 1007.6852341459245
59.869664686 1007.7013028709437
59.871386341 1007.7408212511305
59.873002802 1007.7419900105633
59.873199184 1007.7964319809425
59.873578461 1007.8436476104832
59.8788705 1007.847130153697
59.90110648 1007.8638012813428
60.492694257 1007.863801281343
61.923560319 1007.8638012813431
62.315834874 1007.9235184726242
62.316473318999996 1007.9235184726243
62.317209869 1007.9395871976433
62.318954201 1007.9791055778303
62.320613227 1007.9802743372632
62.320823035 1008.0347163076424
62.322499721 1008.0753284133352
62.325769089 1008.0854144803968
62.463393064 1008.085414480397
64.705668324 1008.1451316716783
64.706306828 1008.1451316716784
64.706994696 1008.1612003966974
64.708729131 1008.2007187768844
64.71022128 1008.2018875363173
64.710408537 1008.2563295066965
64.71200508 1008.2969416123893
64.726044258 1008.2984289692503
64.726083108 1008.3051113561188
64.731320838 1008.3051113561189
66.587576277 1008.305111356119
67.022991646 1008.3648285474001
67.024233966 1008.3808972724194
67.025876643 1008.4204156526062
67.027379002 1008.4215844120392
67.029097556 1008.5166384881113
67.044236739 1008.518125844972
67.046634541 1008.5215015547365
67.078791213 1008.5215015547367
67.366504112 1008.5215015547368
68.831012938 1008.5215015547369
69.254402637 1008.5812187460178
69.255697859 1008.5972874710371
69.257288093 1008.6368058512239
69.258758714 1008.637974610657
69.260483993 1008.7330286867291
69.275265414 1008.7345160435898
69.336854163 1008.73451604359
70.347115028 1008.7345160435901
70.444449915 1008.7345160435902
71.402370374 1008.8103019598905
71.404025851 1008.8250464928542
71.405329473 1008.8299410817135
71.405354341 1008.8509890995103
71.412813726 1008.8556942925031
71.41547223 1008.9117064132809
71.417990332 1008.9141651255725
71.668527098 1008.9141651255726
71.717445142 1008.9141651255727
72.850483844 1008.9141651255728
73.482660377 1009.004695574837
73.4839759 1009.0095901636961
73.484005578 1009.0306381814931
73.488259002 1009.0353433744862
73.488391299 1009.0919047599467
74.036060238 1009.0919047599468
74.903002344 1009.0919047599469
75.511359184 1009.1824352092112
75.512703688 1009.2083778158674
75.522093694 1009.2690951296379
75.551220242 1009.2690951296381
77.507257554 1009.2927586792034
77.507539486 1009.3596255789023
77.509285389 1009.3645201677615
77.509313252 1009.3855681855582
77.519012632 1009.4224659665597
77.532725576 1009.4324675245255
77.767196033 1009.4324675245256
79.248086957 1009.4324675245257
79.414392452 1009.5229979737898
79.416996249 1009.5458501201578
79.425107688 1009.5752251229068
79.434628515 1009.5790035778763
79.435964466 1009.5799401348141
79.530911004 1009.5799401348144
81.08205224 1009.5799401348145
81.246352306 1009.6704705840785
81.249073574 1009.6933227304465
81.257092972 1009.7226977331956
81.266352069 1009.7264761881651
81.444832616 1009.7264761881652
81.675197824 1009.7264761881653
82.883784274 1009.7264761881654
83.046533993 1009.7501397377306
83.049203346 1009.7986020261493
83.049299593 1009.8142746133313
83.049359713 1009.8398587837972
83.049869069 1009.8398587837975
83.052805924 1009.8469058271825
83.066759022 1009.8469058271827
83.225262227 1009.8469058271828
83.445128 1009.8469058271829
84.608643753 1009.846905827183
84.762419471 1009.8705693767483
84.764544868 1009.919031665167
84.764637378 1009.9347042523493
84.764685676 1009.9602884228152
84.907522631 1009.9602884228153
86.30968429 1009.9602884228154
86.428200282 1009.9839519723809
86.430256814 1010.0324142607996
86.430349669 1010.0480868479816
86.430861848 1010.0736710184475
86.471376739 1010.0736710184476
86.484333049 1010.0736710184477
88.035986553 1010.0973345680129
88.039611007 1010.1725438009609
88.043078084 1010.1802219202518
88.087984875 1010.1802219202519
88.594322548 1010.1802219202522
89.574264683 1010.2038854698175
89.577648513 1010.2790947027652
89.592158481 1010.2790947027654
90.424173491 1010.2790947027655
90.91009059 1010.2790947027656
91.040127699 1010.3027582523309
91.043616751 1010.3663240296257
91.807732484 1010.3663240296258
92.316745922 1010.366324029626
92.455248551 1010.3899875791913
92.46370979 1010.4234748731017
92.463897988 1010.425631150305
92.503834306 1010.4256311503052
93.402299912 1010.4256311503053
93.738542736 1010.4256311503054
93.834713076 1010.4272358199432
93.835072458 1010.4272358199433
93.835138727 1010.4332881737912
93.837851811 1010.4827819937809
93.876816063 1010.4827819937811
94.880326243 1010.4827819937813
95.16032618 1010.4843866634191
95.160660716 1010.4843866634192
95.167697234 1010.5108874741649
95.168055825 1010.5238345815056
95.170186388 1010.5310328716731
95.206916984 1010.5310328716732
95.547030965 1010.5310328716733
96.418975948 1010.5326375413113
96.419361378 1010.5326375413114
96.425335501 1010.5591383520571
96.425376287 1010.5720854593978
96.478662652 1010.572085459398
96.616208433 1010.5720854593981
97.488177857 1010.5720854593982
97.621694219 1010.5736901290363
97.630141793 1010.6001909397819
98.562527838 1010.600190939782
98.789039568 1010.6017956094199
98.789364115 1010.60179560942
98.797341526 1010.6017956094203
99.683642906 1010.6017956094204
99.901786709 1010.6034002790585
99.92514911 1010.6034002790586
