0.00036673 998.7264227538169
0.000470073 998.8660473547311
0.000562323 998.8807759549568
0.000593087 999.0596174749294
0.00071664 999.1111881000297
0.001263247 999.1830389629231
0.019979127 999.2877358374003
0.020996708 999.2877358374005
0.029290139 999.3010481725337
0.03189532 999.4195432113925
0.079265142 999.4544798248319
0.079349563 999.5060504499322
0.079705309 999.5779013128256
0.094553264 999.6825981873028
0.095385618 999.682598187303
0.101871349 999.6959105224362
0.103989448 999.814405561295
0.286511042 999.8157892067914
0.348321312 999.8193148401474
0.409792027 999.8207382335818
0.422532705 999.820738233582
0.471028847 999.8217468279938
0.531011837 999.821746827994
0.604055083 999.8217468279943
0.71291318 999.8234055768185
0.956235344 999.828794338521
1.074713704 999.8345843350969
1.134911522 999.8345843350971
1.195324038 999.8355364378577
1.266940662 999.835536437858
1.434768199 999.8391357535538
1.5536191019999999 999.8431388268252
1.6736477490000001 999.8548617968013
1.793184787 999.8565551979771
1.912040083 999.8581064912696
2.031113963 999.8614172978121
2.211071374 999.8614172978122
2.283679159 999.8621838405861
2.389900442 999.8701435636049
2.448995558 999.8752924645064
2.46091289 999.8752924645066
2.688148893 999.8789926916015
2.7599251689999997 999.8789926916018
2.923351902 999.8804256145443
2.995971693 999.8804256145445
3.099022417 999.9269519546053
3.158434005 999.9269519546056
3.21849175 999.9301209362316
3.290207309 999.9301209362318
3.3388332050000002 999.9623502370864
3.457045875 999.9677450798147
3.578558963 999.9851224890215
3.698586213 999.9851224890217
3.821481217 999.9984348241549
3.958147342 999.9984348241551
4.065938764 1000.1169298630136
4.285138483 1000.1263644750002
4.285177623 1000.3052059949728
4.285271528 1000.3567766200733
4.285663669 1000.4286274829665
4.300214816 1000.5333243574437
4.300993772 1000.5333243574439
4.307398571 1000.5466366925771
4.343403811 1000.6651317314358
4.43720301 1000.6825091406427
4.71448895 1000.6825091406429
6.273695598 1000.6958214757763
8.310713269 1000.8263999356027
8.31079652 1000.8411285358284
8.310822972 1001.019970055801
8.311091774 1001.0302973072571
8.311306701 1001.1433915437947
8.329049607 1001.1899178838557
8.3295062 1001.2480884182719
8.33271018 1001.2614007534053
9.571021687 1001.2747130885384
9.68810748 1001.2747130885386
12.246798026 1001.4052915483653
12.246885309 1001.4200201485908
12.246911766 1001.5988616685636
12.247371562 1001.7222831565573
12.264740595 1001.7688094966181
12.26517661 1001.8269800310345
12.302045426 1001.8402923661674
12.325036269 1001.8402923661677
16.075131009 1001.8445585602135
16.075182936 1001.9841831611275
16.075250557 1001.9989117613532
16.075278445 1002.1777532813257
16.075784217 1002.3011747693195
16.092908475 1002.3477011093805
16.093365181 1002.4058716437969
19.80752211 1002.4101378378425
19.807598517 1002.5497624387565
19.807667605 1002.5644910389822
19.807694697 1002.7433325589548
19.808167654000002 1002.8667540469485
19.830455743999998 1002.9540735122189
22.210724826 1002.9540735122191
23.43686278 1002.9583397062647
23.436910161 1003.0979643071789
23.436975685 1003.1126929074044
23.437001582 1003.2915344273772
23.437501786 1003.4149559153709
26.960686608 1003.4192221094168
26.960732526 1003.5588467103307
26.960796356 1003.5735753105564
26.960821254 1003.752416830529
26.965680784 1003.765059969649
26.966472008 1003.7729730951112
26.967811473 1003.8309491418363
26.968196796 1003.8519679019555
30.414843779999998 1003.8615610291256
30.415646645 1003.8615610291257
30.415718784 1003.9143253736097
30.415744794 1004.0698500210892
30.416164345 1004.0939166758369
30.416871701 1004.1250292589561
30.419296228 1004.1422605633634
30.419396393 1004.1890185711586
30.419597281 1004.2020719562333
30.420305214 1004.2020719562336
30.42040401 1004.2099850816958
30.421688946 1004.2679611284209
30.613323594 1004.267961128421
32.149077674 1004.2679611284211
33.776548813 1004.2775542555912
33.777380028 1004.2775542555913
33.777459758 1004.3303186000751
33.777483511 1004.4858432475546
33.777803574 1004.5410224854218
33.781195144 1004.6050117976242
33.781408241 1004.618065182699
33.789133905 1004.6457042791301
35.106285339 1004.6457042791302
36.708618498999996 1004.6457042791303
37.038243948 1004.6552974063004
37.039001788 1004.6552974063005
37.039077215 1004.7080617507843
37.039104991 1004.8635863982638
37.039503736 1004.8876530530117
37.040192458 1004.918765636131
37.043098603 1004.9489526696252
37.04338579 1004.9827549483332
37.043538501 1004.9958083334081
37.072323667 1004.9961444356954
37.082799561 1005.0234474298393
40.244747352 1005.0330405570096
40.245503625 1005.0330405570097
40.245581622 1005.0858049014935
40.245610948 1005.2413295489728
40.246034928 1005.2653962037207
40.246721588 1005.2965087868401
40.249567087 1005.3266958203344
40.25259999 1005.3609083449976
43.357796821 1005.3851368288298
43.358443582 1005.4232658166517
43.358475759 1005.578790464131
43.358881458 1005.6028571188789
43.359543878 1005.6339697019984
43.36232239 1005.6641567354926
43.383399277 1005.6696871331118
43.387461124 1005.6696871331119
46.427303264 1005.6939156169439
46.427836359 1005.732044604766
46.427867347 1005.8875692522453
46.428926394 1005.9427484901124
46.431656373 1005.9729355236069
46.723356876 1005.9729355236071
49.408086364 1005.9825286507773
49.408196276 1006.0352929952613
49.408222223 1006.1908176427406
49.408502683 1006.2459968806078
49.412803956 1006.2475172403189
49.427030816 1006.2702708355872
50.214759832 1006.2702708355873
52.255675462 1006.3326283072414
52.255728685 1006.4881529547207
52.256555561 1006.4881529547209
52.256861095 1006.5122196094687
52.258311602 1006.536642396003
52.26032115 1006.5448525522992
52.27636977 1006.5510939538143
52.277207071 1006.5537678456911
52.282752863 1006.562400908847
52.282885649 1006.5631408243336
52.574219359 1006.5631408243337
53.365877844 1006.5631408243338
55.017480012 1006.5727339515038
55.0175714 1006.625498295988
55.017600617 1006.7810229434673
55.01867568 1006.8050895982151
55.020228049 1006.8208472351033
55.022024739 1006.8377225410455
55.048548296 1006.8438591639019
57.67899195 1006.843859163902
57.853961089 1006.9062166355561
57.853999083 1007.0617412830354
57.854823894 1007.0617412830356
57.856398705 1007.0820577747922
57.856636313 1007.1015655746717
57.858438144 1007.1184408806139
60.378685064 1007.118440880614
60.522250208 1007.1807983522681
60.522283757 1007.3363229997476
60.524506528 1007.3566394915042
60.524754531 1007.3761472913834
60.52885226 1007.3873871657543
62.751470363 1007.3873871657544
63.030095538 1007.4497446374085
63.030139062 1007.605269284888
63.032421469 1007.6255857766448
63.032687511 1007.645093576524
63.037039937 1007.6563334508945
63.325292901 1007.6563334508946
65.420108517 1007.7186909225486
65.420153984 1007.8742155700281
65.422404432 1007.894532061785
65.422638496 1007.9140398616642
65.440596668 1007.9241422006352
67.713013521 1007.9864996722894
67.713068904 1008.1420243197689
67.715206266 1008.1623408115257
67.715451317 1008.1818486114049
69.935701242 1008.2442060830593
69.935754973 1008.3997307305386
69.93795692 1008.4200472222955
69.938991825 1008.4231312161806
72.070714004 1008.4854886878346
72.07077641 1008.6410133353141
72.072852722 1008.661329827071
72.192548343 1008.6613298270712
74.141235309 1008.7236872987254
74.141424929 1008.7275585198189
74.141618563 1008.7460787401161
74.141816838 1008.8267486056558
74.141990197 1008.8339282997516
74.142084374 1008.8425613431565
74.153978247 1008.8921100406366
76.162726919 1008.9544675122908
76.162937463 1008.9583387333843
76.163127714 1008.9768589536815
76.16332608 1009.0575288192211
76.163534407 1009.064708513317
76.163603168 1009.0733415567219
76.175616584 1009.1073906033856
76.185592616 1009.1073906033859
78.114003333 1009.1697480750398
78.114193753 1009.1736192961336
78.114395531 1009.1921395164305
78.114632761 1009.2136569364401
78.114750505 1009.2799890760663
78.114817662 1009.2886221194709
78.139015474 1009.319116263529
78.676221968 1009.3191162635293
80.004410497 1009.3814737351832
80.00459938 1009.3853449562768
80.005000643 1009.4253825965833
80.005139966 1009.4917147362095
80.021543171 1009.4919468355266
80.055512343 1009.4919468355268
81.288590323 1009.4919468355271
81.852017954 1009.5543043071808
81.852227689 1009.5581755282745
81.852648518 1009.5982131685811
81.852781264 1009.6645453082073
82.032371528 1009.6645453082075
83.636746726 1009.7269027798617
83.636939364 1009.7307740009552
83.639093832 1009.770811641262
83.643630408 1009.7882831547862
83.644095411 1009.7882831547864
83.644492206 1009.7995489869776
83.655366677 1009.8330264384211
83.66333009 1009.8330264384213
85.345309802 1009.8605741215055
85.345399801 1009.8953839100753
85.349833599 1009.9567642849998
85.350291722 1009.9567642850001
85.350677592 1009.9680301171912
85.363024054 1009.9686955238486
85.411500101 1009.9686955238487
86.541387445 1009.968695523849
86.997532378 1010.031052995503
86.997720215 1010.0349242165966
86.998104695 1010.0749618569031
87.003295994 1010.0924333704276
87.014982441 1010.1020233515425
87.061724629 1010.1020233515426
88.319122278 1010.1020233515428
88.604520982 1010.129571034627
88.604617267 1010.1643808231969
88.608896313 1010.2257611981214
88.676162746 1010.2257611981215
90.148123066 1010.2881186697757
90.148313447 1010.2919898908692
90.148670133 1010.3320275311758
90.153372315 1010.3494990447002
91.628132139 1010.3770467277845
91.628242852 1010.4118565163542
91.632672252 1010.4458115568675
91.644734128 1010.4557653777545
91.726440866 1010.4557653777546
91.830680582 1010.4557653777547
93.045413933 1010.4833130608388
93.049832447 1010.5178581532748
93.049888342 1010.552077889922
93.639657616 1010.5520778899221
93.759992918 1010.5520778899222
94.424662996 1010.5796255730063
94.430014072 1010.5969340213708
94.43042652 1010.6141706654423
94.431732501 1010.6284734129395
94.431964579 1010.6483904020893
94.468236632 1010.6483904020895
95.752278199 1010.6759380851736
95.756509664 1010.6932465335381
95.761304471 1010.6982021801202
95.764633489 1010.7076196421933
95.800764588 1010.7076196421935
97.017009769 1010.7351673252779
97.021100375 1010.7524757736421
97.023387909 1010.7524757736423
97.025778035 1010.7574314202245
97.031797837 1010.7574314202247
97.137286768 1010.757431420225
98.233830507 1010.7849791033093
98.238196652 1010.8022875516735
98.935795555 1010.8022875516738
99.394960923 1010.8298352347581
99.401554849 1010.8471436831223
