0.000359511 998.9402453548053
0.000459568 998.9848082684655
0.000530848 998.9987036371176
0.000577242 999.1079095032783
0.000663059 999.1848514123412
0.00076662 999.2061040136973
0.001320846 999.2217323355499
0.008610791 999.2570540547583
0.009988751 999.2736893109864
0.010153308 999.2979737411395
0.011585189 999.3056535351686
0.01260791 999.3056535351687
0.017305968 999.3347715391687
0.020022942 999.3503156542586
0.020653943 999.3631996784081
0.020829186 999.3852809671812
0.079812756 999.3858049983262
0.07985199 999.4950108644869
0.079933583 999.5195525523952
0.079970181 999.5932053749061
0.080336208 999.6088336967584
0.08600798 999.6441554159669
0.087101291 999.6607906721952
0.087221787 999.685075102348
0.089201282 999.6927548963773
0.095526494 999.7356337128138
0.095862141 999.7503010396169
0.096010611 999.7723823283898
0.217586164 999.7723823283899
0.340460168 999.7738197154979
0.583608521 999.7741195890748
0.764207459 999.7741195890749
0.825248982 999.7753406887927
1.065597934 999.7794798821031
1.125387278 999.7794798821033
1.305914837 999.7830829880136
1.342699659 999.7830829880137
1.365994895 999.7830829880138
1.546906876 999.7912025745082
1.788003306 999.7988823685373
1.824518028 999.7988823685374
1.848080156 999.7988823685375
2.027256069 999.8118693442404
2.102203089 999.8162436317881
2.206637865 999.8239284351293
2.243183004 999.8239284351295
2.2665970509999998 999.8242842850218
2.385072986 999.8256491105723
2.623313262 999.8280003725376
2.875190953 999.8366730994532
2.898011456 999.8417611849737
2.957934578 999.8417611849738
2.981183858 999.841761184974
3.098750439 999.8435444876274
3.3369131 999.852283071414
3.396785054 999.8522830714141
3.578918069 999.8531988728673
3.699663287 999.8531988728674
3.858365486 999.8564285117769
3.8823695860000003 999.8564285117772
3.943339081 999.8734217150292
4.065467024 999.8734217150293
4.296528866 999.8995336472494
4.296568787 999.9440965609097
4.2966198030000005 999.9579919295616
4.296658579 1000.0671977957222
4.296722827 1000.1441397047852
4.296801597 1000.1653923061415
4.297204361 1000.1810206279938
4.302815447 1000.2163423472023
4.303879053 1000.2329776034305
4.304017592 1000.2572620335834
4.305132046 1000.2649418276126
4.305968176 1000.2649418276127
4.309574646 1000.2940598316127
4.311690414 1000.3096039467025
4.31233511 1000.3445692596251
4.6589142 1000.3445692596252
7.184877116 1000.3615624628771
7.219657215 1000.3615624628773
7.299609713 1000.3615624628774
8.318305154 1000.3927624806182
8.318376324 1000.4373253942782
8.318428464 1000.4512207629303
8.318467194 1000.560426629091
8.318533802 1000.637368538154
8.318615692 1000.6586211395103
8.319019723 1000.6742494613626
8.32460417 1000.7095711805711
8.325673905 1000.7262064367993
8.325807273 1000.7504908669522
8.326898516 1000.7581706609814
8.327677856 1000.7581706609815
8.331219399 1000.7872886649815
8.336380893 1000.8124871653114
8.37545233 1000.8327100074731
10.250866277 1000.8327100074733
12.252425082 1000.8809032284663
12.252483927 1000.9254661421263
12.252536949 1000.9393615107784
12.254455689 1001.0485673769391
12.254528425 1001.125509286002
12.254613461 1001.1467618873581
12.255029746 1001.1623902092107
12.260460047 1001.1977119284192
12.261485809 1001.2143471846474
12.261621305 1001.2386316148003
12.26268035 1001.2463114088295
12.263475207 1001.2463114088296
12.266957989 1001.2754294128296
12.272015688 1001.3006279131595
15.120611174 1001.3006279131596
16.091890458 1001.3488211341524
16.091935371 1001.3933840478127
16.091985713 1001.4072794164646
16.09202284 1001.5164852826252
16.092087171 1001.5934271916882
16.09254017 1001.6303081148968
16.098625915 1001.6656298341053
16.098884049 1001.6822650903335
16.099670987 1001.6822650903337
16.099787373 1001.7065495204864
16.100088965 1001.7142293145156
16.100883123 1001.7142293145157
16.105035527 1001.7433473185157
16.14345584 1001.7433473185159
16.144485696 1001.7685458188457
19.820646558 1001.8167390398387
19.820696508 1001.8613019534987
19.820749288000002 1001.8751973221508
19.820789657 1001.9844031883115
19.820857048 1002.0613450973744
19.821328377 1002.0982260205831
19.827649201 1002.1501829960198
19.828440732 1002.1501829960199
19.828822936 1002.1821472202018
19.829620754 1002.182147220202
19.860043143 1002.2071932867939
20.014951138 1002.2071932867941
23.453835825 1002.2553865077871
23.453908515 1002.2999494214471
23.453958936 1002.3138447900992
23.453996703 1002.4230506562599
23.454061408 1002.4999925653228
23.456456471 1002.5200617642338
23.456718881 1002.521174101161
23.460779697 1002.5888304639682
23.461900608 1002.6207946881502
23.513441376 1002.6207946881503
23.856758345 1002.6207946881505
26.987382208 1002.6689879091435
26.98742977 1002.7135508228035
26.987479683 1002.7274461914557
26.987516896 1002.8366520576163
26.98765709 1002.8783438193046
26.988169049 1002.8932263753866
26.988351208 1002.9135939666792
26.989925494 1002.9336631655902
26.990172782 1002.9347755025175
26.994143911 1003.0024318653246
26.995987556 1003.0343960895068
30.418705193 1003.0825893104998
30.41877291 1003.1271522241598
30.418825424 1003.1410475928119
30.418951565 1003.1927133217946
30.418981899 1003.1944832664219
30.419021263 1003.2919452206609
30.419588455 1003.3068277767428
30.421378186 1003.3472645669463
30.421641092 1003.3483769038735
30.425614527 1003.3668775690073
30.430520279 1003.3733253975697
30.432589506 1003.3897327715122
30.432676157 1003.4072052899373
30.433592389 1003.4163564427033
30.446409721 1003.420232439229
30.448522026 1003.4202324392292
30.541877405 1003.4202324392293
33.667521542 1003.4202324392294
33.763687648 1003.4684256602224
33.763721089 1003.5129885738824
33.763769737 1003.5268839425345
33.763894207999996 1003.5785496715172
33.76392027 1003.5803196161445
33.763956367 1003.6777815703834
33.764458544 1003.6926641264654
33.766162073 1003.7331009166691
33.766417666 1003.7342132535963
33.770344304 1003.7527139187299
33.77597763 1003.7591617472923
33.778010144 1003.775569121235
33.778102169 1003.7930416396599
33.778977106 1003.8021927924261
33.791477093 1003.8060687889516
33.976457691 1003.8060687889518
37.056770364 1003.8542620099446
37.056847858 1003.8988249236048
37.056899306 1003.912720292257
37.057022058 1003.9643860212396
37.057051982 1003.966155965867
37.057092238 1004.0636179201059
37.05764137 1004.0785004761879
37.059418054 1004.1189372663913
37.063520513 1004.1385502684524
37.068258506 1004.1449980970148
37.070340872 1004.1788779893824
40.259085063 1004.2270712103756
40.259142229 1004.2716341240356
40.259192102 1004.2855294926877
40.259309591 1004.3371952216704
40.25933831 1004.3389651662977
40.259377521 1004.4364271205367
40.25988624 1004.4513096766186
40.261605862 1004.4917464668223
40.265581696 1004.5113594688831
40.270348724 1004.5178072974455
40.320336081 1004.5178072974456
43.334386976 1004.5660005184387
43.334444971 1004.6105634320987
43.334496007 1004.6244588007509
43.334633092 1004.6778944743609
43.334784594 1004.7662030849054
43.335177826 1004.7902389846818
43.337597211 1004.8306757748854
43.341470936 1004.8502887769463
43.376339356 1004.8567366055086
46.362818206 1004.9049298265015
46.362876077 1004.9494927401618
46.362925479 1004.9633881088139
46.363039262 1005.0150538377966
46.363065876 1005.0168237824239
46.363202068 1005.1051323929685
46.363579612 1005.1291682927446
46.365219846 1005.1696050829482
46.369093393 1005.1892180850093
49.301842893 1005.2374113060025
49.301891114 1005.2819742196625
49.301941257 1005.2958695883146
49.302079945 1005.3493052619247
49.302260367 1005.4376138724692
49.302662882999996 1005.4616497722456
49.306133067 1005.4632094785013
49.306796765 1005.4632094785014
49.315359922 1005.4994826770535
49.349502091 1005.4994826770536
52.149899803 1005.5476758980465
52.149945474 1005.5922388117067
52.149993269 1005.6061341803588
52.150264202 1005.7478784645134
52.150627309 1005.7719143642897
52.154652377 1005.7734740705454
52.178855179 1005.7920289183917
54.861570845 1005.7920289183918
54.990288969 1005.8402221393847
54.990326729 1005.8847850530449
54.990374059 1005.8986804216968
54.990485812 1005.9521160953068
54.990627722 1006.0404247058514
54.990998098 1006.0644606056277
54.994334108 1006.0660203118837
55.191675859 1006.0660203118838
57.563503984 1006.0660203118839
57.70093274 1006.1142135328769
57.700967117 1006.1587764465369
57.701014135 1006.172671815189
57.701280894 1006.3144160993436
57.70164485 1006.3384519991199
57.85123182 1006.3384519991201
60.229885809 1006.386645220113
60.229952347 1006.4312081337732
60.230000094 1006.4451035024251
60.23024781 1006.5868477865797
60.230894565 1006.5868477865798
60.249322548 1006.6094256726656
60.322581220000004 1006.6094256726658
62.715759884 1006.6094256726659
62.731674758 1006.6576188936588
62.731705789 1006.7021818073188
62.73175246 1006.7160771759709
62.73200329 1006.8578214601255
62.732592821 1006.8578214601256
63.665711155 1006.8578214601257
65.146189343 1006.8743140066767
65.146294588 1006.8973332488422
65.147412952 1006.8973332488423
65.147698664 1006.904543923875
65.147752428 1006.9305765383876
65.147821749 1006.9520031840052
65.148065607 1007.0563077223471
65.154559634 1007.0910512702656
65.163761835 1007.0918653031924
65.167846697 1007.0938826159897
65.334421092 1007.0938826159899
67.472636621 1007.1103751625409
67.473305774 1007.1333944047062
67.473610363 1007.140605079739
67.473665966 1007.1666376942516
67.473734744 1007.1880643398691
67.474311379 1007.1880643398692
67.474673124 1007.194107134215
67.474714883 1007.2741503505421
67.48025435 1007.3271124261297
67.48075658 1007.3271124261299
67.501452652 1007.3276521057362
67.969995518 1007.3276521057363
69.176483463 1007.3276521057364
69.695527352 1007.3417760960916
69.695907347 1007.3546439936562
69.696112312 1007.3743745694854
69.696163294 1007.400407183998
69.696225499 1007.4218338296158
69.696808941 1007.4218338296159
69.697135562 1007.4278766239614
69.697173361 1007.5079198402885
69.697719005 1007.5079198402887
69.702668612 1007.5608819158762
69.70317543 1007.5608819158764
70.255464118 1007.5608819158765
71.85044047 1007.5750059062317
71.85082552 1007.5878738037965
71.851049701 1007.6076043796257
71.851106004 1007.6336369941383
71.851169181 1007.6550636397559
71.851710089 1007.655063639756
71.852053718 1007.6611064341015
71.852092483 1007.7411496504286
71.852623889 1007.7411496504287
71.867873198 1007.7496903462877
71.876948337 1007.7592697691862
71.879657565 1007.7941117260164
71.898830899 1007.7941117260165
73.659265199 1007.7941117260166
73.940478857 1007.8106042725675
73.941133871 1007.8211036139363
73.941358059 1007.8408341897656
73.941409275 1007.8668668042782
73.941473968 1007.8882934498957
73.942059141 1007.8882934498961
73.942371175 1007.8943362442413
73.942408558 1007.9743794605687
73.942957472 1007.9743794605688
73.9573345 1007.9829201564277
73.958662334 1007.9924995793264
75.178775442 1007.9924995793265
75.960414185 1008.0066235696814
75.960785143 1008.0194914672462
75.96100574 1008.0392220430755
75.961063542 1008.0652546575881
75.961128877 1008.0866813032056
75.96170456 1008.0866813032058
75.962032267 1008.0927240975512
75.96207159 1008.1727673138786
76.345908785 1008.1727673138787
77.041036397 1008.1727673138788
77.946248203 1008.18925986043
77.947095703 1008.219489777628
77.947149204 1008.2455223921406
77.947214583 1008.2669490377582
77.947746167 1008.2669490377583
77.950030215 1008.316699292981
77.950392088 1008.3185038567315
77.950807295 1008.3486203784746
77.961757914 1008.3530350484309
78.003150317 1008.3530350484311
79.830650804 1008.3671590387861
79.831169106 1008.3997575121804
79.831224419 1008.425790126693
79.831287614 1008.4472167723105
79.834247355 1008.4987715912838
79.834537765 1008.5288881130267
79.941278027 1008.5288881130268
80.619811367 1008.5288881130269
81.266665895 1008.528888113027
81.654151837 1008.5430121033821
81.654648766 1008.5756105767762
81.654704203 1008.6016431912888
81.654770073 1008.6230698369066
81.65726434 1008.6728200921291
81.65906671 1008.6746246558796
81.669183656 1008.6809649600093
81.674545523 1008.6824671899351
81.679342213 1008.6983628959052
81.811447104 1008.6983628959053
83.387454568 1008.6983628959055
83.440212172 1008.7148554424564
83.440815872 1008.7167005570072
83.440994078 1008.7450853596545
83.441045778 1008.771117974167
83.441097125 1008.7925446197846
83.441601534 1008.792544619785
83.443473372 1008.8422948750076
83.454646256 1008.8504397428876
84.08807091 1008.8504397428877
85.141080107 1008.8645637332431
85.141594566 1008.897162206637
85.141648551 1008.9231948211495
85.14169989 1008.9446214667671
85.142190777 1008.9446214667672
85.144012958 1008.9943717219899
85.158444412 1008.9948569083924
85.603406259 1008.9948569083925
86.779539426 1009.0113494549435
86.780265577 1009.0415793721418
86.780317269 1009.0676119866544
86.780378713 1009.0890386322719
86.780842909 1009.089038632272
86.782653044 1009.1387888874947
87.056047046 1009.1387888874949
88.376614393 1009.15291287785
88.376900197 1009.157126548597
88.377091492 1009.185511351244
88.377145556 1009.2115439657566
88.377199302 1009.2329706113742
88.377700699 1009.2329706113743
88.387376505 1009.2807545456535
88.395007822 1009.2807545456538
89.449211213 1009.280754545654
89.921204475 1009.2972470922048
89.921542823 1009.3535096239157
89.921596152 1009.3749362695332
89.922064286 1009.3749362695334
89.932155891 1009.3776226695186
89.932911113 1009.3923864466483
89.933148575 1009.3924807269677
89.933939367 1009.4053810273413
89.939906689 1009.4093376113859
90.07871232 1009.409337611386
90.23361321 1009.4093376113861
91.394486166 1009.4258301579372
91.395262619 1009.4820926896479
91.395315913 1009.5035193352657
91.405863156 1009.506205735251
91.406192909 1009.5209695123807
91.406839893 1009.5210637926999
91.407654976 1009.5339640930735
91.410779146 1009.5339640930736
92.25505831 1009.5339640930737
92.812768819 1009.5480880834289
92.813240791 1009.6067191713355
92.813292043 1009.6281458169531
92.823648309 1009.6308322169384
92.824363949 1009.6455959940683
92.824600565 1009.6456902743876
92.83049603 1009.6456902743877
92.982835407 1009.6456902743878
94.186754733 1009.6621828209387
94.187079438 1009.7184453526496
94.187130731 1009.7398719982672
94.197331462 1009.7425583982525
94.198052539 1009.7573221753822
94.206389945 1009.7573221753823
94.255019702 1009.7573221753825
95.5188041 1009.7714461657376
95.519257941 1009.8300772536443
95.519312791 1009.8515038992618
95.528952608 1009.8541902992472
95.552373355 1009.8541902992474
96.781361777 1009.9269453775092
96.78182268 1009.9483720231269
96.798160049 1009.948372023127
97.748894851 1009.9483720231271
97.997984412 1009.9487005672827
97.998236866 1009.9747815136488
98.000377399 1010.0211271013889
98.015294113 1010.0375511214261
98.873563457 1010.0375511214262
99.157975792 1010.0509684615461
99.158905246 1010.060222791094
99.161004388 1010.0736062647034
99.165714728 1010.1002078339202
99.182258136 1010.1002078339203
99.909111206 1010.1002078339204
100.195515149 1010.1002078339205
