0.000366693 1001.4675420676525
0.000488238 1001.5180083285751
0.000521853 1001.7443475347853
0.00120569 1001.7790351330954
0.001476681 1001.7834649841055
0.003071277 1001.8072935573931
0.00445048 1001.8326872687347
0.005463801 1001.832687268735
0.005548762 1001.8563851264606
0.005600517 1001.8747911266754
0.006153046 1001.9876017067035
0.012218234 1002.008793947951
0.012392724 1002.0382283284638
0.031145682 1002.0414613177942
0.031960703 1002.1533743130243
0.083336215 1002.1660612517302
0.084222222 1002.1897591094561
0.084272265 1002.2081651096709
0.08471471 1002.3209756896987
0.089557972 1002.3421679309464
0.089705658 1002.3716023114592
0.104587223 1002.3748353007894
0.105260882 1002.4867482960195
0.167302876 1002.4892406084203
0.350545474 1002.4892406084205
0.411569194 1002.4895206546657
0.472762583 1002.4895206546659
0.532741006 1002.4971037747804
0.653802822 1002.4979946645357
0.714980246 1002.4982974296655
0.835134469 1002.4995757571204
0.894976357 1002.5014555009885
1.01550149 1002.5025876707056
1.255453463 1002.5078445354658
1.375763523 1002.5088360914677
1.4360359360000001 1002.508836091468
1.7306277140000002 1002.5109581416383
1.8481930640000002 1002.5117133415894
2.08397636 1002.5129095060653
2.142304059 1002.5130435906256
2.201627222 1002.5141921067014
2.26187539 1002.5227025804148
2.55735526 1002.5278581326185
2.914307837 1002.5295282592105
3.03428663 1002.5307172269631
3.268467578 1002.5507205004579
3.327280849 1002.550720500458
3.388350688 1002.5589839090134
3.447867893 1002.5589839090136
3.5089396710000003 1002.5624880348315
3.6271525650000003 1002.5756879417132
3.743143565 1002.5801548809708
4.08958768 1002.5909287380374
4.242982179 1002.6343552752566
4.243489268 1002.6690428735666
4.243689644 1002.6734727245768
4.244905981 1002.6973012978643
4.245976294 1002.722695009206
4.246841066 1002.7463928669318
4.246885077 1002.7647988671466
4.247338863 1002.8776094471747
4.252038104 1002.8988016884222
4.252179916 1002.928236068935
4.279434501 1002.9390099260016
4.294709744 1002.9390099260019
4.395547956 1002.9401420957189
4.627743414 1002.9453989604789
4.859239041 1002.9463905164811
5.090381311 1002.9485125666514
5.32288466 1002.9492677666026
5.453163271 1002.9492677666027
5.784570746 1002.9504639310784
5.901593773 1002.9505980156389
6.017297874 1002.9517465317148
6.133121193 1002.9602570054282
6.247870899 1002.9654125576317
6.379543288 1002.9654125576318
6.479296474 1002.9670826842236
6.710677647 1002.9682716519764
6.915827585 1002.9730341291469
6.940729314 1002.988274925471
6.955219789 1002.9882749254713
7.18755076 1002.9965383340267
7.403321813 1003.0000424598448
7.634452368 1003.0132423667264
7.865823572 1003.017709305984
8.290106195 1003.1211746997391
8.290596081 1003.1558622980493
8.290791001 1003.1602921490595
8.291973343 1003.1841207223471
8.293075109 1003.2095144336887
8.293922391 1003.2516182916294
8.294365146 1003.3644288716572
8.301411777 1003.4105885541602
8.332954488 1003.4150554934178
8.680446306 1003.4268230277911
8.839519908 1003.4268230277913
12.22304925 1003.5562186762412
12.223595003 1003.5909062745512
12.223797249 1003.5953361255614
12.226123238 1003.6429338102386
12.226957621 1003.6866622681313
12.22741521 1003.7994728481593
12.25996045 1003.8206650894069
13.466664275 1003.824169215225
16.055744399 1003.953564863675
16.056247441 1003.988252461985
16.056441467 1003.9926823129953
16.058705401 1004.0402799976722
16.059473845 1004.084008455565
16.059918683 1004.1968190355931
17.239641995 1004.200323161411
17.293297271 1004.2003231614111
19.79334937 1004.3332229356791
19.793956717 1004.3444432606176
19.794073675 1004.3723403849993
19.79525429 1004.3961689582869
19.797087089 1004.4636665275692
19.800995032 1004.4642311913454
19.803239113 1004.4781967399972
19.803991603 1004.5139445790015
19.804579822 1004.5599924390124
19.857542905 1004.5599924390125
23.415127036 1004.6928922132804
23.41569072 1004.704112538219
23.415795111 1004.7320096626007
23.416918252 1004.7558382358883
23.418999254 1004.7723837618648
23.419191731 1004.8223140129935
23.422576357 1004.8239004689468
23.42479836 1004.8378660175986
23.431434508 1004.8690944520639
23.435289199 1004.8961387806539
23.439635788 1004.9175762676264
24.045031343 1004.9175762676265
26.944928337 1005.0504760418944
26.945600428 1005.0895934912147
26.949719814 1005.1115392828607
26.951185231 1005.1446108494731
26.954027918 1005.1536711034664
26.954399066 1005.1954498462126
26.96077618 1005.2266782806779
26.965227051 1005.2534425630225
26.96879757 1005.2656574555907
26.972744439 1005.2667896253078
30.380275182 1005.3996893995758
30.380983713 1005.438806848896
30.385006337 1005.460752640542
30.38584128 1005.4607526405421
30.386525242 1005.4938242071545
30.389309787 1005.5028844611477
30.389668324 1005.5446632038938
30.395940827 1005.5758916383593
30.400397754 1005.6026559207038
30.403849886 1005.6148708132721
33.715818359 1005.7477705875399
33.716436031 1005.7868880368602
33.719522711 1005.8272621361243
33.721835942 1005.8419053951188
33.724888577 1005.8927443918581
33.731058557 1005.9239728263235
33.735275832 1005.950737108668
33.735980309 1005.9507371086681
36.961196087 1006.083636882936
36.96186693 1006.1227543322564
36.965745253 1006.1447001239023
36.967141282 1006.1777716905148
36.970205343 1006.2286106872542
36.976337102 1006.2598391217196
36.9804979 1006.2866034040642
38.244492177 1006.2866034040643
40.107790149 1006.4195031783322
40.108434795 1006.4586206276524
40.111414718 1006.4989947269165
40.113664122 1006.5136379859109
40.116658142 1006.5644769826503
40.131796703 1006.5652601373182
40.138656349 1006.5989594955416
42.958670844 1006.5989594955417
43.153910494 1006.7318592698095
43.15453917 1006.7709767191299
43.159459224 1006.789488938878
43.159771002 1006.8259940773884
43.162735507 1006.8768330741277
43.177499097 1006.8776162287955
43.17813468 1006.8776162287957
43.189231358 1006.8850310662083
43.527562475 1006.8850310662084
45.956755076 1006.8850310662085
46.136710469 1007.0179308404763
46.137494607 1007.0179308404764
46.141024447 1007.0517148603782
46.142155093 1007.0755605095447
46.142450069 1007.1120656480551
46.159717529 1007.1636877994623
46.160338132 1007.1636877994624
48.953256587 1007.1636877994625
49.014943137 1007.2965875737303
49.015703481 1007.2965875737304
49.019066864 1007.3303715936322
49.020162893 1007.3542172427988
49.020456381 1007.3907223813092
49.041122116 1007.4423445327163
49.202496833 1007.4423445327164
51.897270436 1007.5752443069844
51.900340066 1007.611251950534
51.900787891 1007.6223274308313
51.900955748 1007.6360509751431
51.902760432 1007.6693791145631
51.923257733 1007.6711199974648
51.924840455 1007.6877153003826
52.158070303 1007.6877153003827
54.597730323 1007.8206150746506
54.600893292 1007.8566227182002
54.601340945 1007.8676981984976
54.603040847 1007.878244743719
54.603321303 1007.9147498822293
54.626734583 1007.9323918795706
55.96533692 1007.9323918795707
57.249047172 1008.0652916538386
57.25207056 1008.1012992973882
57.252522189 1008.1123747776855
57.254168425 1008.122921322907
57.254441419 1008.1594264614173
57.733489641 1008.1594264614174
59.811361214 1008.2923262356853
59.814296384 1008.328333879235
59.814749457 1008.3394093595323
59.816363893 1008.3499559047538
59.827179153 1008.3520607889551
59.899036215 1008.3520607889552
62.309673707 1008.4849605632232
62.312675799 1008.4984269225644
62.312736969 1008.5104351820225
62.3130536 1008.5320436870702
62.315756186 1008.535954915217
62.340056382 1008.5375074495286
62.342473911 1008.5425902322917
64.916517078 1008.6754900065595
64.919389938 1008.6889563659006
64.919446541 1008.7009646253589
64.919754 1008.7225731304064
64.922575386 1008.7264843585533
64.946297062 1008.7280368928648
64.979954621 1008.7280368928649
66.111347567 1008.728036892865
67.35134782 1008.8609366671328
67.354319608 1008.8744030264739
67.354379157 1008.8864112859322
67.354692518 1008.9080197909798
67.357268205 1008.9119310191267
67.42418246 1008.9119310191268
69.82601979 1009.0448307933948
69.829546436 1009.0786148132966
69.833047843 1009.0935767684299
69.83588846 1009.0956095617888
72.201918139 1009.2285093360568
72.204845282 1009.2539839548563
72.205158544 1009.2755924599037
72.235630067 1009.2755924599038
74.459446188 1009.4084922341716
74.460090053 1009.4084922341717
74.463137574 1009.4422762540735
74.549654304 1009.4422762540736
75.006996682 1009.4422762540737
76.54426765 1009.4857958414361
76.54439344 1009.5751362962726
76.544908966 1009.5751760283415
76.551344552 1009.5827516034992
76.554582809 1009.5935352855978
76.561171591 1009.5989651425931
76.57189207 1009.5989651425932
77.994383611 1009.5989651425933
78.479057491 1009.7318251847921
78.485294572 1009.7394404920187
78.488582151 1009.7502241741173
78.506272953 1009.7502241741174
80.052017486 1009.7502241741175
80.34771572 1009.7746375696885
80.348025458 1009.7851705027857
80.348100956 1009.79374376148
80.348183253 1009.8830842163164
80.353637637 1009.890699523543
80.362042718 1009.8937947131714
80.363126383 1009.8955365517139
80.373695045 1009.9014832056416
82.173276063 1009.9450027930039
82.177806392 1009.9845170459375
82.179883841 1010.041958555067
82.187854223 1010.0450537446953
82.192618521 1010.046795583238
82.274869135 1010.0467955832381
82.580175222 1010.0467955832382
83.97147189 1010.0903151706007
83.975808894 1010.1298294235343
83.985038259 1010.1903661222921
85.676189921 1010.2253124509602
85.676288294 1010.2338857096545
85.681835637 1010.2733999625882
85.690690401 1010.3339366613459
85.736964839 1010.3339366613461
87.312057924 1010.3688829900143
87.312163655 1010.3774562487085
87.317642695 1010.416970501642
87.328311252 1010.422117941824
87.351275996 1010.4221179418242
88.893610693 1010.4570642704923
88.893735876 1010.4656375291866
88.89903817 1010.5051517821202
88.921494526 1010.5051517821203
89.331648725 1010.5051517821204
90.4165934 1010.5400981107886
90.421697373 1010.5450476702432
90.422401137 1010.5597356172972
90.424629182 1010.5865610233747
90.43482345 1010.6339060571621
91.871847608 1010.6688523858303
91.877671329 1010.6884898923391
92.299716433 1010.6884898923392
93.279355641 1010.7225105956237
93.29257887 1010.7283857804622
94.546817912 1010.7283857804623
94.664325382 1010.7651480179712
94.6998785 1010.7651480179713
94.795343437 1010.7651480179715
