0.000366042 1001.7597944492662
0.000545703 1001.8422603078778
0.001081741 1001.9198612261989
0.002341898 1001.9687142696716
0.002452481 1002.0170815328917
0.002948806 1002.0491795687747
0.010294297 1002.0555762732129
0.010907652 1002.0736479311477
0.011862462 1002.1394585199894
0.015249291 1002.1994016709491
0.079618891 1002.2076037282114
0.079967175 1002.2852046465325
0.080879105 1002.3340576900052
0.080969251 1002.3824249532253
0.081334326 1002.4145229891083
0.087160541 1002.4209196935465
0.087642876 1002.4389913514813
0.088392418 1002.504801940323
0.091082654 1002.5647450912827
0.2128677 1002.5790194043706
0.274188489 1002.579716182697
0.334959527 1002.5797161826971
0.518834392 1002.5804468082313
0.641094121 1002.5809324877956
0.700730752 1002.5809324877957
0.882812348 1002.5858174162832
0.942387893 1002.5863771880885
1.001932906 1002.5863771880886
1.061900012 1002.5873291922338
1.121185974 1002.5873291922339
1.298661008 1002.5913299610803
1.418625493 1002.593410517205
1.539342177 1002.5934105172051
1.659469095 1002.5952677346511
1.837416546 1002.5952677346512
1.897387046 1002.6013536731251
2.073637051 1002.6013536731252
2.16094497 1002.6013754544605
2.250666932 1002.6054008501686
2.488321247 1002.6185981975891
2.578210851 1002.6248100985393
2.668675509 1002.6248100985395
2.870577319 1002.6249680341593
2.941791213 1002.6249680341595
2.9907982889999998 1002.6316317570561
3.086587805 1002.647252549431
3.268198192 1002.6472525494311
3.328181958 1002.6607979411351
3.5096003639999998 1002.6607979411352
3.5981518489999997 1002.6645896800537
3.627862882 1002.6645896800538
3.6886162369999997 1002.6712114390102
3.8086645199999998 1002.6712114390103
3.98498152 1002.6774791057117
4.046479049 1002.7165073147426
4.279894399 1002.7420881021644
4.279996484 1002.824553960776
4.280507631 1002.83496284625
4.280536285 1002.872491715381
4.281297544 1002.9021548790972
4.281385646 1002.9510079225699
4.281476327 1002.9993751857899
4.282705387 1003.031473221673
4.287558016 1003.0378699261112
4.288683412 1003.0518944070025
4.288764346 1003.1217521728877
4.291387495 1003.1816953238473
4.407946884 1003.1883170828038
5.095977751 1003.1883170828039
8.307590599 1003.280462780142
8.307687428 1003.3629286387535
8.308067868 1003.4405295570747
8.30897051 1003.4893826005474
8.309414625 1003.5698478996504
8.31509783 1003.5762446040886
8.316260627 1003.6601268508651
12.238665218 1003.752272548203
12.238764477 1003.8347384068146
12.239164362 1003.9123393251358
12.240077415 1003.9611923686085
12.240165859 1004.0095596318284
12.240548217 1004.0416576677115
12.249435662 1004.0541356971211
12.249661406 1004.0855352784554
12.249906549 1004.1253148599698
12.634518724 1004.1253148599699
16.083532591 1004.2174605573078
16.083644874 1004.2999264159195
16.084173669 1004.3103353013936
16.084903604 1004.3775273342405
16.084994324 1004.4263803777134
16.085625121 1004.4635007295727
16.086282648 1004.5068456768165
16.097733027 1004.5445113866099
16.098017493 1004.5731657384517
16.223977005 1004.5731657384518
19.828940032 1004.6653114357898
19.829039158 1004.7477772944014
19.82951013 1004.7581861798753
19.830278728 1004.8742312561952
19.830873602 1004.9113516080547
19.836232105 1004.9534802501998
19.855413649 1004.965094028583
23.45765436 1005.0572397259211
23.457764625 1005.1397055845327
23.458259123 1005.1501144700067
23.459042345 1005.2661595463264
23.459669646 1005.3032798981858
23.464999316 1005.3454085403309
23.482966919 1005.345408540331
26.991180088 1005.4375542376691
26.991409792 1005.494666802154
26.991542736 1005.4948241796901
26.991599099 1005.5001736393157
26.991754865 1005.5133663794497
26.991780581 1005.5304289817547
26.992529088 1005.6464740580745
26.993103614 1005.683594409934
30.419823598 1005.7757401072721
30.419928792 1005.8582059658837
30.420410064 1005.8686148513576
30.421147167 1005.9846599276776
30.42503609 1006.0202253438315
30.458854449 1006.0202253438316
32.373989729 1006.0202253438317
33.753544223 1006.0837253064428
33.75369029 1006.1694836056545
33.753828328 1006.1696409831907
33.753883249 1006.1749904428164
33.754041905 1006.1881831829503
33.754068789 1006.2052457852553
33.756369592 1006.2362592363393
33.757198134 1006.2430861026601
33.765166304 1006.2576121646446
33.766341976 1006.2746102046669
33.768198009 1006.3019816760477
33.76845871 1006.3421571980995
33.956560369 1006.3421571980996
37.017140311 1006.4190934301174
37.017334145 1006.4914154599225
37.017477277 1006.4915728374584
37.017530723 1006.4969222970841
37.01768995 1006.510115037218
37.017716445 1006.5271776395231
37.019949855 1006.558191090607
37.020745184 1006.5650179569278
37.021819301 1006.5826902713517
37.021913876 1006.6283752919093
37.022395314 1006.6432227158431
40.212660709 1006.7067226784542
40.212807817 1006.7924809776658
40.212954086 1006.792638355202
40.213008807 1006.7979878148277
40.213171736 1006.8111805549617
40.21319871 1006.8282431572667
40.21537668 1006.8592566083506
40.216149125 1006.8660834746714
40.223883015 1006.8806095366557
40.227711917 1006.9249790480591
40.229746147 1006.9392084033487
40.272954094 1006.939208403349
43.337509613 1007.0027083659601
43.337734264 1007.0759597028567
43.337800705 1007.0886240427079
43.337851839 1007.0939735023336
43.337987624 1007.1071662424675
43.338013341999996 1007.1242288447726
43.340169743 1007.1552422958565
43.347539563 1007.1765952241616
43.351276702 1007.220964735565
43.363020601 1007.2330175304978
43.451121619 1007.233017530498
46.356093785 1007.2965174931091
46.356305882 1007.369768830006
46.356374761 1007.382433169857
46.356426845 1007.3877826294827
46.356584529 1007.4009753696166
46.356612934 1007.4180379719216
46.358772106 1007.4490514230056
46.365891852 1007.4704043513109
46.368713743 1007.514773862714
49.628066563 1007.5782738253253
49.628283646 1007.6515251622221
49.628352412 1007.6641895020731
49.628552797 1007.6827317018327
49.6285804 1007.6997943041378
49.630686029 1007.7308077552217
49.638505589 1007.752160683527
49.639631091 1007.7691587235494
49.647844848 1007.7875329339662
50.53815269 1007.7875329339664
52.492913355 1007.8510328965774
52.493186747 1007.9369485733253
52.493389502 1007.9554907730849
52.493418274 1007.9725533753899
52.495468801 1008.0035668264738
52.510783284 1008.0062362262115
52.515272297 1008.0117330410434
52.515630456 1008.0363554560215
52.515669199 1008.0459165884417
52.682026706 1008.0459165884419
54.393372104 1008.045916588442
55.383125712 1008.1094165510531
55.383372679 1008.1953322278009
55.383581187 1008.2309370298653
55.392965349 1008.2334086562464
55.393106514 1008.2701166955189
55.393739136 1008.270116695519
55.403391893 1008.294739110497
55.488478733 1008.2947391104971
58.079500029 1008.3582390731083
58.079752086 1008.4441547498561
58.081448928 1008.4495042094816
58.081600763 1008.4797595519206
58.095092055 1008.4822311783017
58.101481016 1008.5107745916855
58.101889758 1008.5189392175743
60.729271589 1008.5824391801855
60.729560901 1008.6737043165588
60.72971074 1008.7039596589977
60.750953219 1008.7349142198748
60.752578138 1008.7349746987628
63.184796127 1008.7984746613739
63.185110427 1008.8897397977474
63.186811636 1008.9199951401864
63.207088529 1008.9509497010635
65.555784516 1009.0144496636744
65.556149913 1009.082051219304
65.556216151 1009.1359701424869
65.581225483 1009.144521696527
66.402547035 1009.1445216965271
67.851525623 1009.2080216591381
67.851861678 1009.2756232147677
67.863147541 1009.3078709469911
70.083157861 1009.3713709096022
70.08354213 1009.4389724652318
70.106556594 1009.4608668560687
72.217677135 1009.5243668186798
72.221899727 1009.5505119178018
72.226062496 1009.5699503420916
72.231660874 1009.5911028332694
72.242385718 1009.5913431257318
72.439684965 1009.5913431257319
74.283414261 1009.654843088343
74.286960683 1009.6809881874651
74.291320912 1009.7004266117547
74.311757297 1009.7004266117548
74.545374355 1009.7004266117549
76.304965443 1009.7639265743661
76.309116665 1009.7900716734882
76.313217206 1009.8095100977778
76.474564108 1009.8095100977779
78.260898187 1009.873010060389
78.264220724 1009.8934078648014
78.28351501 1009.900513321901
79.678302363 1009.9005133219011
80.143245608 1009.9640132845122
80.146507985 1009.9844110889246
80.173938261 1009.9844110889247
81.986877405 1010.0479110515358
81.998063124 1010.0683088559483
83.734729546 1010.1318088185594
83.742298901 1010.1437805084447
85.42659158 1010.2072804710559
85.44613924 1010.2173666189691
87.070266054 1010.2808665815802
87.070790591 1010.2808665815803
88.649934453 1010.2953868984957
88.65006975 1010.3340137903476
88.660784775 1010.3363741266887
88.669355302 1010.3443665441914
90.159662943 1010.3588868611068
90.15988336 1010.3694859795795
90.16003214 1010.3904396174818
90.1603289 1010.3975137529587
90.169949659 1010.3998740892997
90.255740757 1010.3998740892998
91.619901696 1010.4143944062153
91.620055406 1010.4530212980671
91.633833012 1010.4553816344081
93.014118946 1010.4699019513235
93.014359374 1010.4805010697962
93.014792272 1010.5085288431753
93.032136757 1010.5085288431754
94.410098816 1010.5230491600907
94.410226064 1010.5359703110308
94.426959431 1010.535970311031
95.712948464 1010.5504906279464
95.713165219 1010.561089746419
96.952660512 1010.5700701142133
96.957200061 1010.5838715828564
96.964773578 1010.5838715828565
98.152455713 1010.5928519506509
98.157792605 1010.5959632116285
98.158944944 1010.6033792542714
98.17613669 1010.6033792542715
99.30918548 1010.6154708830434
99.68953874 1010.6154708830435
