0.000381525 1000.4449208662987
0.000480923 1000.5696337979344
0.00055213 1000.7274699468671
0.002348901 1000.8713371564311
0.003314634 1000.8731025616989
0.005673527 1000.9821527217131
0.006004613 1000.9951321344031
0.006469485 1001.0110025078964
0.007548375 1001.1509264206434
0.026478311 1001.1596962176411
0.080883113 1001.2396324737009
0.081629836 1001.2413978789688
0.083538547 1001.3504480389829
0.083818023 1001.3634274516729
0.084204128 1001.3792978251662
0.085071075 1001.5192217379132
0.10049386 1001.5279915349109
0.223698662 1001.5323980468196
0.468415577 1001.5343605238742
0.649918283 1001.5343605238743
0.710578297 1001.5393769011653
0.833792801 1001.5398860165127
1.010849745 1001.5446634362202
1.253725282 1001.5491388539506
1.612348539 1001.5521152868206
1.73389101 1001.5524119462307
1.851891516 1001.5524119462308
1.972190403 1001.5576898343404
2.031924855 1001.5576898343405
2.194213162 1001.5577109335939
2.208825963 1001.5664807305916
2.684944272 1001.5706692470305
2.90616301 1001.5767253612762
2.921074751 1001.585495158274
3.038966242 1001.5854951582741
3.157879435 1001.5865396205238
3.498718807 1001.6032662043178
3.731988854 1001.6075769991578
3.7464340910000002 1001.6163467961555
3.849042401 1001.6562979125766
3.8636584750000003 1001.6650677095743
3.924738317 1001.6650677095744
3.970731523 1001.717693736273
4.267593635 1001.7225197115185
4.268385779 1001.7288060001273
4.268858933 1001.8726732096914
4.269608848 1001.8744386149591
4.271462104 1001.9834887749734
4.271733214 1001.9964681876634
4.272116218 1002.0123385611565
4.282204614 1002.0421457367883
4.293714271 1002.0908666502071
4.42859394 1002.0908666502072
4.468368496 1002.0908666502073
4.642656034 1002.0919111124571
4.87199079 1002.108637696251
5.276879898 1002.1086376962511
5.776054735 1002.1743443147873
5.832676158 1002.1743443147874
6.936719013 1002.2230652282061
6.979752482 1002.2230652282062
8.29880827 1002.2805172301503
8.299565071 1002.2868035187591
8.300023203 1002.4306707283231
8.300758075 1002.4324361335908
8.302657838 1002.5284598954847
8.302823229 1002.5544657062951
8.303194781 1002.5703360797884
8.31304313 1002.6001432554201
8.324511207 1002.6488641688389
8.888820683 1002.6488641688392
9.119475134 1002.6499086310887
9.251074188 1002.6499086310888
9.288986044 1002.6499086310889
9.57212581 1002.6797158067205
12.251316458 1002.8230266485739
12.252193159 1002.823026648574
12.252668645 1002.966893858138
12.253433318 1002.9686592634057
12.255300878 1003.0543801129536
12.255414313 1003.0646830252996
12.255574207 1003.09068883611
12.257897253 1003.1055147473534
12.35781136 1003.1055147473535
16.086372409 1003.2488255892068
16.087734963 1003.3926927987708
16.088495838 1003.3944582040386
16.09033227 1003.4801790535864
16.090598144 1003.5164877767428
16.164461581 1003.5164877767429
19.853880989 1003.6597986185963
19.855134331 1003.8036658281603
19.855851619 1003.8054312334281
19.8575967 1003.891152082976
19.857843484 1003.9274608061322
19.95354579 1003.9274608061323
23.495602851 1004.0707716479857
23.496870496 1004.0728762948065
23.496989495 1004.1888877999145
23.497571891 1004.2164042628175
23.50145373 1004.2216867359316
23.501697767 1004.320176534722
23.506751393000002 1004.3342453190828
27.045893301 1004.4775561609363
27.047162215 1004.4796608077571
27.047411115 1004.4917189805981
27.047526921 1004.5801640621949
27.047893974 1004.6231887757681
27.05201691 1004.7269610476725
27.200504323 1004.7269610476726
30.482742084 1004.7777905234303
30.48287304 1004.8226588255952
30.483634056 1004.863985600917
30.484247428 1004.8844347091875
30.484368825 1004.9728797907844
30.484734093 1005.0159045043576
30.494709254 1005.038085230109
30.504647644 1005.0676879498127
30.507363825 1005.0815003274741
30.509738903 1005.1066417311965
30.795424318 1005.1066417311966
33.831972741 1005.1574712069545
33.832095623 1005.2023395091195
33.832799953 1005.2436662844411
33.83337661 1005.2641153927117
33.833475486 1005.3525604743086
33.833818586 1005.3955851878818
33.84365275 1005.4177659136332
33.852679777 1005.4473686333369
33.854818635 1005.4611810109983
34.786324856 1005.4611810109984
37.094238087 1005.5120104867564
37.094364825 1005.5568787889213
37.095070863 1005.5982055642429
37.095655359 1005.6186546725136
37.095772429 1005.7070997541105
37.096105735 1005.7501244676836
37.105625021 1005.772305193435
37.114281029 1005.8019079131387
40.285007395 1005.8527373888967
40.285144916 1005.8976056910616
40.285868185 1005.9389324663831
40.2864993 1005.9593815746539
40.286614711 1006.0478266562508
40.286959474 1006.0908513698238
40.296368094 1006.1130320955754
40.309767099 1006.1139683237641
40.309900396 1006.1160505143713
40.318560254 1006.136656630961
43.4076991 1006.187486106719
43.407843958 1006.2323544088839
43.408543417 1006.2736811842055
43.409130517 1006.2941302924762
43.409242941 1006.3825753740731
43.409581323 1006.4256000876462
43.418903278 1006.4477808133977
43.432829316 1006.4487170415864
43.433622621 1006.4507992321936
46.53211628 1006.5016287079516
46.532233289 1006.5464970101165
46.532897946 1006.5878237854381
46.533439814 1006.6082728937088
46.533553497 1006.6967179753057
46.533897049 1006.7397426888788
46.542957714 1006.7619234146302
46.555074212 1006.7628596428191
46.555846212 1006.7649418334262
49.539250568 1006.815771309184
49.539398207 1006.8606396113489
49.540075941 1006.9019663866706
49.54061293 1006.9224154949412
49.540727023 1007.0108605765381
49.541059925 1007.0538852901112
49.551473058 1007.068188573506
49.562456205 1007.0770022440515
49.739690495 1007.0770022440516
52.407583884 1007.1278317198096
52.407668528 1007.2140267972962
52.409104952 1007.2344759055668
52.40921843 1007.3229209871637
52.409548618 1007.3659457007367
52.420371888 1007.3802489841314
52.446491299 1007.3802489841315
54.483586761 1007.3802489841316
55.398740595 1007.4310784598895
55.398852615 1007.4759467620544
55.399521649 1007.517273537376
55.400038616 1007.5377226456467
55.400158116 1007.6261677272436
55.400495922 1007.6691924408167
55.432125565 1007.6691924408168
57.729373126 1007.6691924408169
58.078003197 1007.7200219165748
58.078475543 1007.7203139510839
58.078817828 1007.8062169940613
58.080737237 1007.8603919964439
58.080806763 1007.8842545847364
58.085947871 1007.8972275683426
58.086556137 1007.8972275683427
58.088901299 1007.9044532530982
58.105882666 1007.935649839162
60.345400522 1007.9356498391621
60.687872088 1007.9864793149197
60.688000313 1008.0313476170846
60.688693254 1008.0726743924063
60.690349403 1008.126849394789
60.690418115 1008.1507119830815
60.695526463 1008.1636849666877
60.698292545 1008.1709106514431
60.878451397 1008.1709106514433
60.949409564 1008.1709106514434
61.981967942 1008.1709106514435
63.199565294 1008.2217401272013
63.200286046 1008.2666084293661
63.20199078 1008.3283843129585
63.203062254 1008.3621102070706
63.203125886 1008.385972795363
63.207945193 1008.3989457789694
64.968805298 1008.3989457789695
65.58911679 1008.4497752547273
65.589844487 1008.4946435568921
65.590338928 1008.5564194404845
65.591444612 1008.5901453345965
65.59150928 1008.614007922889
65.605071144 1008.6206259342704
65.619045811 1008.6206259342705
65.621491602 1008.6269809064954
67.883720844 1008.6778103822531
67.884432679 1008.722678684418
67.884878125 1008.7844545680103
67.885953325 1008.8181804621224
67.886028871 1008.8420430504149
67.893039232 1008.8453938569172
67.89785915 1008.8486610617963
68.353299139 1008.8486610617964
69.554264512 1008.8486610617965
70.113151248 1008.8994905375545
70.113890671 1008.9443588397193
70.115057472 1008.9839812660767
70.11534438 1009.0398606174236
70.115409587 1009.0637232057161
70.139858622 1009.0670740122184
70.276940266 1009.0670740122185
72.248922674 1009.1179034879764
72.249055243 1009.1627717901413
72.250098818 1009.2245476737337
72.251166597 1009.2582735678457
72.251234272 1009.2821361561381
72.330254394 1009.2821361561382
74.312040835 1009.3329656318961
74.312841961 1009.377833934061
74.314801175 1009.4396098176533
74.31580199 1009.4733357117653
74.391050729 1009.4733357117655
76.34935818 1009.5241651875234
76.3500365 1009.5690334896882
76.350469397 1009.6308093732806
76.354551256 1009.6354146150097
76.356806322 1009.6424387000139
76.36293513 1009.6489060031586
77.433585046 1009.6489060031587
77.966427683 1009.6489060031588
78.309540766 1009.6997354789166
78.310231236 1009.7446037810814
78.310659343 1009.8063796646738
78.314432944 1009.810984906403
78.316706682 1009.818008991407
78.37198921 1009.8180089914072
80.189971168 1009.8688384671651
80.190604553 1009.91370676933
80.192212781 1009.9367680290655
80.19234844 1009.9754826529223
80.196023639 1009.9800878946513
80.198692247 1009.9871119796555
82.020892914 1010.0379414554135
82.021554534 1010.0828097575782
82.021826859 1010.1058710173139
82.021967672 1010.1445856411707
82.025519703 1010.1491908828999
83.829126228 1010.2000203586578
83.829231817 1010.2448886608225
83.82951209 1010.2679499205581
83.829658098 1010.3066645444148
83.842599681 1010.311269786144
84.516528463 1010.3112697861441
85.549136265 1010.4069675640668
85.549860524 1010.4300288238026
85.558012645 1010.4670544258089
85.62925818 1010.467054425809
87.195398366 1010.5627522037316
87.195662443 1010.5858134634674
87.209007698 1010.6147534875615
87.323197471 1010.6147534875616
88.798957866 1010.7104512654842
88.799229508 1010.7335125252199
88.844214115 1010.73351252522
89.177905235 1010.7335125252201
90.363739144 1010.8292103031426
90.379289175 1010.8401257172379
90.382310959 1010.8406385766831
91.405761096 1010.8406385766832
91.570637788 1010.8406385766833
91.824530522 1010.8583573312927
91.827259426 1010.8864845304995
91.827286099 1010.9024082717395
91.827456493 1010.9348788228762
91.838110219 1010.947251768701
91.858968784 1010.9472517687011
92.96605357 1010.9472517687012
93.237880713 1010.9649705233107
93.240567416 1010.9930977225175
93.240596311 1011.0090214637576
93.240748393 1011.0414920148942
93.281632591 1011.0414920148943
94.333747716 1011.0414920148944
94.605609979 1011.0592107695039
94.611087085 1011.1033146249076
94.61119766 1011.1072766900478
94.611406112 1011.1312267210752
95.54980392 1011.1312267210753
95.921445148 1011.1489454756849
95.924031168 1011.1770726748917
95.924059979 1011.1929964161317
95.927026914 1011.1930493310884
95.927133732 1011.1970113962287
95.927588844 1011.1995166866976
95.928006202 1011.1996023611713
95.934053902 1011.1996023611715
96.472381684 1011.1996023611716
97.174527823 1011.2173211157811
97.177019475 1011.2613720562282
97.17999014 1011.2614249711847
97.180090225 1011.265387036325
97.18853979 1011.2678923267938
97.205971959 1011.2678923267939
97.223748419 1011.267892326794
98.372071394 1011.2856110814037
98.374520498 1011.3296620218505
98.383461193 1011.3318538493202
98.386357218 1011.3336770019473
98.445045701 1011.3336770019474
98.945759633 1011.3336770019475
99.536773149 1011.3513957565572
99.539191476 1011.395446697004
99.603076928 1011.3954466970041
100.07335698 1011.3954466970042
