0.000368151 999.9457680443262
0.000468053 1000.1420921533269
0.00059875 1000.2166667186683
0.000746033 1000.2236977691344
0.000816053 1000.2490898775508
0.000844799 1000.3738874771851
0.000960954 1000.3914518582973
0.002117754 1000.3914518582975
0.004326379 1000.5670097947935
0.005406813 1000.5670097947938
0.005929388 1000.5968130796613
0.009615634 1000.6210126128359
0.020680932 1000.6826471678381
0.021718345 1000.6826471678382
0.032557114 1000.7866669060521
0.083488391 1000.956078374096
0.084359177 1000.9560783740963
0.084763753 1000.9858816589638
0.087747537 1001.0100811921386
0.1048061 1001.0315190332142
0.105616863 1001.1757354853546
0.166866177 1001.177625035086
0.289728424 1001.1785164668347
0.410882974 1001.1785164668348
0.53209662 1001.1794876441776
0.711891975 1001.1887839449292
0.772571638 1001.1887839449295
0.833438129 1001.1900693337577
1.19113909 1001.1905869045397
1.428450776 1001.1919605921764
1.487467659 1001.1919605921765
1.670161966 1001.1928708963586
1.7899752690000001 1001.194753778567
2.143825841 1001.2000804911805
2.379701277 1001.2125323592677
2.438138254 1001.2125323592678
2.496834813 1001.2133634079174
2.555381575 1001.2133634079177
2.613314868 1001.2142363575712
2.672271172 1001.2142363575714
2.731763456 1001.2242800243552
2.850886374 1001.2253155769425
2.9712701360000002 1001.225543954336
3.030748226 1001.2255439543361
3.090461524 1001.2321805774245
3.273258811 1001.245717865431
3.391321456 1001.2464494887503
3.513456406 1001.2859145793573
3.573491369 1001.2859145793574
3.752488069 1001.2983040403586
3.87221377 1001.2990637439203
3.99082764 1001.3595228524459
4.275233789 1001.4583805578857
4.275348655 1001.4759449389978
4.277924462 1001.6515028754941
4.279181437 1001.6813061603618
4.290505069 1001.7671402485387
4.299584799 1001.8711599867527
4.415104937 1001.8719196903141
8.281861179 1001.8920377498868
8.282011989 1001.8990688003529
8.282072231 1001.9244609087692
8.282099666 1002.0492585084033
8.282199443 1002.0668228895157
8.284796101 1002.242380826012
8.28606034 1002.2721841108795
8.288979967 1002.2963836440541
8.305638118 1002.3178214851299
8.30759886 1002.3704076600576
8.322656794 1002.3711673636193
8.435677405 1002.3711673636194
11.675941714 1002.3711673636195
12.222240932 1002.4036748841934
12.22236533 1002.4107059346595
12.222420741 1002.4360980430758
12.222446859 1002.56089564271
12.22254231 1002.5784600238223
12.224993085 1002.7540179603186
12.226201605 1002.7838212451861
12.243165521 1002.7971041619232
12.244995134 1002.8294586194365
12.268138888 1002.8294586194368
12.276042182 1002.8696553333631
13.132575719 1002.8704150369246
16.061122529 1002.9029225574985
16.061266832 1002.9099536079647
16.061323191 1002.935345716381
16.061349291 1003.0601433160151
16.061447484 1003.0777076971275
16.063920288 1003.2532656336238
16.065127047 1003.2830689184913
16.082130297 1003.2963518352284
16.083969197 1003.3287062927417
16.106309808 1003.3287062927419
16.937449811 1003.3294659963034
19.797683424 1003.3627332204388
19.79781397 1003.369764270905
19.797869883 1003.3951563793213
19.797895695 1003.5199539789554
19.797988755 1003.5375183600678
19.800540777 1003.5410698350605
19.800923327 1003.5523638353249
19.801257632 1003.713076296564
19.801643655 1003.7428795814316
19.81845926 1003.7561624981689
21.692761368 1003.7561624981691
23.453871719 1003.7894297223044
23.454003155 1003.7964607727705
23.454062553 1003.8218528811868
23.454175275 1003.9642148619333
23.456736092 1003.967766336926
23.457096563 1003.9790603371904
23.457436381 1004.1397727984296
23.458555994 1004.1695760832971
23.510041795 1004.1695760832973
26.985545661 1004.2028433074328
26.985681165 1004.2098743578989
26.987439246 1004.2352664663152
26.987546243 1004.3776284470617
26.989850262 1004.553186383558
26.996359031 1004.5734960817848
26.997106829 1004.5734960817849
27.657852491 1004.573496081785
30.444770582 1004.6137943563865
30.4448511 1004.6391864648028
30.444960477 1004.7815484455493
30.447293448 1004.9571063820456
30.473131455 1004.9774160802724
33.782948907 1005.017714354874
33.783043161 1005.0431064632903
33.783160605 1005.185468444037
33.785534748 1005.3610263805331
33.850572389 1005.3610263805333
37.036259604 1005.4013246551347
37.036329557 1005.426716763551
37.036433235 1005.5690787442977
37.039114923 1005.5839242195545
37.040825644 1005.5948714337098
37.046522723 1005.6051906464743
37.047534142 1005.6626138934569
37.04764568 1005.6936936151678
37.047757183 1005.7145197013344
37.048229995 1005.7312342000291
40.230634023 1005.7715324746305
40.23074463 1005.7969245830468
40.230841466 1005.9392865637933
40.231618361 1005.9392865637935
40.235147919 1005.9650792532054
40.245720174 1005.9752575714404
40.245749571 1006.0054925046554
40.247359121 1006.0200591959401
40.247618124 1006.0753357042047
40.262158694 1006.0853957751508
41.57526226 1006.085395775151
43.318213839 1006.1256940497524
43.31828599 1006.1510861581687
43.318362383 1006.2934481389152
43.32237745 1006.3192408283273
43.332532299 1006.3294191465623
43.3325612 1006.3596540797773
43.334163331 1006.374220771062
43.334413406 1006.4294972793266
45.386615691 1006.4294972793268
46.346573647 1006.4697955539282
46.346681405 1006.4951876623445
46.346776995 1006.637549643091
46.350815517 1006.6633423325031
46.360695436 1006.673520650738
46.360725465 1006.7037555839531
46.362275285 1006.7183222752378
46.362936799 1006.7183222752379
46.367592144 1006.7606867596176
46.368231467 1006.7606867596177
46.369614568 1006.7606867596178
46.41012258 1006.7606867596179
48.425120779 1006.760686759618
49.27379219 1006.8009850342194
49.273859361 1006.8263771426357
49.274066038 1006.8521966380126
49.27423548 1006.9467356595769
49.274649632 1006.9687391233822
49.276494654 1006.9835845986393
49.277961632 1006.9945318127943
49.28759325 1007.0047101310292
49.287622422 1007.0349450642443
49.289111471 1007.049511755529
49.289736496 1007.0495117555291
49.302360967 1007.0683297128377
49.306440249 1007.079083901574
49.314811631 1007.0918762399089
49.684757215 1007.0918762399091
52.145109655 1007.1321745145104
52.145187386 1007.1575666229268
52.145400063 1007.1833861183037
52.145566533 1007.2779251398682
52.147816443 1007.3147740789303
52.149263546 1007.3257212930856
52.158649347 1007.3358996113203
52.15867695 1007.3661345445354
52.165441681 1007.3807012358201
52.174590664 1007.3914882141474
52.175999075 1007.4102733818651
54.789798389 1007.4102733818653
54.995014558 1007.4505716564666
54.995084308 1007.475963764883
54.995289585 1007.5017832602599
54.997001119 1007.5758518572942
54.997654159 1007.5886863647951
54.997683116 1007.6331712208865
54.999116207 1007.6441184350416
55.008503834 1007.6542967532765
55.008532859 1007.6845316864916
55.009937956 1007.6990983777763
55.010564051 1007.6990983777764
57.889396278 1007.7393966523779
57.889495082 1007.7647887607942
57.891427559 1007.7906082561711
57.893070453 1007.8646768532057
57.893674528 1007.8775113607063
57.893702812 1007.9219962167978
57.895090449 1007.9329434309531
57.904164044 1007.9431217491878
57.90419792 1007.9733566824028
57.915960455 1007.9870606125013
58.114469647 1007.9870606125014
60.50830194 1008.0273588871029
60.508388036 1008.0527509955192
60.509149974 1008.0785704908961
60.510218833 1008.1526390879304
60.510845798 1008.1654735954313
60.510871077 1008.2099584515228
60.512206385 1008.2209056656778
60.520912872 1008.2613189171278
60.648401132000004 1008.2613189171279
63.12178055 1008.3270093001458
63.122626086 1008.3528287955228
63.123678918 1008.4268973925571
63.124290476 1008.4397319000577
63.124318438 1008.4842167561494
63.125669792 1008.4951639703045
63.139969448 1008.5280328015863
63.148909868 1008.5342115700093
63.156313121 1008.5355772217545
65.516540443 1008.6012676047721
65.517300321 1008.6270871001493
65.518265017 1008.7011556971836
65.518861806 1008.7139902046843
65.518886839 1008.7584750607759
65.520184604 1008.769422274931
65.534034761 1008.8022911062128
67.858282295 1008.8679814892307
67.859031332 1008.8938009846077
67.859988201 1008.9678695816419
67.860621528 1009.0251889452344
67.861884334 1009.0361361593893
67.872117374 1009.0361361593896
67.876763543 1009.0681902254344
70.09783584 1009.133880608452
70.09862292 1009.159700103829
70.099624425 1009.2337687008635
70.100249656 1009.2910880644557
70.101477098 1009.3020352786109
70.122770533 1009.309036048081
70.307819238 1009.3090360480812
72.278113111 1009.3747264310989
72.279775375 1009.4746145235101
72.280368678 1009.5319338871025
72.281563133 1009.5428811012575
72.291549371 1009.5428811012578
72.485530983 1009.5428811012579
74.374280762 1009.6085714842757
74.376254859 1009.6658445568944
74.37649573 1009.7657789402792
74.387333784 1009.7767261544343
74.716271311 1009.7767261544344
76.3649738 1009.7837914154552
76.365321475 1009.8213968192831
76.366742593 1009.8225282162266
76.366834456 1009.9393770419886
76.367179056 1009.9996239934558
76.381178769 1010.006984291151
77.742980959 1010.0069842911511
78.34656205 1010.0516549559998
78.347923148 1010.052786352943
78.348090961 1010.1299477467876
78.348322838 1010.2298821301722
78.429958306 1010.2298821301724
80.229967604 1010.2745527950212
80.234633462 1010.3808978327736
80.239489643 1010.3999115604215
80.242735749 1010.4024557949565
80.244939983 1010.4287489592357
80.639597841 1010.4287489592358
80.874756375 1010.4287489592359
82.059994778 1010.4734196240847
82.064519406 1010.5797646618373
82.069416374 1010.5987783894852
82.155830517 1010.5987783894853
83.835550484 1010.6434490543339
83.839920155 1010.7497940920865
83.848958675 1010.7658705214566
83.955277797 1010.7658705214567
85.392753073 1010.7658705214568
85.527337885 1010.8105411863056
85.531563099 1010.916886224058
85.548764526 1010.9168862240581
85.643033908 1010.9168862240582
87.033227881 1010.9168862240583
87.153695876 1010.9536684551304
87.15726055 1010.9547696795787
87.160155282 1011.0456812635058
87.172644705 1011.0456812635059
88.721974028 1011.082463494578
88.725428723 1011.0835647190263
88.731463251 1011.1651291358788
88.742544256 1011.1712101180943
88.807593758 1011.1712101180945
90.239585621 1011.2070710654839
90.23986901 1011.2090935736148
90.2450556 1011.276615904352
90.245712102 1011.2906579904673
90.25194596 1011.2906579904674
90.64510841 1011.2906579904675
91.685269104 1011.3285414459878
91.691083015 1011.4101058628404
92.128661255 1011.4101058628405
93.073462057 1011.4479893183608
93.078283036 1011.5155116490981
93.21440333 1011.5155116490982
94.433004007 1011.5533951046185
94.439211106 1011.5906450289671
94.47749783 1011.5906450289672
95.110156335 1011.5906450289673
95.7365799 1011.6285284844876
95.74314205 1011.6351511619903
95.768794741 1011.6351511619904
96.979790725 1011.6730346175109
97.302893812 1011.673034617511
98.171490295 1011.69708929219
98.220769291 1011.6970892921901
99.031826368 1011.6970892921902
99.310771831 1011.7211439668691
99.850644929 1011.7211439668694
