0.000361078 1001.2766685637781
0.000462962 1001.3271553380806
0.000497359 1001.6583106588057
0.000568513 1001.9120839729086
0.010391507 1001.9402367876265
0.010788879 1001.9695904935213
0.010968727 1002.0143343493934
0.011213103 1002.1694779792676
0.080417276 1002.2234963888883
0.087839864 1002.2516492036062
0.088164656 1002.281002909501
0.08830808 1002.3257467653731
0.088507001 1002.4808903952472
0.150329892 1002.4846186690029
0.272420626 1002.4853646841548
0.332975129 1002.4854525551949
0.455572448 1002.4876231030252
0.51653795 1002.4884769175189
0.577477678 1002.488476917519
0.75910507 1002.4923240832867
0.88009548 1002.5026491965061
0.986297668 1002.5026491965062
1.003129729 1002.504381472252
1.122981674 1002.5070858817481
1.184394237 1002.5070858817483
1.423532764 1002.5150418522401
1.663938586 1002.5156214575263
1.72279025 1002.5156214575264
1.9022048489999999 1002.5178306234138
2.02089588 1002.5253570124235
2.123297958 1002.5253570124236
2.31979421 1002.5350041112839
2.422439186 1002.535004111284
2.438761736 1002.5359153269708
2.539677474 1002.5359153269709
2.556022756 1002.5475625001644
2.655491977 1002.5475625001645
2.671995601 1002.5595625308325
2.90944893 1002.5625744792859
3.032351766 1002.5628491663132
3.075374752 1002.5628491663133
3.151935888 1002.5910580264748
3.212948253 1002.5910580264749
3.448620208 1002.6015466074567
3.684934528 1002.6095260292715
3.746651161 1002.6095260292716
3.928339214 1002.6157513154513
4.050064366 1002.6625573016172
4.2875771799999995 1002.8514366314417
4.295056543 1002.8795894461597
4.295378063 1002.9089431520545
4.29552629 1002.9536870079265
4.295713699 1003.1088306378008
4.469551289 1003.1088306378009
8.340356147 1003.1396781610517
8.340461305 1003.2852716691183
8.340570604 1003.3268726898477
8.340599512 1003.3506159587427
8.34081758 1003.3548694275304
8.340924368 1003.3736425660207
8.341318741 1003.3934514751544
8.349909345 1003.5426534016249
8.355789202 1003.5488786878046
8.387048931 1003.5488786878047
12.289207261 1003.5859514972354
12.289410668 1003.7731460260314
12.289635699 1003.8011427637142
12.289748547 1003.8199159022045
12.290140678 1003.8397248113382
12.304551738 1003.86401937754
12.304734778 1003.8944425607772
12.306591682 1003.9047577209607
12.331456779 1003.941975187823
12.337558039 1003.9704587350119
12.341919099 1003.9809473159937
12.342012011 1003.9889267378086
12.364150925 1003.9889267378087
16.129341415 1004.0259995472393
16.129430591 1004.279772861342
16.137091419 1004.3372793819548
16.137238097 1004.382023237827
19.882480909 1004.4190960472575
19.882595131 1004.4673323134202
19.882688238 1004.6062905760534
19.882910116 1004.6342873137362
19.883015085 1004.6530604522266
19.89271239 1004.7275871107993
19.893332454 1004.7281667160856
19.899357577 1004.7379022709827
21.152063631 1004.7379022709828
23.539517441 1004.7749750804134
23.539634371 1004.823211346576
23.539731401 1004.9621696092092
23.539944618 1004.990166346892
23.540051993 1005.0089394853824
23.549549762 1005.0834661439551
23.550159402 1005.0840457492415
27.071545521 1005.121118558672
27.071758717 1005.308313087468
27.071988797 1005.3363098251508
27.072101668 1005.3550829636412
27.085677099 1005.3681393745823
27.093153489 1005.4189492422257
30.506617885 1005.4560220516563
30.506915173 1005.4671158273512
30.507044531 1005.4737462341294
30.507073653 1005.6712133181351
30.507181957 1005.6899864566253
30.520348329 1005.7030428675664
30.535227075999998 1005.7417953462447
30.583741335 1005.7417953462448
33.869703588 1005.7788681556752
33.869984794 1005.7899619313702
33.870113313 1005.7965923381483
33.870140641 1005.994059422154
33.870247012 1006.0128325606443
33.883216112 1006.0258889715853
33.977592174 1006.0258889715855
37.140644028 1006.0629617810162
37.140997982 1006.0806859634893
37.141027673 1006.2781530474948
37.141115894 1006.2969261859852
37.170176679 1006.3011801336038
40.301175291 1006.3382529430344
40.301467801 1006.3493467187293
40.301580997 1006.3559771255075
40.301609042 1006.553444209513
40.301719837 1006.5722173480034
40.743365261 1006.5722173480035
43.397427356 1006.6092901574341
43.397780936 1006.6270143399072
43.397817009 1006.8244814239127
43.398515728 1006.8244814239129
43.399900078 1006.8308745512925
43.413410271 1006.8336548766814
43.415525879 1006.8395277974613
43.588738027 1006.8395277974614
46.415805772 1006.876600606892
46.416194783 1006.894324789365
46.416225585 1007.0917918733705
46.416936569 1007.0917918733707
46.41826095 1007.0981850007503
46.4188981 1007.0981850007504
46.431364243 1007.1009653261392
49.279139765 1007.1009653261393
49.43061204 1007.1380381355699
49.430949223 1007.1557623180429
49.430977555 1007.3532294020484
49.431661705 1007.3532294020486
49.43289676 1007.3596225294282
49.433566281 1007.3596225294283
49.934957273 1007.3596225294284
52.327944331 1007.396695338859
52.328311597 1007.414419521332
52.328340351 1007.6118866053376
52.344346263 1007.6182797327174
53.70536999 1007.6182797327175
55.096301795 1007.655352542148
55.096649734 1007.6730767246211
55.096678448 1007.8705438086266
55.097324442 1007.8705438086267
55.377834133 1007.8705438086268
57.810694194 1007.9962051664086
57.812789397 1008.046026834103
57.813552396 1008.0745806329982
57.820393214 1008.1029470047459
57.896052548 1008.102947004746
60.4575084 1008.2286083625279
60.45962222 1008.3069838291176
60.471349332 1008.3118789456303
60.473820048 1008.3118789456304
62.903212021 1008.4375403034122
62.90537592 1008.449034316902
62.905497814 1008.4544217200378
62.905826007 1008.4873619711066
62.907276169 1008.5123388873599
62.92601803 1008.51233888736
65.286110138 1008.6380002451418
65.288380236 1008.6548816617674
65.288708801 1008.6878219128363
65.290629266 1008.7127988290895
65.357741875 1008.7127988290896
67.593301785 1008.730660618548
67.594868609 1008.7788179873525
67.595026926 1008.8061827253435
67.595137967 1008.8553416034969
67.595468144 1008.8882818545658
67.599113037 1008.903322464732
67.869392557 1008.9033224647321
69.81330724 1008.9211842541905
69.814829042 1008.9693416229949
69.815100774 1009.0458652391394
69.815433139 1009.0788054902083
69.821012626 1009.0938366051084
69.821499828 1009.0938366051085
71.950065302 1009.1116983945669
71.951538414 1009.1598557633714
71.951798396 1009.2363793795158
71.952101508 1009.2693196305846
71.957973646 1009.2843507454849
71.988481084 1009.284350745485
74.020085169 1009.3022125349434
74.021526481 1009.3285616748013
74.021595799 1009.3376388962985
74.021634383 1009.3777346417389
74.021763386 1009.4268935198922
74.022043586 1009.4598337709612
74.043359581 1009.4738609521426
74.474567906 1009.4738609521427
76.02189468 1009.5398801104055
76.022082261 1009.5672448483967
76.022157599 1009.5943044248726
76.022206108 1009.6164037265501
76.022505466 1009.6493439776189
76.165075288 1009.649343977619
78.006891123 1009.7153631358818
78.007058867 1009.742727873873
78.007195233 1009.7918867520262
78.009855819 1009.7954588177516
78.010159169 1009.807499833464
78.010275907 1009.8113892186591
78.021169801 1009.8227698046821
78.028298671 1009.8227698046823
79.892983277 1009.8887889629451
79.89315311 1009.9161537009363
79.894904575 1009.9432132774123
79.894970405 1009.9653125790896
79.904580721 1009.9688846448149
79.907090393 1009.9716189107879
79.90896391 1009.976737371466
79.913652475 1009.9767373714661
79.917326769 1009.9848150457225
81.729208772 1010.0508342039853
81.729395016 1010.0781989419764
81.729521133 1010.1273578201298
81.741260245 1010.133664151828
81.743592724 1010.1387826125061
81.7481365 1010.1387826125062
82.554438032 1010.1387826125064
83.496587342 1010.2048017707691
83.496767943 1010.2321665087603
83.49725473 1010.2592260852362
83.497515197 1010.2602883920813
83.505454709 1010.2763538779632
83.508697411 1010.2876317186119
84.240279349 1010.287631718612
85.207038411 1010.3536508768749
85.207239452 1010.3810156148661
85.20905675 1010.4080751913419
85.210105231 1010.409137498187
85.217601803 1010.4252029840688
85.28933646 1010.425202984069
86.861909015 1010.4694139133852
86.862005024 1010.4784911348823
86.862045781 1010.5185868803229
86.862515413 1010.5456464567987
86.862785217 1010.5467087636439
87.000538606 1010.546708763644
87.275037613 1010.5467087636441
88.463752962 1010.5909196929605
88.463829988 1010.5999969144576
88.463869515 1010.6400926598981
88.464321574 1010.667152236374
89.999575752 1010.6772560941716
90.00185737 1010.6826808455986
90.003460801 1010.7264296713917
90.004099634 1010.76238412072
90.007368548 1010.7637497610061
90.008153375 1010.7675480873794
90.219864681 1010.7675480873795
91.267543416 1010.7675480873796
91.470111481 1010.7776519451772
91.473992045 1010.8048178779013
91.47455067 1010.8627799717256
91.477854779 1010.8641456120117
91.498880787 1010.8641456120118
92.892298895 1010.8742494698096
92.896216329 1010.9014154025336
92.896768407 1010.9593774963579
94.091496305 1010.959377496358
94.294916186 1010.9616949708388
94.295886865 1010.9694813541556
94.299623732 1010.9966472868797
94.300189174 1011.0249744177495
94.308301096 1011.0387273207506
94.706536509 1011.0387273207507
95.545721656 1011.0387273207508
95.63277879 1011.0387512960635
95.639422899 1011.0986279292623
95.643542829 1011.1043242421422
95.64378232 1011.1113438469482
96.021431096 1011.1113438469483
96.81492043 1011.1113438469484
96.893639609 1011.1136613214292
96.898533685 1011.1769407683398
96.933869288 1011.1769407683399
97.380931765 1011.17694076834
98.099371746 1011.1769647436528
98.105418212 1011.2368413768515
98.387508941 1011.2368413768517
99.254943802 1011.2710035786343
99.262474901 1011.295435375984
99.703939252 1011.2954353759841
