0.000366628 1001.39417924798
0.000679676 1001.4218510135443
0.001183945 1001.590285623034
0.002331399 1001.7112105488527
0.004474316 1001.8515341096745
0.079861248 1001.9660543136331
0.08066229 1002.0869792394518
0.082306133 1002.2273028002736
0.166217544 1002.2275350422868
0.264540473 1002.227535042287
0.386137234 1002.228606060632
0.446823323 1002.2286060606322
0.508041987 1002.2291332475122
0.568680698 1002.2291332475123
0.650421562 1002.2299194348598
0.749526147 1002.2299194348599
0.870292241 1002.2352684792128
0.893366346 1002.2352684792129
0.992538535 1002.235268479213
1.113505776 1002.2361759505922
1.2837240269999999 1002.2361759505923
1.354220909 1002.2407210221133
1.414497391 1002.2425766684748
1.47366051 1002.242576668475
1.534699541 1002.2509269790743
1.5944736480000001 1002.2509269790744
1.655226745 1002.253663945038
1.707280564 1002.2536639450382
1.776487151 1002.2536639450383
1.896188323 1002.2540239281262
1.95477188 1002.258874384377
1.977601765 1002.2588743843771
2.016158691 1002.2588743843772
2.19394482 1002.2603579082853
2.31359268 1002.2639952127631
2.335536393 1002.2639952127632
2.423093406 1002.2639952127633
2.552928896 1002.2671707759629
2.670051075 1002.2750742904851
2.779387239 1002.2750742904852
2.789010203 1002.2908485115883
2.847893033 1002.2908485115884
2.908563854 1002.2926225883758
2.9686404570000002 1002.2928891465838
3.087178401 1002.2928891465839
3.207508166 1002.2937780638694
3.267146251 1002.2937780638695
3.316535674 1002.2937780638696
3.385289342 1002.3002300775935
3.549359823 1002.3002300775936
3.5593114740000003 1002.3002300775937
3.643277728 1002.309621365055
3.739241599 1002.3096213650552
3.856302946 1002.347218251841
3.9153455409999998 1002.3472182518411
3.974330685 1002.3779857375999
4.035060917 1002.4499449258769
4.154614474 1002.449944925877
4.273421307 1002.4625057839417
4.274604283 1002.7518653192501
4.277111078 1002.8921888800719
4.670503658 1002.892188880072
6.729822319 1002.9456290680436
7.449030718 1002.9456290680437
7.631209987 1002.9763965538025
8.319206706 1003.0323559172942
8.31938597 1003.0600276828585
8.319727146 1003.2284622923482
8.320550861 1003.3037610658752
8.334152819 1003.3335439169813
8.34096977 1003.3869841049528
8.356167321 1003.4177515907119
12.233026853 1003.5330891745989
12.233233527 1003.5607609401632
12.234457535 1003.8044943231797
12.24703624 1003.8333882570003
12.286923059 1003.8333882570004
12.576815917 1003.8591066276213
16.058767596 1003.9744442115083
16.058989306 1004.0021159770725
16.060218147 1004.2458493600891
16.072440211 1004.2747432939096
19.803918556 1004.4157992484176
19.804113669 1004.4434710139818
19.805253648 1004.6872043969985
23.456922489 1004.7287962895264
23.456988839 1004.7821284618698
23.457119626 1004.8559321170707
23.459144529 1004.914981990639
23.460815923 1004.937722736258
23.461968716 1004.9726481640379
23.462009822 1005.0080558896135
23.462075433 1005.0281364121037
23.462701312 1005.0996655000873
26.993283297 1005.1945895649585
26.993449236 1005.2683932201594
26.9968634 1005.3501838393468
26.999216216 1005.3958583304274
27.003200535 1005.4171859047825
27.003366773 1005.50700577479
27.018016076 1005.5070057747901
27.164313684 1005.5070057747902
30.434311981 1005.6019298396614
30.434455049 1005.6757334948622
30.439898911 1005.7575241140495
30.442804749 1005.8031986051302
30.4498685 1005.8573568944023
30.450322877 1005.8622332847947
30.45061201 1005.8907401443286
30.453821635 1005.90639864419
30.456702322 1005.9091356101537
30.481821877 1005.9143460494928
30.507696839 1005.9143460494929
33.785571165 1006.0092701143641
33.785731034 1006.083073769565
33.789233431 1006.1648643887522
33.796392573 1006.1709668140016
33.798382206 1006.2646971691049
33.798856909 1006.2695735594973
33.799418432 1006.2753566320355
33.802372967 1006.3137389188926
34.545904977 1006.3137389188927
36.179017596 1006.3137389188928
37.055268348 1006.408662983764
37.055403916 1006.4824666389649
37.058687979 1006.5642572581521
37.067725247 1006.6640900385048
37.068155817 1006.6689664288972
37.068698405 1006.6747495014354
38.105826384 1006.6747495014355
39.598109528 1006.6747495014356
40.220802369 1006.7696735663068
40.220953875 1006.8434772215077
40.224330461 1006.9252678406949
40.234000163 1007.0251006210476
40.234446949 1007.0299770114401
40.235632884 1007.0357600839783
43.331243187 1007.1306841488495
43.331380672 1007.2044878040504
43.334516606 1007.2862784232376
43.343016566 1007.3861112035903
43.343471509 1007.3909875939827
43.38707262 1007.3909875939828
44.889971211 1007.3909875939829
46.339356601 1007.4859116588541
46.339536196 1007.559715314055
46.342745752 1007.6415059332422
46.351924312 1007.7413387135949
46.404074799 1007.741338713595
49.252496483 1007.8362627784663
49.253027999 1007.8472213945632
49.256200026 1007.8947573413227
49.257938425 1007.9522664487434
49.258206552 1007.9685382704253
49.274008329 1008.0094347354299
49.28342089 1008.0460280211398
52.173400421 1008.1409520860111
52.177078189 1008.1994466488675
52.178706467 1008.2569557562882
52.183854476 1008.2667664938057
52.191075093 1008.2689532052179
52.194554198 1008.3141240429746
52.614128846 1008.3141240429748
54.953107312 1008.4090481078459
54.956602892 1008.4675426707024
54.958207419 1008.5250517781229
54.963234536 1008.5348625156405
54.970002846 1008.5370492270529
57.03226679 1008.537049227053
57.765562306 1008.6319732919242
57.769022086 1008.6904678547806
57.770676717 1008.7479769622012
57.776193374 1008.7577876997187
57.801894406 1008.7577876997188
60.459171659 1008.8527117645901
60.462584962 1008.9112063274466
60.464157671 1008.9687154348671
60.477185055 1008.9687154348672
60.485278048 1008.9701591909151
60.797009786 1008.9701591909152
63.056378664 1009.0650832557864
63.057034957 1009.0650832557865
63.061120012 1009.1810869260635
63.073977799 1009.1810869260636
65.550200598 1009.1826566830308
65.550674207 1009.2760109909348
65.557827553 1009.293207949168
65.560952846 1009.3010900177652
65.566512805 1009.3205475869861
65.56704147 1009.3205475869862
65.568663048 1009.3221897769506
65.571486061 1009.3316568600974
65.573136425 1009.3568582185102
65.575515399 1009.3720239570391
65.583064657 1009.3920146612119
67.094910134 1009.392014661212
67.894127053 1009.3935844181792
67.895341225 1009.3956995682621
67.895393243 1009.4057605363263
67.895439179 1009.4128233871152
67.897011164 1009.435297800335
67.897177509 1009.4860636995649
67.900194953 1009.5041356843163
67.908542711 1009.5314753221344
67.909075682 1009.5314753221345
67.910592837 1009.5331175120989
67.913859665 1009.5425845952457
67.915441239 1009.5677859536585
67.917744166 1009.5829516921875
68.647681039 1009.5829516921876
70.141471143 1009.5845214491549
70.142075966 1009.584521449155
70.142744687 1009.596697567302
70.142795746 1009.6037604180909
70.144333105 1009.6262348313107
70.14448322 1009.6770007305406
70.147372274 1009.6950727152921
70.150396209 1009.7029547838893
70.155607124 1009.7224123531101
70.156123471 1009.7224123531103
70.157660003 1009.7240545430747
70.161841294 1009.7587229846342
71.449471536 1009.7587229846343
72.28646784 1009.7602927416016
72.287034006 1009.7602927416017
72.287699327 1009.7795317105376
72.28917973 1009.8020061237575
72.292291507 1009.8708440077388
72.295161283 1009.878726076336
72.300282763 1009.8981836455569
72.300782968 1009.898183645557
72.302210229 1009.8998258355214
72.717675868 1009.8998258355215
74.384657556 1009.9013955924887
74.385234831 1009.9013955924888
74.38588281 1009.9206345614248
74.387332762 1009.9431089746446
74.390289474 1010.0119468586258
74.39825953 1010.0392864964439
74.398755035 1010.039286496444
74.414476534 1010.0392864964441
75.654562019 1010.0392864964442
76.447922098 1010.0408562534114
76.449171584 1010.0600952223474
76.451246398 1010.0825696355672
76.454032319 1010.1514075195486
76.456890025 1010.1592895881458
76.467365707 1010.1605385919299
76.468281309 1010.1787471573667
76.525635128 1010.1787471573668
78.391255098 1010.1803169143341
78.391796753 1010.1803169143342
78.392407874 1010.1995558832701
78.394339772 1010.22203029649
78.396684838 1010.2908681804712
78.406314798 1010.2999992528526
78.406752683 1010.2999992528527
79.475341869 1010.2999992528528
80.295183272 1010.30156900982
80.296323641 1010.320807978756
80.297741766 1010.3432823919758
80.300481875 1010.4121202759571
80.303227488 1010.4200023445544
80.408862075 1010.4200023445545
82.140872842 1010.4215721015217
82.141386299 1010.4215721015219
82.143670697 1010.4408110704578
82.147708504 1010.532123367659
82.150294425 1010.541245068747
82.183992574 1010.5412450687471
83.916582953 1010.5428148257146
83.91765502 1010.5620537946505
83.922083282 1010.616949833681
83.922245212 1010.6533660918516
85.612846766 1010.654935848819
85.613939796 1010.674174817755
85.620105094 1010.7346243265289
85.632327736 1010.7481733136756
85.634662091 1010.7633890951417
87.257309564 1010.7649588521091
87.25778629 1010.7649588521092
87.259762768 1010.7841978210452
87.265571943 1010.844647329819
87.277583814 1010.8581963169657
88.847068432 1010.8597660739332
88.848131305 1010.8728805636194
88.848217999 1010.8790050428692
88.85411902 1010.939454551643
90.373904291 1010.9410243086104
90.374870707 1010.9541387982966
90.374969702 1010.9602632775463
90.417883094 1010.9602632775465
91.838619411 1010.9618330345139
91.839536751 1010.9749475242002
91.853222902 1010.9797581602011
93.244019811 1010.9813279171685
93.244955396 1010.9944424068548
94.603847555 1010.9960121638221
94.617635545 1011.0031215550423
94.618045537 1011.0039498061341
94.768642186 1011.0039498061342
95.925663074 1011.0055195631015
95.926075591 1011.0055195631016
95.938475191 1011.0126289543218
97.189063848 1011.0141987112892
97.189488652 1011.0141987112893
98.388828948 1011.0157684682566
