0.000361871 998.3872193399723
0.000690506 998.5023396626693
0.001062067 998.5132546232367
0.002344372 998.5229419247057
0.002383109 998.6225618482935
0.002414486 998.7257923217459
0.002580056 998.7979411739167
0.016129237 998.8284796671843
0.017194711 998.8284796671844
0.02202876 998.8348107696336
0.022218471 998.8504355688622
0.080359857 998.8994817843446
0.08060296 998.910396744912
0.081491702 998.920084046381
0.081518564 999.0197039699688
0.081544134 999.1229344434212
0.081667211 999.195083295592
0.092333875 999.2256217888596
0.093146755 999.2256217888597
0.096936867 999.2319528913089
0.097097272 999.2475776905375
0.219302165 999.2480864656166
0.341539324 999.2480866962524
0.585943517 999.2587369303222
0.725702261 999.2590909887738
0.845009775 999.2597879629187
0.8864026 999.2597879629188
1.064680722 999.2627715595067
1.300339513 999.2662216442691
1.319976851 999.2662216442692
1.501973711 999.2662216442693
1.561556327 999.2674838112672
1.661670849 999.2702938729974
1.723528559 999.2758072456284
1.863700534 999.2758072456285
1.963708564 999.2768873619361
2.042760808 999.2768873619362
2.160242756 999.2882248131816
2.220321624 999.2882248131817
2.396882937 999.2900889924725
2.555569206 999.2900889924726
2.615291253 999.296050970954
2.615437354 999.3116757701825
2.850605564 999.3142120103986
2.99010728 999.3142120103987
3.090331178 999.3215547248136
3.3400331850000002 999.3265894642217
3.348731087 999.3422142634502
3.40961822 999.3422142634503
3.588150453 999.3432158236604
3.628568592 999.3432158236606
3.689655326 999.348424108824
3.832303777 999.3485453658994
3.872477869 999.3485453658996
4.052672255 999.364170165128
4.279577681 999.3781093918079
4.279809549 999.4332542767535
4.280012499 999.4749002153857
4.280100148 999.5041446750723
4.281069446 999.5138319765414
4.281101209 999.6134519001291
4.281126765 999.7166823735815
4.281405865 999.7237689414471
4.282322453 999.7237689414472
4.286334769 999.7247331461072
4.287127577 999.7247331461073
4.291853409 999.7252421518222
4.303835134 999.7399270150765
4.30936526 999.7913674659684
4.367626647 999.7913674659685
4.655401203 999.796575751132
5.003628227 999.7965757511321
5.117358683 999.7966970082075
5.346993807 999.8059907049867
6.265518068 999.806992265197
6.723156989 999.8122005503606
7.182637673 999.812321807436
8.101511682 999.8279466066645
8.305406708 999.8628401748118
8.305621261 999.9179850597574
8.305799352 999.9596309983896
8.30588332 999.9888754580763
8.306810437 999.9985627595453
8.306840762 1000.0981826831331
8.306865558 1000.2014131565854
8.307133049 1000.2084997244511
8.311846528 1000.209463929111
8.312666878 1000.2094639291112
8.317297738 1000.209972934826
8.329465017 1000.2246577980806
8.334115483 1000.2760982489724
11.37479068 1000.2917230482009
12.243091079 1000.3266166163484
12.24331981 1000.3817615012939
12.24450804 1000.4218979853783
12.24453656 1000.4623392010818
12.244563543 1000.5619591246697
12.244589803 1000.665189598122
12.244866155 1000.6722761659877
12.249587903 1000.6732403706476
12.25038939 1000.6732403706477
12.254861691 1000.6737493763626
12.265819755 1000.688434239617
12.286180107 1000.6959565531076
15.220254416 1000.7040590388455
15.239685825 1000.7115813523361
16.077730145 1000.7545774062214
16.077946566 1000.809722291167
16.079049249 1000.8498587752513
16.079078457 1000.8902999909549
16.079102218 1000.9899199145426
16.079127042 1001.093150387995
16.079390476 1001.1002369558606
16.084706629 1001.1012011605206
16.089235991 1001.1017101662356
16.119312865 1001.1239173429807
19.822362346 1001.1744357103566
19.822587306 1001.2295805953022
19.823697166 1001.2697170793866
19.823727591 1001.3101582950901
19.823753628 1001.409778218678
19.823777495 1001.5130086921303
19.824049983 1001.5200952599959
19.824940459 1001.520095259996
19.829387942 1001.521059464656
19.833824057 1001.5215684703709
19.848470569 1001.5362533336253
23.473812052 1001.5867717010012
23.474044657 1001.6419165859468
23.475176911 1001.6820530700311
23.475207159 1001.7224942857347
23.475232961 1001.8221142093224
23.475257489 1001.9253446827748
23.475530508 1001.9324312506404
23.485106025 1001.9339044610155
27.016816275 1001.9844228283914
27.017030556 1002.039567713337
27.018099903 1002.0797041974214
27.018135548 1002.1201454131249
27.018161283 1002.2197653367126
27.018188673 1002.322995810165
27.018454302 1002.3300823780306
27.019317527 1002.3300823780307
27.02965748 1002.3315555884056
30.484635327 1002.3820739557816
30.484851786 1002.4372188407272
30.485915739 1002.4773553248116
30.485946065 1002.5177965405151
30.485971525 1002.6174164641028
30.48599618 1002.7206469375552
30.486272335 1002.7277335054208
30.624975903 1002.7277335054209
33.84108421 1002.7782518727969
33.841303708 1002.8333967577423
33.842321112 1002.8735332418267
33.842352536 1002.9139744575303
33.842377962 1003.0135943811181
33.842400839 1003.1168248545704
33.842662753 1003.123911422436
33.890506895 1003.1239114224361
37.118769392 1003.1716902342409
37.118964086 1003.2295746747575
37.121514333 1003.3369594380238
37.125389598 1003.489326491464
37.97512117 1003.4893264914641
40.290711744 1003.537105303269
40.290881293 1003.5949897437855
40.292988812 1003.7023745070518
40.297299874 1003.7476684776744
40.298396115 1003.8065311012645
40.308456687 1003.8228350457232
40.31279518 1003.8272168094793
40.335930459 1003.8272168094794
43.416739852 1003.8749956212843
43.416916062 1003.9328800618008
43.419057127 1004.0402648250671
43.423135055 1004.0855587956897
43.424222232 1004.1444214192799
43.434274646 1004.1607253637386
43.439245748 1004.1651071274947
46.462452412 1004.2128859392996
46.462664161 1004.2707703798161
46.464749692 1004.3781551430824
46.46884192 1004.423449113705
46.46992175 1004.4823117372949
46.480628208 1004.4986156817537
46.497333758 1004.5011885359025
48.190472859 1004.5011885359027
48.439237169 1004.5011885359028
49.419668974 1004.5489673477074
49.419829027 1004.6068517882242
49.421879605 1004.7142365514904
49.42578991 1004.7595305221131
49.426838354 1004.818393145703
51.529099163 1004.8183931457032
52.457983116 1004.8661719575081
52.458141655 1004.9240563980246
52.460125769 1005.0314411612909
52.464541839 1005.0767351319133
52.4711855 1005.1008558621703
52.471535426 1005.1146360226447
52.472996577 1005.1355977555032
52.545875753 1005.1355977555035
55.214608762 1005.1833765673083
55.214775731 1005.2412610078248
55.216745854 1005.3486457710911
55.227339674 1005.4180604719705
55.227669823 1005.4318406324452
55.242102937 1005.4487169700145
55.281733149 1005.4487169700147
56.12318121 1005.448716970015
57.85762063 1005.4964957818196
57.857777236 1005.5543802223361
57.858435087 1005.5543802223364
57.859732799 1005.6617649856024
57.870421728 1005.7449598469565
58.020746716 1005.7449598469567
60.458998577 1005.7927386587613
60.459534152 1005.818221917681
60.459662473 1005.8224987560574
60.46117387 1005.9580078625442
60.461855057 1005.9580078625444
60.478866263 1005.9714755045446
60.700242636 1005.9714755045449
63.105211221 1006.0192543163495
63.105728694 1006.0447375752691
63.105844151 1006.0490144136455
63.107280234 1006.1845235201323
63.107956417 1006.1845235201325
63.128858581 1006.186205839147
64.14226378 1006.1862058391472
65.627418175 1006.2339846509516
65.627937991 1006.259467909871
65.628052381 1006.2637447482476
65.629437447 1006.3992538547344
65.65892409 1006.3992538547346
65.828044889 1006.3992538547348
66.009172777 1006.3992538547349
68.0886379 1006.4470326665395
68.089118979 1006.4725159254591
68.089231521 1006.4767927638358
68.091776772 1006.5037633048777
68.092385848 1006.5037633048779
68.092968161 1006.5173782815208
68.09360752 1006.5441050419148
68.093956387 1006.5796540868056
68.094371713 1006.5823315481829
68.094467252 1006.5982537584956
68.096059524 1006.6072254986044
68.096365251 1006.6123018703225
70.298439999 1006.6600806821272
70.298928086 1006.6855639410468
70.299043242 1006.6898407794232
70.3012654 1006.7168113204656
70.302412734 1006.7304262971087
70.303014358 1006.7571530575027
70.303378633 1006.7927021023933
70.303770702 1006.7953795637708
70.303869758 1006.8113017740833
70.311419126 1006.8140374862097
70.311790767 1006.8168530738461
70.992526191 1006.8168530738463
72.452822217 1006.864631885651
72.453306952 1006.8901151445704
72.45343212 1006.894391982947
72.455669135 1006.9213625239894
72.456811752 1006.934977500632
72.458062873 1006.9999307672946
72.458160082 1007.0158529776071
72.465631002 1007.0185886897335
74.526575447 1007.0663675015381
74.527063371 1007.0918507604575
74.527174764 1007.0961275988342
74.529300631 1007.1230981398763
74.530485544 1007.1367131165194
74.531710489 1007.2016663831815
74.53180277 1007.2175885934943
75.551089112 1007.2175885934945
76.570537721 1007.2653674052991
76.571020014 1007.2908506642185
76.571134974 1007.2951275025952
76.573288485 1007.3220980436373
76.574445406 1007.3357130202802
76.577451439 1007.3812653927388
76.582302929 1007.4006662869425
76.585750483 1007.4165884972552
77.696208163 1007.4165884972555
78.530191923 1007.4643673090599
78.530636374 1007.4898505679795
78.530745294 1007.4941274063559
78.532825886 1007.5210979473983
78.533963967 1007.5347129240412
78.536780046 1007.5802652964998
78.550366071 1007.6111167762573
79.914773997 1007.6111167762575
80.442207631 1007.6588955880621
80.442667529 1007.6843788469815
80.442766582 1007.6886556853582
80.444821573 1007.7156262264006
80.445921751 1007.7292412030434
80.450160299 1007.7367938449867
80.452942351 1007.7507701221269
80.453285082 1007.7609072058655
80.463410888 1007.7731466532613
82.285755826 1007.8209254650659
82.286183295 1007.8464087239853
82.286504299 1007.850685562362
82.288507288 1007.8776561034041
82.289039197 1007.8776561034043
82.289610877 1007.8912710800472
82.294701409 1007.8956247795887
82.295198064 1007.895624779589
82.297154578 1007.9127999991307
82.297462802 1007.9229370828692
82.40024538 1007.9229370828695
84.121230153 1007.9707158946743
84.121711785 1007.9961991535937
84.121805559 1008.0004759919703
84.123799201 1008.0274465330125
84.124867149 1008.0410615096554
84.129179129 1008.0454152091971
84.131445868 1008.0625904287389
84.157938763 1008.0625904287391
85.856793105 1008.110369240544
85.857258851 1008.1358524994633
85.857337986 1008.14012933784
85.859440817 1008.1670061233236
85.860346719 1008.1807148555253
85.864495076 1008.1850685550668
87.516252948 1008.2328473668716
87.516688776 1008.258330625791
87.51818769 1008.2626074641677
87.520197483 1008.2894842496513
87.521065855 1008.3031929818529
87.529657349 1008.3075466813942
87.575495796 1008.3075466813945
89.117600338 1008.3553254931991
89.118027838 1008.3808087521187
89.118101423 1008.3850855904951
89.1201244 1008.4119623759788
89.120965312 1008.4256711081804
89.143587244 1008.4256711081806
90.671920986 1008.4734499199852
90.672346988 1008.4989331789046
90.672434568 1008.5032100172813
90.674387597 1008.5300868027649
90.683444436 1008.5338840540077
90.687511558 1008.5399925151661
91.024192159 1008.5399925151663
92.142855374 1008.5496559170193
92.142970165 1008.6132545858903
92.1430416 1008.617531424267
92.144972112 1008.6444082097504
92.153860306 1008.6482054609932
92.174708806 1008.6482054609934
92.21550722 1008.6482054609936
93.56709066 1008.695984272798
93.567540755 1008.7214675317176
93.567614504 1008.7257443700943
93.569509353 1008.7526211555777
93.925871441 1008.7526211555779
94.886708716 1008.7526211555781
94.948068776 1008.8003999673828
94.948447105 1008.8258832263022
94.948528915 1008.8301600646788
94.951943408 1008.8527665612365
94.960995293 1008.8570368501624
96.267594336 1008.8667002520152
96.267714099 1008.9302989208865
96.267771107 1008.9345757592631
96.271746664 1008.9407089601926
96.273057194 1008.95459991267
96.284473445 1008.9571822558208
96.356274371 1008.9571822558211
96.60734887 1008.9571822558213
97.523168235 1008.9668456576741
97.5232625 1009.0304443265453
97.527282696 1009.0408543658513
97.52855688 1009.0547453183286
97.598417199 1009.0547453183289
98.728234471 1009.0644087201819
98.728334848 1009.1280073890529
98.733838325 1009.138417428359
98.734577589 1009.1473391431163
98.785989448 1009.1473391431165
99.885713013 1009.1570025449697
99.885806723 1009.2206012138407
99.889582156 1009.2310112531467
100.001566293 1009.2310112531469
