0.00036565 999.3053066588883
0.000469982 999.3218498572684
0.000501499 999.371108878249
0.000529919 999.4609612330031
0.000844514 999.5142653469023
0.002442597 999.5792740986868
0.006153442 999.5875940218992
0.006402139 999.6042378070484
0.008189407 999.6558244399795
0.079168638 999.685249006376
0.079197104 999.7017922047563
0.079221175 999.7510512257367
0.079243887 999.840903580491
0.07944418 999.8942076943903
0.080563705 999.9592164461748
0.083463339 999.967536369387
0.083665671 999.9841801545364
0.085085174 1000.0357667874674
0.328122142 1000.03914536073
0.449157546 1000.0394649051519
0.929627285 1000.0479062330043
1.171346485 1000.0516451533564
1.29148211 1000.052748733695
1.5304665659999999 1000.0549205246745
1.767812895 1000.0610812011258
1.88771665 1000.0623045033775
2.120447036 1000.0642690476378
2.179006769 1000.0642690476379
2.239932776 1000.0696391761743
2.301803654 1000.0696391761744
2.362241928 1000.071018945313
2.421978527 1000.0710189453131
2.5957562579999998 1000.0759604427803
2.6552191 1000.0759604427805
2.7147564749999997 1000.0781612447926
2.948675542 1000.0954192727899
3.068353981 1000.096219169367
3.128282526 1000.0962191693671
3.18895295 1000.1044736569364
3.427758184 1000.1127935801488
3.780640818 1000.1270915630379
4.019859195 1000.129437365298
4.138378781 1000.1697444032882
4.253557619 1000.2596213515844
4.253592857 1000.2761645499647
4.25361829 1000.3254235709451
4.253642002 1000.4152759256995
4.2538687379999995 1000.4685800395987
4.25503774 1000.5335887913832
4.258051893 1000.5585524997448
4.259503464 1000.6101391326758
4.37638473 1000.610139132676
4.49219759 1000.6183936202451
5.424602307 1000.6267135434575
6.812317499 1000.6410115263467
7.272476899 1000.6433573286067
7.329680539 1000.643357328607
8.301574808 1000.7930753974035
8.301620492 1000.8096185957836
8.301645547 1000.8588776167642
8.301888907 1001.0020340854176
8.302769661 1001.0020340854177
8.30387674 1001.067042837202
8.305955522 1001.0753627604145
8.306155055 1001.0920065455639
9.546006048 1001.0979806665159
9.578999079999999 1001.1003264687761
10.210913571 1001.1146244516651
10.252249639 1001.1146244516653
12.223766697 1001.2893062288235
12.223818493 1001.3058494272038
12.223897707 1001.3372313150734
12.22393973 1001.3978377830783
12.224104254 1001.4982649168377
12.22526909 1001.5632736686222
12.234947478 1001.5632736686223
12.236561513 1001.5858915747236
12.904863959 1001.5858915747237
16.033477609 1001.760573351882
16.033529012 1001.7771165502622
16.033612462 1001.8084984381318
16.033654641 1001.8691049061368
16.033840432 1001.9034285758053
16.03422238 1001.9692124954744
16.035014353 1002.0345407916806
16.044532219 1002.0345407916807
16.069093025 1002.042860714893
19.76290915 1002.2175424920512
19.762954975 1002.2340856904315
19.763032393 1002.265467578301
19.763073359 1002.326074046306
19.76326041 1002.3603977159745
19.763618311 1002.4261816356435
19.764340792 1002.4915099318498
19.773643825 1002.4915099318499
20.294054106 1002.49150993185
23.37605372 1002.5143967465818
23.376103735 1002.6827349073884
23.376183037 1002.7141167952581
23.376360241 1002.7589053963744
23.376389708 1002.8090469329316
23.376764196 1002.8748308526006
23.415847499 1002.9311047646603
23.422214648 1002.9401591488069
26.882097005 1002.9630459635387
26.882145152 1003.1313841243453
26.882225741 1003.1627660122149
26.882417851 1003.2075546133314
26.882448026 1003.2576961498884
26.882828314 1003.3234800695575
30.286778423 1003.3463668842894
30.286821072 1003.5147050450961
30.286899211 1003.5460869329656
30.287080138 1003.590875534082
30.287109081 1003.6410170706391
30.287599715 1003.658432588548
30.297439234 1003.7034224170454
33.583521505 1003.7590941135297
33.585569784 1003.8998671769189
33.585741946 1003.949285683963
33.585860461 1003.9731236871734
33.591241459 1004.0051804177928
33.597641094 1004.011221708514
33.603971887 1004.0278048410026
33.606365522 1004.042681059019
33.627559075 1004.0833647645333
36.814117751 1004.1062515792651
36.814203535 1004.2745897400717
36.814283683 1004.3059716279413
36.814476538 1004.3507602290576
36.81501479 1004.4183172835236
36.83736352 1004.4226234065068
38.050898626 1004.4226234065069
39.962058477 1004.478295102991
39.963986234000004 1004.6190681663802
39.96413803 1004.6684866734242
39.964254352 1004.6923246766347
39.969244557 1004.724381407254
39.975513862 1004.7304226979752
39.981354663 1004.747005830464
40.001241115 1004.7575759254972
43.034164327 1004.7694762516664
43.034504304 1004.8034360462344
43.036726945 1004.9540206853707
43.036882167 1005.0034391924148
43.036994187 1005.0272771956252
43.041952997 1005.0593339262446
43.047981334 1005.0653752169658
43.053676463 1005.0819583494545
46.039579583 1005.1376300459389
46.041418406 1005.2784031093279
46.041567067 1005.327821616372
46.042408939 1005.3516596195824
46.046718855 1005.3638441713257
46.047260818 1005.3837163502017
46.053292178 1005.3897576409229
46.067284567 1005.4009560495123
48.953373864 1005.4566277459966
48.955269791 1005.5974008093856
48.955428998 1005.6468193164297
48.956283402 1005.6706573196401
48.96045577 1005.6828418713834
48.960991528 1005.7027140502594
48.966885157 1005.7087553409807
49.735074677 1005.7087553409808
51.779602746 1005.7206556671499
51.781699934 1005.9052001008541
51.781852404 1005.9546186078983
51.785833761 1005.9644571527143
51.786024213 1005.9730832342862
51.786857143 1005.9906411628518
52.157352567 1005.990641162852
54.544977618 1006.002541489021
54.547035411 1006.1870859227254
54.547187389 1006.2365044297694
54.547897326 1006.2365044297695
54.551021887 1006.2463429745854
54.551214714 1006.2549690561574
54.552605938 1006.2725269847231
57.314891618 1006.2878716579276
57.314946694 1006.4574975313035
57.315082574 1006.5183902516405
57.320367946 1006.5282287964566
57.320560745 1006.5368548780284
57.330290057 1006.5468542560627
57.343207968 1006.5468542560628
57.824497725 1006.5468542560629
59.861194089 1006.5621989292674
59.861238922 1006.7318248026434
59.861375143 1006.7927175229804
59.865086578 1006.8025560677964
59.917956342 1006.8025560677966
62.430556803 1006.8179007410012
62.430605258 1006.9875266143771
62.430742202 1007.0484193347141
62.43598048 1007.0582578795302
64.838748331 1007.0736025527344
64.838797319 1007.2432284261105
64.838934082 1007.3041211464475
64.883261165 1007.3041211464476
65.739089663 1007.3041211464478
65.871072917 1007.3041211464479
67.140461285 1007.3194658196522
67.140515982 1007.4890916930283
67.140651931 1007.5499844133652
67.745670825 1007.5499844133653
69.348773042 1007.6820063725935
69.349541864 1007.6820063725936
69.349908467 1007.7347904059053
69.353681071 1007.762093154147
69.35424949 1007.7620931541471
69.356694197 1007.7703553620163
69.361216006 1007.781451706644
69.514850384 1007.7814517066441
71.461008954 1007.9134736658723
71.461910608 1007.9662576991841
71.46567827 1007.9935604474258
71.468651897 1008.0018226552951
71.706333985 1008.0018226552952
73.515121596 1008.0616106756105
73.515663788 1008.1338446145234
73.516511596 1008.1866286478352
73.520307469 1008.2139313960769
73.539442933 1008.2205767870086
74.114764876 1008.2205767870087
75.515658967 1008.280364807324
75.516133179 1008.3525987462369
75.520001254 1008.3570700923955
75.520617974 1008.4326855277905
77.501067466 1008.4924735481059
77.501545123 1008.5234312864877
77.505379335 1008.5691788331773
77.50592655 1008.5691788331774
77.505986963 1008.6151675584387
77.512082119 1008.6168019169921
77.523816443 1008.6168019169922
79.377654554 1008.6765899373075
79.378135556 1008.7075476756895
79.381952144 1008.74658383387
79.382459218 1008.7465838338701
79.384700711 1008.7496293294782
79.38571904 1008.753295222379
79.389256668 1008.7797023140475
79.391580182 1008.7898187603253
79.394118354 1008.7913865421685
79.399625667 1008.7913865421687
79.402249182 1008.7992839476406
81.200455694 1008.8590719679559
81.207916917 1008.9290658645183
81.211641832 1008.9621843446959
81.213454338 1008.9723007909735
81.213883747 1008.9723007909736
81.215951163 1008.9738685728169
81.697986779 1008.973868572817
82.970767891 1009.0055234495495
82.971019239 1009.0336565931323
82.974629913 1009.1036504896947
82.98119842 1009.1367689698723
82.983004268 1009.1468854161499
82.983421178 1009.14688541615
83.067676326 1009.1468854161501
84.68213238 1009.2066734364655
84.686101791 1009.276667333028
84.688613167 1009.2797128286361
84.692687054 1009.3097858132054
84.69437322 1009.3199022594831
86.320457492 1009.3796902797984
86.324406329 1009.4496841763608
86.324912513 1009.449684176361
86.330764068 1009.4828026565384
87.903041412 1009.5425906768538
87.906925974 1009.6125845734161
87.907428935 1009.6125845734163
87.916212801 1009.6156300690245
87.91684706 1009.624226172556
89.42646318 1009.6558810492886
89.429855318 1009.7540080894338
89.432246189 1009.757053585042
89.474790297 1009.7570535850421
90.883514342 1009.7887084617746
90.886874451 1009.8868355019197
90.887345172 1009.8868355019198
90.934717768 1009.8868355019199
92.286998667 1009.9184903786525
92.293372542 1009.932961045954
92.293487993 1009.9409294489348
92.293542756 1009.952554620667
92.301068555 1009.9541587191442
92.304229158 1010.0042647876339
92.338505116 1010.004264787634
93.648325741 1010.0359196643666
93.65651947 1010.0715880048584
93.656718114 1010.0968275681225
94.970510109 1010.1181936665068
94.975627723 1010.1429531121566
94.975742489 1010.1509215151374
94.975807174 1010.1625466868696
95.01263533 1010.1625466868697
95.611149292 1010.1625466868699
96.233262631 1010.2014795157969
96.455792496 1010.201479515797
97.083514408 1010.2014795157971
97.430043954 1010.2108328222049
97.430903283 1010.2228456141813
97.697917174 1010.2228456141814
98.58009613 1010.2321989205892
98.923785121 1010.2321989205893
