0.000365459 999.8293887828903
0.000681934 999.9621231281195
0.0012181 1000.0318579004744
0.003055292 1000.037138060633
0.079647145 1000.2065937607142
0.079803838 1000.3393281059433
0.08015459 1000.4090628782982
0.081467386 1000.4143430384569
0.262849092 1000.4190505571726
0.408439449 1000.4191276550358
0.468400842 1000.4191276550359
0.50234139 1000.4207888758951
0.503573041 1000.4260690360538
0.563798473 1000.4283140410004
0.684679081 1000.4283140410005
0.80637935 1000.4294392260703
0.92553212 1000.4294392260704
1.046486652 1000.4307320223878
1.106058553 1000.4314039708456
1.166670585 1000.4314039708457
1.287208631 1000.4314039708458
1.347539774 1000.433158751104
1.467975546 1000.4331587511041
1.588124554 1000.4354183188515
1.707968947 1000.4354183188516
1.828401379 1000.4369840742795
1.8876499899999999 1000.4380134800034
1.946921869 1000.441420204553
1.948170276 1000.4467003647115
2.045922477 1000.4467003647117
2.067047459 1000.4470926935034
2.126485917 1000.4470926935035
2.210813001 1000.447825506436
2.304542005 1000.4503119581315
2.364044981 1000.4540297176504
2.506564039 1000.4548788855153
2.510789509 1000.4548788855154
2.566761094 1000.4548788855155
2.601999719 1000.4598006665177
2.721943386 1000.4598925719486
2.84114755 1000.4598925719487
2.959599898 1000.4609326323599
3.077008911 1000.4716682865717
3.078207956 1000.4769484467304
3.316040915 1000.4807872062834
3.433511209 1000.4874332859715
3.440740184 1000.4926095937801
3.472623596 1000.4927134461302
3.614640037 1000.4927134461303
3.701275763 1000.5018695129849
3.7057543490000002 1000.501869512985
3.797018339 1000.5071496731435
3.980795358 1000.5071496731437
4.278096775 1000.755895939022
4.278283529 1000.8886302842512
4.280079048 1000.9021718978588
4.280740151 1000.9481849792774
4.304626847 1000.9626212062907
4.366836553 1000.9626212062908
4.88248368 1000.9627250586408
4.886730996 1000.9627250586409
5.22374569 1000.962725058641
5.340311889 1000.9718811254954
5.403243204 1000.9718811254955
6.237533318 1000.9771612856542
8.295742235 1001.2351674707373
8.295950795 1001.3679018159665
8.297641527 1001.4274565109928
8.525293843 1001.4274565109929
9.543919682 1001.4326328188014
10.90201807 1001.4327366711514
11.23700179 1001.4327366711515
11.624462706 1001.4327366711516
12.247165119 1001.4409284463019
12.247206225 1001.4675702036578
12.247233779 1001.6650459513567
12.247373118 1001.8286535092725
12.25431774 1001.8724432048988
12.296601414 1001.8882082042987
16.060152992 1001.9815612179427
16.060227373 1002.104960189804
16.060367718 1002.2685677477199
16.067291724 1002.3123574433462
16.164125116 1002.3123574433463
17.505042074 1002.3123574433464
18.61587712 1002.328018590396
18.663993367 1002.3280185903961
19.774268694 1002.4213716040402
19.774335014000002 1002.5447705759016
19.77445422 1002.7083781338173
19.775288531 1002.7083781338174
19.783331222 1002.7106377015649
19.783849056 1002.7223120762168
19.786864605 1002.7361520150732
19.91910746 1002.7361520150733
20.537959445 1002.7361520150735
21.125637287 1002.7379732232666
21.128539304 1002.7518131621232
23.395170245 1002.7601087896236
23.395212872 1002.7867505469795
23.39523871 1002.9842262946784
23.395369801 1003.1478338525942
23.396151885 1003.1478338525943
23.404040552 1003.1500934203417
23.404549336 1003.1617677949937
23.414110678 1003.1687048191407
25.42077239 1003.1687048191408
26.922592306 1003.1770004466412
26.922638467 1003.2036422039972
26.922666414 1003.4011179516959
26.922802027 1003.5647255096118
26.923622408 1003.5647255096119
26.931353844 1003.5669850773593
26.931856367 1003.5786594520113
30.337481263 1003.5869550795117
30.337530534 1003.6135968368676
30.337556251 1003.8110725845663
30.337684129 1003.9746801424822
30.346894155 1003.9769397102297
30.4509485 1003.9769397102298
31.773976365 1003.9769397102299
33.297819208 1003.97693971023
33.661529457 1003.9852353377302
33.66157804 1004.0118770950861
33.661604503 1004.2093528427849
33.661718445 1004.3729604007008
33.662497628 1004.3729604007009
34.278110108999996 1004.372960400701
36.630705942 1004.3729604007011
36.912051626 1004.3812560282015
36.912108334 1004.4078977855575
36.912140455 1004.6053735332563
36.912329974 1004.6255371558581
36.912675905 1004.7226451263332
36.913053452 1004.7689810911721
39.602300257 1004.7689810911722
40.06326175 1004.8796049371001
40.064405484 1004.9551043652535
40.06464758 1004.993970353038
40.064834409 1005.1001221463899
40.065314519 1005.1294431762926
40.065344002 1005.1612822566094
40.118717413 1005.1612822566096
43.151309652 1005.2719061025375
43.153511039 1005.2921371941658
43.154025836 1005.3072888697709
43.154701664 1005.3678973250763
43.155799924 1005.4648150256845
43.160500276 1005.488378310695
43.161862348 1005.52174434173
43.376378265 1005.5217443417301
46.157019713 1005.6323681876581
46.159426218 1005.6525992792864
46.159966075 1005.6677509548916
46.160560696 1005.728359410197
46.16164807 1005.8252771108051
46.166213565 1005.8488403958156
46.177329156 1005.877849536787
48.548541804 1005.8778495367872
49.111660873 1005.9884733827151
49.113737554 1006.0087044743434
49.114242339 1006.0238561499486
49.11486687 1006.084464605254
49.11594269 1006.1813823058621
49.120406066 1006.2049455908726
49.420012662 1006.2049455908727
51.949515476 1006.3155694368007
51.951528791 1006.335800528429
51.952046015 1006.3509522040341
51.9526219 1006.4115606593394
51.953664466 1006.5084783599476
51.958052505 1006.5320416449581
53.325224107 1006.5320416449582
54.657938548 1006.6426654908861
54.658735385 1006.6426654908862
54.660004234 1006.6628965825143
54.660500262 1006.6780482581196
54.661147632 1006.7189976797985
54.661367771 1006.7211707458831
54.661667815 1006.729149636413
54.662130549 1006.8355744140331
54.662776351 1006.8355744140332
54.671050086 1006.8496239966133
54.671623903 1006.8496239966134
57.184449342 1006.8496239966136
57.284576992 1006.9602478425415
57.285400084 1006.9602478425417
57.286633885 1006.9804789341698
57.287138048 1006.995630609775
57.287970029 1007.0387530975386
57.288278672 1007.0467319880685
57.289094256 1007.1171983298651
57.289377886 1007.1531567656887
57.306381562 1007.1672063482689
59.825442709 1007.2778301941968
59.827453219 1007.298061285825
59.827939427 1007.3132129614303
59.828737273 1007.3563354491939
59.829048192 1007.3643143397236
59.829839034 1007.4347806815202
59.840287577 1007.4686732494713
60.71877479 1007.4686732494714
61.589103913 1007.4686732494715
62.262278657 1007.5792970953994
62.264176451 1007.5995281870277
62.264635147 1007.6146798626328
62.265424781 1007.6578023503964
62.26571552 1007.6657812409262
62.266474991 1007.7362475827229
62.285350316 1007.7619410403626
64.485473148 1007.7619410403627
64.600502191 1007.8725648862905
64.601281861 1007.8725648862907
64.602415932 1007.8927959779188
64.602912797 1007.907947653524
64.603686122 1007.9510701412877
64.603979798 1007.9590490318174
64.604865761 1007.9758639980043
64.613596055 1007.9811765027587
64.622257762 1007.9847788252349
64.623022437 1008.0153236846296
64.625325221 1008.0365024040193
64.952376169 1008.0365024040194
66.816246624 1008.0365024040195
66.926700824 1008.1471262499474
66.928545887 1008.1673573415757
66.929038334 1008.1825090171809
66.929785001 1008.2256315049444
66.930065945 1008.2336103954742
66.930926758 1008.2504253616611
66.940609756 1008.2557378664154
66.947341636 1008.2593401888917
66.947825877 1008.2593401888918
66.948098136 1008.2898850482864
66.956040128 1008.2898850482865
67.270681695 1008.2898850482866
69.054217934 1008.2898850482867
69.15473177 1008.4005088942146
69.156468035 1008.4207399858428
69.156953886 1008.4358916614481
69.157689272 1008.4790141492117
69.167404399 1008.5091205106826
69.17496752 1008.5127228331589
69.572545228 1008.512722833159
71.310668022 1008.623346679087
71.31247541 1008.6435777707152
71.312966451 1008.6587294463204
71.31369076 1008.7018519340841
71.32235899 1008.731958295555
71.945007663 1008.7319582955552
73.384462589 1008.8425821414831
73.385146573 1008.8425821414833
73.386216296 1008.8628132331114
73.386692261 1008.8779649087166
73.387889148 1008.9210873964803
73.402946743 1008.9280767301971
74.399324495 1008.9280767301972
75.373308131 1009.0387005761253
75.375003882 1009.0589316677535
75.375459327 1009.0740833433587
75.376626377 1009.1172058311223
75.39967954 1009.1172058311224
77.353362011 1009.2278296770505
77.355074231 1009.2480607686788
77.355545936 1009.2632124442839
77.356944199 1009.2912445768915
77.357437699 1009.2912445768916
77.379283458 1009.2912445768917
79.22284741 1009.4018684228198
79.224462972 1009.4220995144481
79.224933966 1009.4372511900532
79.226307835 1009.4652833226608
79.85233658 1009.4652833226609
81.042724596 1009.5759071685889
81.044580845 1009.5943289598123
81.044762661 1009.6112899358224
81.048983797 1009.6186235030049
81.058688413 1009.6356807108855
81.058994889 1009.636914892863
82.714040046 1009.6369148928632
82.801582982 1009.7475387387911
82.803398265 1009.7659605300146
82.803599567 1009.7829215060246
82.807674754 1009.7902550732072
82.817014348 1009.8073122810878
84.521016613 1009.9179361270158
84.522907559 1009.9533188942493
84.526742427 1009.9606524614318
84.538838676 1009.9667487826877
85.25815289 1009.9667487826878
86.158267967 1010.0773726286158
86.160195156 1010.1127553958493
86.855392533 1010.1127553958494
87.724819973 1010.2233792417774
87.727055177 1010.2400816442472
87.730537809 1010.243116739761
87.736686781 1010.2562779003472
88.49931676 1010.2562779003473
89.258822542 1010.3669017462754
89.260983022 1010.3836041487452
89.264456862 1010.386639244259
89.276455707 1010.3872519742304
90.709888962 1010.4978758201585
90.711991904 1010.5145782226283
90.715318293 1010.517613318142
92.102653254 1010.6282371640701
92.104685387 1010.64493956654
93.503461406 1010.6657932531368
93.503705795 1010.7063238333438
93.506768609 1010.7329845147648
93.50740471 1010.7454085496882
94.821618402 1010.7662622362851
94.821895129 1010.806792816492
94.823314997 1010.833453497913
94.827855699 1010.8334534979131
96.075039396 1010.8543071845099
96.075270022 1010.894837764717
96.078273514 1010.8962102756316
97.278867084 1010.9170639622284
97.279112203 1010.9575945424353
97.287082152 1010.9575945424356
98.431257678 1010.9784482290324
98.439881486 1011.0094802101675
99.531353376 1011.0303338967643
