0.000365617 1000.1374388973735
0.000466914 1000.4028125643806
0.000788958 1000.4581835862294
0.001960752 1000.4581835862296
0.002599693 1000.4976964062943
0.004850316 1000.5901931100923
0.030182946 1000.6001557368023
0.031210306 1000.6001557368024
0.033805854 1000.6707164301812
0.035227765 1000.745058028381
0.051121118 1000.7450580283811
0.078952916 1000.7751554347896
0.079157981 1000.8305264566384
0.079948204 1000.8305264566385
0.080433688 1000.8700392767032
0.082236505 1000.9625359805012
0.102367195 1000.9724986072113
0.103198732 1000.9724986072114
0.105250449 1001.0430593005901
0.106399411 1001.1174008987899
0.119227734 1001.11740089879
0.179373417 1001.1174008987902
0.347223157 1001.1197542451716
0.468537968 1001.1206534890259
0.587944481 1001.1215657961432
0.710092365 1001.1263514903733
0.722794872 1001.1263514903734
0.828639361 1001.1277212332759
1.069554992 1001.1285398089649
1.142782561 1001.128539808965
1.249777353 1001.1285398089651
1.321315249 1001.1331265728276
1.54449337 1001.1380931285763
1.613530265 1001.1380931285764
1.780661053 1001.1386175091933
1.792718873 1001.1386175091934
1.9003996239999998 1001.139490327878
1.912834471 1001.1394903278781
2.031984704 1001.1394903278782
2.138164957 1001.1468669913331
2.196668631 1001.1468669913332
2.373063332 1001.1641145265289
2.507828791 1001.1713786153924
2.616832353 1001.1713786153927
2.733152004 1001.188479082908
2.744712212 1001.1884790829081
2.864536386 1001.1884790829082
2.968376258 1001.1984472054277
3.085726704 1001.2319870316761
3.098526175 1001.2319870316762
3.217379033 1001.2358340549853
3.323803339 1001.2419496583861
3.453005414 1001.2419496583863
3.572187205 1001.281001441249
3.799692049 1001.3125103517649
3.858074963 1001.3125103517651
4.036340207 1001.3202226558898
4.246888644 1001.5062083006327
4.247135218 1001.5615793224815
4.248461881 1001.6010921425463
4.250229819 1001.6935888463443
4.293292746 1001.6935888463444
5.307694166 1001.7288786616813
5.310433026 1001.7994393550601
5.424815126 1001.7994393550603
8.287261515 1001.800074319388
8.287332356 1001.87608222009
8.287411227 1001.896500717646
8.287437887 1001.9127811128242
8.28759742 1002.120819008244
8.28887419 1002.1603318283087
8.308002065 1002.2093205833386
8.308772161 1002.2093205833387
8.422524262 1002.2113514990712
8.941213686 1002.2113514990713
10.222112113 1002.2170328874633
10.257010012 1002.2170328874635
10.368921926 1002.2170328874636
10.447074108 1002.242860409587
10.481464877 1002.2428604095871
11.153550972 1002.2428604095873
11.825048876 1002.2428604095874
12.223274427 1002.2770352001636
12.223340977 1002.3530431008655
12.223380757 1002.3734615984215
12.223405655 1002.3897419935997
12.223567451 1002.5977798890195
12.224856003 1002.6372927090842
12.249904132 1002.6862814641141
12.497874538 1002.6862814641142
13.756760693 1002.6862814641144
16.044261188 1002.7204562546906
16.044341261 1002.7964641553925
16.044383412 1002.8168826529485
16.044408684 1002.8331630481267
16.044578403 1003.0412009435465
16.045917287 1003.0807137636112
17.323287634 1003.0807137636114
18.913523062 1003.0807137636115
19.761647905 1003.3802622211948
19.761887547 1003.4356332430436
19.762689595 1003.4356332430438
19.764577722 1003.4742732444237
19.780232939 1003.4751460631084
19.869116421 1003.4751460631085
23.38615853 1003.7746945206918
23.386423302 1003.8300655425406
23.387225453 1003.8300655425408
23.389095224 1003.8687055439206
23.490205598 1003.8687055439207
26.905217984 1003.8979793227105
26.905288892 1003.978888235199
26.905329796 1003.9993067327549
26.905355433 1004.0155871279333
26.905526948 1004.223625023353
26.906336946 1004.2236250233531
26.911023208 1004.2336037705421
26.911114905 1004.2521873245046
27.887319889 1004.2521873245047
30.324062482 1004.2814611032945
30.324121355 1004.362370015783
30.324159173 1004.3827885133389
30.324183005 1004.3990689085172
30.324322185 1004.607106803937
30.325106875 1004.6071068039371
30.32962906 1004.6170855511261
30.330447666 1004.6356691050885
31.273504267 1004.6356691050886
33.670925975 1004.6649428838784
33.670988114 1004.7458517963669
33.671028958 1004.7662702939228
33.671060367 1004.7825506891011
33.671211974 1004.9905885845209
33.678501955 1005.0080119754974
33.678581426 1005.0183323099834
36.914539811 1005.0476060887734
36.91459826 1005.1285150012618
36.914634867 1005.1489334988178
36.914771382 1005.3732517894158
36.927620516 1005.3948400777455
36.932955234 1005.4009955148782
40.050334043 1005.4302692936682
40.050398731 1005.5111782061566
40.050436967 1005.5315967037126
40.050595568 1005.7559149943106
40.064014616 1005.7775032826403
41.606441761 1005.7775032826404
43.111698292 1005.8067770614302
43.11175992 1005.8876859739187
43.111799522 1005.9081044714746
43.11194978 1006.1324227620727
43.112719701 1006.1324227620728
45.395334284 1006.1324227620729
46.080815907 1006.1926020103692
46.080963693 1006.2665321969563
46.081070389 1006.2956540476131
46.083155976 1006.3424320178242
46.090221837 1006.3918787265277
46.090634138 1006.3975094186302
46.091239715 1006.4146338696546
46.091332209 1006.4474958783716
46.09268905 1006.4757985727778
46.09413265 1006.4873422415051
46.121125004 1006.4873422415052
46.199166726 1006.4873422415053
48.993069516 1006.5475214898015
48.993246209 1006.6214516763887
48.993351675 1006.6505735270454
48.995441527 1006.679791128658
48.996108011 1006.6797911286582
49.000019961 1006.6815293818808
49.002297521 1006.7467982059601
49.002682908 1006.7524288980626
49.003267984 1006.7695533490869
49.003354411 1006.8024153578039
49.004688741 1006.8307180522103
50.323860971 1006.8307180522104
51.801695556 1006.8908973005066
51.801836856 1006.9648274870938
51.801942827 1006.9939493377505
51.803988963 1007.0231669393631
51.804623422 1007.0231669393633
51.808468278 1007.0249051925858
51.810833451 1007.0592315084413
51.811090951 1007.0958047087677
51.819630978 1007.1129291597921
51.823437482 1007.145791168509
53.407936865 1007.1457911685092
54.52561932 1007.2059704168055
54.525769026 1007.2799006033925
54.5258834 1007.3090224540493
54.527923984 1007.338240055662
54.532389387 1007.3399783088847
54.534707434 1007.3743046247401
54.534981503 1007.4108778250664
54.546384479 1007.4121363001489
54.547962237 1007.4302606879852
56.95302999 1007.4302606879853
57.180995862 1007.4904399362816
57.181133377 1007.5643701228688
57.181226393 1007.5934919735255
57.183218784 1007.6227095751382
57.187522571 1007.6244478283609
57.189768417 1007.6587741442163
57.190016647 1007.6953473445427
57.200933791 1007.696605819625
57.202405482 1007.7147302074613
59.483392035 1007.7147302074615
59.791805767 1007.7749094557577
59.791944071 1007.8488396423448
59.793891846 1007.8779614930015
59.795768079 1007.9071790946142
59.796354906 1007.9071790946143
59.79986801 1007.9089173478369
59.802057272 1007.9432436636923
59.802315679 1007.9798168640187
59.812853502 1007.9810753391012
59.954919193 1007.9810753391013
62.173329835 1007.9810753391014
62.288380026 1008.0412545873977
62.288511787 1008.1151847739848
62.288616094 1008.1443066246416
62.290542706 1008.1735242262542
62.294700523 1008.1752624794769
62.296879225 1008.2095887953324
62.297129646 1008.2461619956587
62.314830634 1008.2461619956588
64.845330308 1008.2461619956589
64.960320853 1008.3063412439552
64.960546024 1008.4093932811991
64.962422221 1008.4386108828118
64.966468453 1008.4403491360345
64.972134803 1008.4638350096048
64.973427487 1008.5058979396521
65.006910527 1008.5058979396522
67.437230529 1008.5660771879485
67.437385132 1008.6400073745357
67.437539966 1008.6447101313921
67.438124824 1008.6691292251923
67.439361742 1008.698346826805
67.44334985 1008.7000850800277
67.445416597 1008.7344113958832
67.451230346 1008.7656338836453
67.515433669 1008.7656338836454
67.740485119 1008.7656338836455
69.675212036 1008.8258131319417
69.675471286 1008.9044460753853
69.676065294 1008.9044460753855
69.677211888 1008.9580827707982
69.677775476 1008.9580827707985
69.681067199 1008.9598210240209
69.689822518 1008.9658729482566
69.690264153 1008.9941473398766
69.690987031 1008.9949762825976
70.208199006 1008.9949762825977
71.809601754 1009.055155530894
71.809737386 1009.1290857174812
71.809871627 1009.1337884743376
71.810466584 1009.1337884743377
71.811588337 1009.1874251697506
71.81217024 1009.1874251697507
71.815345445 1009.1891634229733
71.817362919 1009.2234897388287
71.817886582 1009.2234897388288
72.90534536 1009.2234897388289
73.888987385 1009.2836689871252
73.889252271 1009.3623019305688
73.89137633 1009.4159386259818
73.895095937 1009.4176768792045
73.903300475 1009.4237288034401
74.276741038 1009.4237288034402
75.89286535 1009.4839080517364
75.89341503 1009.5272992896467
75.89344545 1009.531749120565
75.894800247 1009.5320366182923
75.89654441 1009.5671939878983
75.898414298 1009.6179159438157
75.907633285 1009.6202493279978
76.020585657 1009.620249327998
77.846290212 1009.6804285762943
77.846849781 1009.7238198142045
77.846879199 1009.7282696451229
77.848244868 1009.72855714285
77.849951849 1009.7637145124562
77.85188092 1009.8144364683735
79.213708905 1009.8144364683736
79.74992204 1009.87461571667
79.750482467 1009.91800695458
79.750510003 1009.9224567854984
79.752374409 1009.9227442832256
79.753532077 1009.9579016528318
79.770343333 1009.9609534216642
79.770618338 1010.0032240257535
80.232394572 1010.0032240257536
81.581772505 1010.0634032740498
81.582288293 1010.1067945119603
81.582316584 1010.1112443428785
81.585331608 1010.1466892102119
82.953141778 1010.146689210212
83.355336238 1010.2068684585084
83.355877618 1010.2502596964188
83.357016238 1010.251381644469
83.357614586 1010.2513816444691
83.370964962 1010.2601075732952
84.300740575 1010.2601075732953
85.063966649 1010.3202868215916
85.064499691 1010.3636780595019
85.065638341 1010.3648000075522
85.066226163 1010.3648000075523
85.137207561 1010.3648000075524
86.711527084 1010.4249792558488
86.712064588 1010.468370493759
86.713683656 1010.4694924418094
88.28354475 1010.573062928016
88.41425404 1010.5730629280162
89.813054095 1010.6482076177343
89.823344249 1010.6727822539119
90.40589954 1010.672782253912
91.273382916 1010.7479269436302
91.284078264 1010.7552174215557
92.665450857 1010.8303621112739
92.680376354 1010.8311519755177
94.031401668 1010.8860698040467
94.031918102 1010.9062966652359
95.326800206 1010.9612144937648
96.57217165 1010.9713665392883
96.573032873 1011.0012785514161
96.693951631 1011.0012785514162
97.638476932 1011.0012785514164
97.757456125 1011.0114305969397
97.76422756 1011.0218083428874
97.764944475 1011.0366926505585
98.868184404 1011.0366926505586
98.894817472 1011.046844696082
98.901597203 1011.0572224420297
98.906118428 1011.060990247924
98.922329615 1011.0609902479241
99.974907194 1011.0609902479242
99.996461199 1011.0711422934476
100.002839969 1011.0815200393953
100.019505234 1011.0815200393954
101.017913709 1011.0815200393955
