0.000369037 999.4359391060583
0.000509906 999.4893385351979
0.000656874 999.6623868317002
0.001076251 999.6994873982857
0.002734795 999.8287046099117
0.033499979 999.8494641117422
0.078804796 999.9002280208323
0.078899305 1000.0732763173346
0.079178272 1000.1103768839199
0.085613575 1000.1426372777925
0.08604264 1000.2033932240679
0.090028245 1000.2251074922189
0.102488652 1000.2310475733826
0.104929662 1000.239594095546
0.105220235 1000.2603535973765
0.470271049 1000.2661869889056
1.071108027 1000.271911983004
1.191550182 1000.2747401817078
1.6754965880000001 1000.2764418691572
1.736477706 1000.2783414047507
1.9751923009999999 1000.2784883948817
2.094556675 1000.2784883948818
2.214212089 1000.2837205958336
2.332606053 1000.2884191534122
2.452378112 1000.2978972826664
2.511690681 1000.2978972826666
2.571331079 1000.2993827548215
2.811631625 1000.3006845095746
2.9895333920000002 1000.3006845095747
3.048546118 1000.3053259346451
3.168955739 1000.3107487887543
3.262244865 1000.3161187825131
3.286337982 1000.3368782843436
3.381218166 1000.3507452331991
3.405225931 1000.3715047350296
3.46513199 1000.3742632785211
3.525608687 1000.3932190031805
3.644769395 1000.3932190031807
4.282757231 1000.5293889700989
4.282831192 1000.5827883992387
4.282936958 1000.755836695741
4.28324103 1000.7929372623263
4.284422171 1000.9221544739523
4.768153718 1000.9307009961155
6.177264634 1000.9307009961157
7.875235128 1000.9369738946189
8.080152014 1000.936973894619
8.316706644 1001.0222610745662
8.316761993 1001.1410298940041
8.316872132 1001.3140781905065
8.317182967 1001.3511787570918
8.323328219 1001.3834391509644
8.323752179 1001.4441950972397
8.66321063 1001.4441950972398
9.121201672 1001.452741619403
9.124955741 1001.474455887554
12.24814437 1001.5528482200169
12.248206133 1001.6716170394549
12.248312201 1001.8446653359572
12.248627815 1001.8817659025425
12.258938312 1001.8869981034944
12.259208366 1001.9011747903273
12.259514912 1001.9964965108414
16.044890215 1002.0402623926183
16.044967038 1002.1590312120561
16.045077079 1002.3320795085584
16.045374125 1002.3691800751438
16.046191309 1002.369180075144
16.081108007 1002.3744122760959
16.47004856 1002.3884202273955
16.470340241 1002.4255207939808
16.471062846 1002.4255207939809
16.484380397 1002.4523583337444
19.759442278 1002.5524649343582
19.759521921 1002.6712337537961
19.759629982 1002.8442820502984
19.759913153 1002.8813826168838
19.789525232 1002.8813826168839
21.897369582 1002.881382616884
23.362176147 1002.899408055894
23.363431331 1002.9856069274376
23.36398922 1003.0467468400393
23.364100028 1003.0795761051169
23.364322184 1003.1337002569469
23.364478558 1003.1686580477847
23.364534621 1003.1759842506905
23.365386518 1003.1800600072929
23.365414726 1003.2085035721666
23.36973028 1003.2482726124427
23.370455562 1003.2482726124429
23.3738545 1003.2811582654349
23.38234381 1003.2981054940473
23.407591103 1003.3104069000235
26.886478562 1003.3284323390335
26.887720111 1003.4146312105771
26.888253371 1003.4757711231788
26.888368774 1003.5086003882564
26.888581141 1003.5627245400864
26.888755775 1003.5976823309242
26.888809084000002 1003.60500853383
26.889661862 1003.6090842904324
26.889689565 1003.6375278553061
26.890456861 1003.6375278553062
26.894015233 1003.6772968955822
26.894745392 1003.6772968955825
26.898136911 1003.7101825485744
26.898893183 1003.7101825485745
26.906269011 1003.7271297771867
26.920165254 1003.7271297771869
30.311311787 1003.7451552161968
30.312569778 1003.8313540877405
30.313097647 1003.8924940003421
30.313209133 1003.9253232654197
30.31344002 1003.9794474172497
30.313614693 1004.0144052080875
30.314467579 1004.0258071675958
30.314494243 1004.0542507324694
30.318750388 1004.0940197727456
30.322796867 1004.1269054257377
30.339541222 1004.1269054257378
30.387351222 1004.126905425738
33.655483078 1004.1449308647481
33.656702639 1004.2311297362917
33.657258584 1004.2922696488934
33.657374925 1004.3250989139709
33.65760428 1004.3792230658009
33.657759381 1004.4141808566387
33.658600249 1004.425582816147
33.658626934 1004.4540263810206
33.663428557 1004.4937954212969
33.666751279 1004.526681074289
36.89920378 1004.544706513299
36.900448081 1004.6309053848428
36.900951324 1004.6920452974445
36.901064685 1004.7248745625219
36.901297207 1004.778998714352
36.901460092 1004.8139565051898
36.902327404 1004.8538020295717
36.90633875 1004.8935710698479
36.926621445 1004.9102971862382
36.973857223 1004.9102971862383
40.043922126 1004.9283226252483
40.045102063 1005.014521496792
40.04558093 1005.0756614093937
40.045691234 1005.1084906744711
40.045909935 1005.1626148263013
40.046870742 1005.237418141521
40.05080071 1005.2771871817971
40.215780741 1005.2771871817972
43.129235749 1005.2952126208072
43.130398835 1005.3814114923509
43.130883738 1005.4425514049526
43.130997677 1005.4753806700301
43.131223858 1005.5295048218602
43.132173827 1005.6043081370799
43.140768271 1005.6150179482431
43.150198977 1005.6341057007909
44.065077646 1005.634105700791
46.162976556 1005.6521311398011
46.164158397 1005.7383300113447
46.164657524 1005.7994699239465
46.164766214 1005.832299189024
46.165003824 1005.8864233408541
46.165951783 1005.9612266560738
46.174399765 1005.9719364672369
46.199456552 1005.971936467237
46.203272022 1005.9811452970263
49.27278926 1005.9991707360363
49.273944418 1006.0853696075799
49.274407146 1006.1465095201816
49.27451875 1006.1793387852591
49.274733015 1006.2334629370891
49.27565461 1006.3082662523088
49.283883016 1006.3189760634721
49.308438225 1006.3189760634722
50.367840388 1006.3189760634723
52.305638548 1006.3370015024823
52.306755429 1006.4232003740259
52.307218918 1006.4843402866276
52.307324641 1006.5171695517051
52.307542892 1006.5712937035352
52.308479786 1006.6460970187549
52.339528198 1006.6488755414854
53.388991719 1006.6488755414855
55.304519167 1006.7530998520391
55.305010298 1006.8142397646408
55.305124415 1006.8470690297183
55.305320972 1006.9011931815484
55.306248483 1006.9759964967681
55.375973009 1006.9759964967682
56.475785349 1006.9759964967683
58.184957794 1007.080220807322
58.185379622 1007.1413607199236
58.185486755 1007.1741899850011
58.185700331 1007.2283141368313
58.186937035 1007.2776968141433
60.394976372 1007.2776968141434
60.879367337 1007.3819211246969
60.87985917 1007.4392445931991
60.879955444 1007.4758903023761
60.880182988 1007.5300144542061
60.897188263 1007.5479205260639
60.897272014 1007.5545744034825
60.897512245 1007.558532225945
60.898145757 1007.5628764424445
61.875424453 1007.5628764424446
62.936559008 1007.5628764424447
63.411852692 1007.6671007529983
63.412250841 1007.7244242215005
63.414123999 1007.7610699306775
63.414315528 1007.8151940825076
63.43000688 1007.8331001543653
63.430102903 1007.839754031784
65.344759026 1007.8397540317841
65.812702476 1007.9439783423377
65.813118847 1008.0013018108399
65.813209256 1008.0379475200169
65.813433238 1008.049907321264
65.813684736 1008.0549009917809
65.814080235 1008.092071671847
65.830123872 1008.0956795971281
65.830985547 1008.1099777437047
65.834067217 1008.1166316211234
67.240599641 1008.1166316211235
68.131606417 1008.220855931677
68.132007127 1008.2781794001792
68.132095643 1008.3148251093562
68.132327175 1008.3267849106032
68.132559499 1008.33177858112
68.148851216 1008.3725571864674
68.156383757 1008.3840422969731
68.283634688 1008.3840422969732
69.479928599 1008.3840422969733
70.342114186 1008.545590076029
70.342232958 1008.5822357852061
70.342462654 1008.5941955864531
70.35842109 1008.6399678623172
70.482357782 1008.6399678623173
72.483681723 1008.801515641373
72.483805132 1008.8381613505501
72.502030413 1008.8586969359773
72.505001441 1008.8586969359774
73.060132825 1008.8586969359775
74.535912668 1009.0202447150333
74.536045585 1009.0568904242103
74.544220764 1009.0568904242105
74.558143602 1009.0690125998232
76.539434365 1009.2305603788791
76.539543912 1009.2672060880561
78.52961132 1009.428753867112
78.529717205 1009.4653995762891
80.418400299 1009.4726966593206
80.418550327 1009.6052195872913
80.423256943 1009.6478354568732
80.924477809 1009.6478354568733
81.064156465 1009.6478354568734
82.254415242 1009.655132539905
82.254552113 1009.7876554678757
82.26738239 1009.8302713374575
84.019791405 1009.8375684204892
84.01992715 1009.9700913484598
85.698057072 1009.9802660785527
85.698324836 1010.0791436698245
85.705258357 1010.1099113594621
87.328568591 1010.1200860895551
87.328813429 1010.2189636808268
87.337690035 1010.2492617830513
87.341523465 1010.2492617830515
88.910709997 1010.2594365131444
88.911325972 1010.3583141044161
88.920191374 1010.3886122066406
88.942078468 1010.3886122066407
90.436605933 1010.3987869367336
90.436805588 1010.4976645280053
90.448254972 1010.5072722764214
90.61892035 1010.5072722764215
91.900041623 1010.5174470065144
91.901871487 1010.5745409104388
91.901993268 1010.5803240283686
91.902079281 1010.5945675599681
91.912940656 1010.6241676739369
92.474423619 1010.624167673937
93.312234064 1010.6343424040298
93.314000809 1010.6914363079542
93.314130873 1010.697219425884
93.314213901 1010.7114629574835
93.432302303 1010.7114629574836
94.678239919 1010.7216376875765
94.684850298 1010.7965161047975
95.195608063 1010.7965161047977
95.989195267 1010.8066908348906
96.935647727 1010.8066908348907
97.245255009 1010.8168655649836
98.447546124 1010.8178689464797
98.448444424 1010.8250978646836
99.598090973 1010.8261012461797
99.691035251 1010.8261012461799
