0.000357113 998.5842749185773
0.001038232 998.616142735231
0.002313258 998.7066811407187
0.002735805 998.7464751958196
0.002894251 998.8773979394261
0.006412056 998.8846276849495
0.078886926 999.0390382136089
0.079285299 999.0709060302628
0.080167281 999.1614444357504
0.080477017 999.2012384908512
0.080603233 999.3321612344578
0.083439856 999.3393909799811
0.128215932 999.3393909799812
0.177634206 999.3406565787112
0.188098882 999.3426254922069
0.264936608 999.3460160796539
0.326495975 999.346016079654
0.386716397 999.3466059849094
0.447425528 999.3466059849095
0.551487589 999.3479260404312
0.74638534 999.3507409540217
0.988657039 999.3518576538366
1.108482993 999.3520698815964
1.228608196 999.3520698815965
1.3489669 999.3536264358632
1.4088929270000001 999.3536264358634
1.467868918 999.3594651322571
1.586599268 999.3594651322572
1.708006855 999.3642336389329
1.990817012 999.3644854583501
2.06694846 999.3644854583503
2.182201435 999.3681744185411
2.184914974 999.3754041640644
2.348379834 999.3754041640645
2.424378335 999.3811061640326
2.587031999 999.3811061640328
2.661551246 999.3862969095837
2.840922369 999.3862969095838
2.900905991 999.3875735239741
3.139328324 999.3914750864294
3.259923939 999.3914750864295
3.37912873 999.3980175041504
3.4978728439999998 999.4045788387457
3.500528902 999.411808584269
3.622678674 999.412103706974
3.7433883999999997 999.4121037069741
3.8656954409999997 999.429544355093
3.987065477 999.4295443550931
4.108186029 999.4348051871207
4.287351466 999.5435804381736
4.287387325 999.6322222586631
4.287718866 999.6885354273992
4.289896155 999.7145813495482
4.290120412 999.8435270810708
4.291161675 999.8956504405656
4.291830158 999.9570203771176
4.407936778 999.9619860864402
4.640437834 999.9622812091452
4.870057044 999.9622812091453
6.473122355 999.9744610252367
6.702943769 999.9797218572642
6.933687963 999.9797218572643
8.3036359 1000.1131675019597
8.303683172 1000.201809322449
8.304029609 1000.2581224911852
8.306180153 1000.2841684133342
8.306403639 1000.4131141448568
8.312649835 1000.4652375043516
8.327389845999999 1000.4774068642612
8.327599008 1000.4878508444375
8.335981735 1000.5016419245561
8.340349735 1000.5246385274078
9.232764199 1000.5246385274079
12.208183947 1000.55273770653
12.208272015 1000.6633450041307
12.210153918 1000.7519868246202
12.210486511 1000.8082999933563
12.212550189 1000.8343459155053
12.212760795 1000.9632916470279
12.213515084 1000.963291647028
12.213732141 1001.0154150065227
12.214564068 1001.0154150065229
12.233111838 1001.0275843664324
12.24186076 1001.0518194267273
12.406340831 1001.0518194267274
16.029280951 1001.1905259034503
16.029328677 1001.2791677239397
16.030497241 1001.335480892676
16.031794049 1001.361526814825
16.032028315 1001.4904725463474
16.032817049 1001.4904725463476
16.038085304 1001.5425959058424
16.053058295 1001.554765265752
16.952875951 1001.5547652657522
19.743287291 1001.5828644448743
19.743376602 1001.6934717424749
19.743403489 1001.7821135629645
19.745824223 1001.8644726538496
19.746044425 1001.993418385372
19.746830772 1001.9934183853723
19.747047215 1002.045541744867
19.747867253 1002.0455417448671
23.342713056 1002.18424822159
23.342760935 1002.2728900420796
23.345163298 1002.3552491329647
23.345396944 1002.4841948644871
23.346175047 1002.4841948644873
23.351977838 1002.4957330950331
23.36508451 1002.5069301395715
23.365772166 1002.5203791921747
23.36649419 1002.5203791921748
23.368934838 1002.5203791921749
26.853663832 1002.7477274893873
26.85604438 1002.8300865802725
26.856266191 1002.9590323117949
26.862566051 1002.9705705423409
26.875690621 1002.9817675868793
26.877058289 1002.9952166394824
26.925510073 1002.9952166394825
30.277619472 1003.1339231162053
30.277666632 1003.2225649366947
30.279944615 1003.30492402758
30.282086903 1003.4029085868438
30.285550615 1003.4275409578447
30.287165094 1003.4454079896484
30.313467886 1003.4566050341866
30.347413712 1003.4566050341869
33.607400516 1003.5953115109098
33.607458855 1003.6839533313992
33.609725993 1003.7663124222843
33.611825484 1003.8642969815483
33.615293144 1003.8889293525492
33.630991022 1003.9041151870949
33.639688354 1003.904115187095
36.848078793 1004.0428216638179
36.848125019 1004.1314634843072
36.850351625 1004.2138225751926
36.852449578 1004.3118071344563
36.856172699 1004.3118071344567
39.990870837 1004.5391554316689
39.993116516 1004.621514522554
39.998304581 1004.6472534501934
39.998333636 1004.6933220263943
39.998426148 1004.7056943565724
39.999181694 1004.7056943565725
40.043703268 1004.7056943565726
40.262454711 1004.7056943565727
43.077383439 1004.7920184363384
43.077486525 1004.8525957020308
43.077923574 1004.8929629946116
43.078084748 1004.8993422353656
43.07816261 1004.9330426537849
43.080286454 1005.01540174467
43.081645525 1005.067982865253
43.088033239 1005.0872092485104
43.093092893 1005.0995815786885
43.205621375 1005.0995815786886
43.258366041 1005.0995815786887
46.081463973 1005.1859056584542
46.081556369 1005.2464829241467
46.081984187 1005.2868502167274
46.082119172 1005.2932294574814
46.083796475 1005.3064205824082
46.084496395 1005.3064205824084
46.085642369 1005.4618700873689
46.169114901 1005.461870087369
48.988887482 1005.5481941671346
48.988970796 1005.6087714328271
48.989368402 1005.6491387254079
48.98950448 1005.6555179661618
48.991121919 1005.6687090910887
48.997557235 1005.7369512166417
48.998638822 1005.7798806822377
49.015022836 1005.7974394121708
49.020218709 1005.8046936594777
50.389836648 1005.8046936594778
51.795425601 1005.8910177392435
51.795500982 1005.9515950049357
51.795941041 1005.9919622975167
51.796077836 1005.9983415382707
51.797693807 1006.0115326631973
51.798358974 1006.0115326631974
51.803916686 1006.0797747887506
51.804933138 1006.1227042543463
51.805534053 1006.1227042543464
51.820361433 1006.1402629842796
53.202146644 1006.1402629842797
54.574461653 1006.2265870640455
54.574575835 1006.2871643297377
54.57499456 1006.3275316223187
54.575132246 1006.3339108630727
54.576759996 1006.3471019879993
54.577407017 1006.3471019879994
54.582728718 1006.4153441135524
54.583344121 1006.4153441135525
54.583754042 1006.4582735791483
54.648898332 1006.4582735791485
56.444456156 1006.4582735791486
57.237631876 1006.5445976589143
57.237709919 1006.6051749246066
57.239960451 1006.6455422171873
57.24009508 1006.6519214579413
57.241610623 1006.6651125828681
57.247388675 1006.7333547084212
57.251019802 1006.7637523164203
57.289317507 1006.7637523164206
59.755410079 1006.8500763961862
59.755516608 1006.9106536618784
59.755901793 1006.9510209544594
59.756009506 1006.9574001952134
59.757553301 1006.97059132014
59.758171279 1006.9705913201401
59.763384129 1007.0388334456931
59.763983278 1007.0388334456932
59.771235012 1007.0388334456933
62.078394211 1007.0388334456934
62.187904343 1007.125157525459
62.187978381 1007.1857347911513
62.188362779 1007.226102083732
62.188489189 1007.232481324486
62.189950494 1007.2456724494128
62.190537492 1007.245672449413
62.195612598 1007.3139145749659
62.255047675 1007.3139145749661
64.556763298 1007.4002386547318
64.556855125 1007.460815920424
64.557271326 1007.501183213005
64.557404222 1007.507562453759
64.558875612 1007.5207535786856
64.559490091 1007.5207535786857
64.565479656 1007.5579718492831
64.565662891 1007.5698514167581
64.826556453 1007.5698514167582
66.845918539 1007.6561754965239
66.845999071 1007.7167527622162
66.846373992 1007.7571200547972
66.846488685 1007.7634992955511
66.847910412 1007.7766904204777
66.848543954 1007.7766904204778
66.856892954 1007.8252973958158
66.85748151 1007.8252973958159
67.07938508 1007.825297395816
68.069354114 1007.8252973958162
69.079784042 1007.9116214755817
69.079875771 1007.9721987412739
69.08027326 1008.0125660338547
69.080380454 1008.0189452746087
69.082162173 1008.031561199426
69.082400339 1008.0321363995356
69.091505077 1008.0330388365097
69.092440713 1008.0410120057209
69.094067611 1008.0475203372456
69.102455366 1008.0545530402785
69.105580191 1008.0597753210584
69.107441456 1008.0702771513456
69.250805385 1008.0702771513457
71.120639311 1008.0702771513459
71.218126627 1008.1566012311115
71.218197704 1008.2171784968037
71.218563005 1008.2575457893845
71.218662057 1008.2639250301385
71.220361441 1008.2765409549559
71.220579266 1008.2771161550652
71.229512047 1008.2780185920393
71.230399178 1008.2859917612504
71.232002241 1008.2925000927752
71.240549201 1008.2995327958081
71.24358742 1008.3047550765882
71.363782509 1008.3047550765883
72.429484452 1008.3047550765884
73.300163489 1008.3910791563538
73.300249781 1008.4516564220463
73.30063028000001 1008.4920237146271
73.300723635 1008.498402955381
73.302478185 1008.5110188801984
73.302712412 1008.5115940803078
73.312571217 1008.520469686493
73.314162326 1008.5269780180178
73.322194372 1008.5340107210507
73.962889649 1008.5340107210508
74.532710227 1008.5340107210509
75.051776776 1008.534010721051
75.318504861 1008.6203348008164
75.3186278 1008.6809120665087
75.319074542 1008.7212793590896
75.319159786 1008.7276585998436
75.320547038 1008.7408497247702
75.331378645 1008.7497253309556
75.332921696 1008.7562336624803
75.343071819 1008.7562336624804
75.475127846 1008.7562336624806
76.044159911 1008.7562336624807
77.047738288 1008.7562336624808
77.311200929 1008.8425577422463
77.311279044 1008.9031350079385
77.311632449 1008.9435023005195
77.3117097 1008.9498815412735
77.313358981 1008.9624974660909
77.313576472 1008.9630726662002
77.322813725 1008.9719482723857
79.226449362 1009.0582723521512
79.226860486 1009.1062614973024
79.226939891 1009.1592169104242
79.227004473 1009.1655961511784
79.228353108 1009.178787276105
79.242088112 1009.1787872761051
79.491597506 1009.1787872761053
80.092781708 1009.1787872761054
81.052269018 1009.2651113558709
81.052624757 1009.3131005010221
81.052712177 1009.3660559141441
81.052785848 1009.3724351548981
81.054407537 1009.3850510797153
81.12740732 1009.3850510797154
81.184986095 1009.3850510797155
82.771114186 1009.3850510797156
82.825466605 1009.471375159481
82.825816621 1009.5193643046322
82.825890436 1009.5723197177542
82.825948015 1009.5786989585082
83.047092152 1009.5786989585083
83.731372961 1009.5786989585084
84.480860659 1009.5786989585085
84.532547433 1009.6650230382741
84.532901827 1009.7130121834252
84.532989901 1009.7659675965473
84.953441777 1009.7659675965474
86.171550178 1009.77743590318
86.172562475 1009.7881308538468
86.172605192 1009.8080990997158
86.172930755 1009.8107103633936
86.176346699 1009.8118773000252
86.177843682 1009.8470761795708
86.17799075 1009.849181268995
86.181349459 1009.8768623389996
86.18456416 1009.8857690901398
86.185832404 1009.8871309441762
86.18737547 1009.8969963934231
86.210109942 1009.8969963934233
86.910597849 1009.8969963934234
87.764468139 1009.9084647000559
87.765843018 1009.9417391602694
87.771050709 1009.9647192737473
87.771159182 1009.9781049764467
87.774874466 1010.0167978870156
87.823334403 1010.0167978870157
88.473795347 1010.0167978870159
89.266462981 1010.016797887016
89.305071975 1010.0190220399371
89.305273268 1010.0389611443153
89.305694472 1010.0589293901843
89.310359186 1010.0979064700392
89.315613246 1010.0979064700393
89.542457705 1010.0979064700394
90.752694256 1010.1001306229607
90.752914123 1010.1200697273389
90.752952325 1010.1400379732079
90.762967917 1010.1717687482271
90.763177521 1010.1790150530629
92.145828602 1010.1812392059842
92.146282257 1010.1812392059843
92.146414515 1010.2211465562314
92.161557463 1010.2211465562316
92.216227499 1010.2211465562317
93.557904167 1010.2233707091532
93.561427959 1010.2266789135745
93.56177674 1010.2266789135746
93.567810702 1010.2677699775678
93.681767154 1010.2677699775679
94.876316277 1010.2699941304892
94.876770141 1010.2699941304893
94.879677167 1010.2733023349107
94.886989467 1010.2760852167535
95.334022101 1010.2760852167536
96.120661904 1010.278309369675
96.121103921 1010.2783093696751
96.123952217 1010.2816175740965
97.317900008 1010.2838417270178
97.318369201 1010.283841727018
97.326341833 1010.2843180480819
97.330913583 1010.284318048082
98.486076411 1010.2865422010035
