0.000365703 999.0418822277329
0.000479618 999.3847897447301
0.000568988 999.4413711173395
0.000598183 999.5769918970482
0.001209218 999.6127161465563
0.001264771 999.6927783629687
0.004812818 999.7275555421029
0.008683488 999.7292290371026
0.008717545 999.7560420255093
0.010730691 999.7914619729049
0.011667148 999.9141148750966
0.012709516 999.9141148750967
0.01697349 999.9141148750969
0.079378796 999.9472734979717
0.079800314 999.9829977474795
0.079838766 1000.063059963892
0.082497184 1000.0978371430264
0.085648171 1000.0995106380261
0.085676311 1000.1263236264327
0.087319695 1000.1617435738284
0.088059552 1000.2843964760201
0.15265466 1000.2843964760202
0.328674286 1000.2866328020202
0.435020313 1000.2866328020203
0.448980226 1000.2879364911594
0.513810209 1000.2899668529988
0.747842558 1000.2916073980905
0.867771484 1000.293323621288
0.868547924 1000.2933236212881
0.871860356 1000.2933236212882
0.987173991 1000.2987261202601
0.987970441 1000.2987261202602
0.991334257 1000.2987261202603
1.111283249 1000.2987261202604
1.227447004 1000.2999047272103
1.228244044 1000.2999047272104
1.231558047 1000.2999047272106
1.291004515 1000.2999047272107
1.4661928419999999 1000.3000370202237
1.573866648 1000.3000370202238
1.58730036 1000.3005268287437
1.648893575 1000.3005268287438
1.766123866 1000.300526828744
1.826874117 1000.3030655066772
1.946402493 1000.3035265417376
2.063162195 1000.3062922685435
2.12285795 1000.3062922685436
2.182297704 1000.3130551072637
2.299141212 1000.3145856487233
2.359345904 1000.3145856487234
2.416995563 1000.3207996808144
2.41780627 1000.3207996808145
2.421102549 1000.3207996808146
2.537198814 1000.3243680561438
2.53801247 1000.324368056144
2.541300606 1000.3243680561441
2.773019886 1000.3250561918769
2.773814742 1000.325056191877
2.7772022290000002 1000.3250561918771
3.009073095 1000.3255499924383
3.0551074 1000.3255499924384
3.067994482 1000.3269395632813
3.068815032 1000.3269395632814
3.072082709 1000.3269395632815
3.189747914 1000.3400233202192
3.1905258659999998 1000.3400233202193
3.193804316 1000.3400233202194
3.435123161 1000.3507846979961
3.494728608 1000.3507846979962
3.675273951 1000.381172831547
3.676081791 1000.3811728315471
3.679320938 1000.3811728315472
3.795357054 1000.3985745036209
3.963862153 1000.398574503621
4.085029924 1000.4226899224153
4.271234727 1000.5222367672665
4.271698753 1000.5579610167744
4.273145965 1000.6380232331868
4.275754585 1000.6728004123212
4.278778906 1000.6744739073209
4.278808237 1000.7012868957275
4.280369028 1000.7367068431232
4.281297195 1000.8352443265204
4.281899539 1000.8593597453148
4.396125229 1000.8593597453149
5.085010485 1000.8656324600713
5.430183048 1000.8656324600714
6.228256335 1000.8897478788658
8.275068614 1000.9014637496327
8.275361716 1000.971761037295
8.275483465 1000.9882614882615
8.275578244 1001.0728087788495
8.276639382 1001.0887475156037
8.277853082 1001.098231531078
8.278340671 1001.1876481743961
8.281430199 1001.2161346578025
8.282968535 1001.2515546051984
8.285007424 1001.2520444137183
8.285075151000001 1001.3023022829707
8.329187692 1001.3023022829708
10.859731921 1001.3264177017651
10.902221556 1001.3264177017652
11.627241339 1001.3264177017653
12.189547415 1001.3622489913267
12.189838206 1001.4325462789888
12.189881301 1001.4651437679642
12.190056428 1001.5335940205433
12.191419553 1001.5463998276306
12.19193487 1001.5495327572974
12.192310558 1001.559016772772
12.192791708 1001.6484334160901
12.196558065 1001.6769198994963
12.197351757 1001.7123398468922
12.208345165 1001.7366708828123
12.217864217 1001.7373590185454
12.218193248 1001.7523261468875
12.241719977 1001.7630875246646
13.872586084 1001.7630875246647
15.996903973 1001.7989188142258
15.997218653000001 1001.869216101888
15.997566132 1001.9018135908632
15.997761678 1001.9702638434426
15.999120023 1001.9830696505298
15.999624162 1001.9862025801968
15.999991434 1001.995686595671
16.000483478 1002.0851032389894
16.004974907 1002.1490096697914
16.015699912 1002.1733407057116
16.039359791 1002.1759122128491
19.082370079 1002.1759122128493
19.700995127 1002.2117435024105
19.701258993 1002.2820407900728
19.701305375 1002.3146382790479
19.701489316 1002.3830885316273
19.70279368 1002.3958943387144
19.703625294 1002.4085112838558
19.70410136 1002.4979279271739
19.708565598 1002.561834357976
19.718352089 1002.5861653938963
23.324562669 1002.6219966834577
23.324855837 1002.69229397112
23.324900947 1002.7248914600951
23.325080874 1002.7933417126745
23.326411955 1002.8061475197616
23.327224047 1002.818764464903
23.327709196 1002.9081811082211
23.332066262 1002.9720875390232
23.342400657 1002.9964185749434
26.837583554 1003.0322498645048
26.837888923 1003.1025471521668
26.837933789 1003.1351446411422
26.838116405 1003.2035948937214
26.839448817 1003.2164007008087
26.840272226 1003.2290176459501
26.840741881 1003.3184342892682
26.845033977 1003.3823407200703
26.864081456 1003.4031033806609
27.495344303 1003.403103380661
29.691999075 1003.4031033806612
30.255155651 1003.4389346702224
30.255430773 1003.5092319578846
30.255474459 1003.5418294468598
30.255651756 1003.6102796994392
30.256948442 1003.6230855065264
30.257728208 1003.6357024516676
30.258204279 1003.725119094986
30.262440647 1003.789025525788
30.283829552 1003.7920540122416
33.591926856 1003.8278853018029
33.592202337 1003.8981825894651
33.592400238 1003.9992303310197
33.593655023 1004.012036138107
33.594394373 1004.0246530832482
33.594875507 1004.1140697265665
33.599024714 1004.1779761573686
36.829629814 1004.185064106566
36.82968101 1004.2068427671566
36.829718684 1004.2094897315408
36.829848669 1004.2841047345921
36.829891187 1004.3167022235673
36.830059239 1004.3851524761467
36.831283456 1004.3979582832337
36.832026753 1004.4105752283751
36.832473598 1004.4999918716933
36.849586243 1004.5439362006234
36.850962766 1004.5637660094822
36.875430339 1004.5637660094823
39.080393957 1004.5637660094824
39.980850618 1004.5708539586795
39.980903149 1004.5926326192704
39.980944768 1004.5952795836546
39.981085617 1004.6698945867059
39.981131832 1004.7024920756811
39.981315096 1004.7709423282603
39.982605279 1004.7837481353475
39.983376165 1004.796365080489
39.983821711 1004.8857817238071
40.00070724 1004.9297260527372
40.00205922 1004.949555861596
40.287903197 1004.9495558615961
43.050421432 1004.9853871511572
43.050705334 1005.0882819277948
43.050859785 1005.156732180374
43.052029 1005.1695379874612
43.052744106 1005.1821549326024
43.053185665 1005.2715715759208
43.070349308 1005.3155159048509
43.200137253 1005.315515904851
46.032177717 1005.3513471944123
46.032562126 1005.3756998685319
46.032671553 1005.5226922236291
46.033918111 1005.5354980307163
46.034639052 1005.5481149758575
46.035379431 1005.5481149758576
46.036221429 1005.5509433301083
46.036746762 1005.5594781120421
46.037266358 1005.5617425727683
46.03909008 1005.567295272205
46.043434037 1005.5766847634243
46.043960946 1005.6093948891812
46.049647163 1005.6145463873083
46.059122486 1005.6202547592638
46.060249154 1005.6779979103485
48.949314309 1005.6850858595458
48.949376214 1005.7068645201366
48.949413241 1005.7095114845206
48.94973132 1005.8851742291265
48.950890741 1005.8979800362138
48.951595889000004 1005.910596981355
48.952327435 1005.9105969813551
48.953153414 1005.9134253356056
48.953653163 1005.9219601175396
48.954171522 1005.9242245782657
48.960226844 1005.9391667689215
48.960736335 1005.9718768946786
48.966285768 1005.9770283928058
51.246547533 1005.9770283928059
51.77996624 1005.9841163420033
51.780019553 1006.0058950025939
51.78005641 1006.0085419669781
51.780267377 1006.0372123564866
51.780372812 1006.184204711584
51.7814982 1006.197010518671
51.782174544 1006.2096274638125
51.783672511 1006.2124558180631
51.784155996 1006.2209905999971
51.784685919 1006.223255060723
51.790501398 1006.238197251379
51.790983066 1006.2709073771359
51.791612927 1006.270907377136
52.535709388 1006.2709073771362
54.540229779 1006.2779953263333
54.540280018 1006.2997739869242
54.540318332 1006.3024209513084
54.540626275 1006.478083695914
54.541732255 1006.4908895030013
54.542390022 1006.5035064481427
54.543916948 1006.5063348023931
54.54437137 1006.5148695843271
54.544908383 1006.5171340450532
54.55062637 1006.532076235709
54.551103775 1006.5647863614662
55.596527765 1006.5647863614663
57.243822796 1006.5718743106637
57.243906748 1006.5962999356385
57.244108298 1006.624970325147
57.244199383 1006.7719626802444
57.245281297 1006.7847684873315
57.245955708 1006.7973854324729
57.246635564 1006.797385432473
57.247383982 1006.8002137867235
57.247852983 1006.8087485686575
57.248334751 1006.8110130293836
57.253804116 1006.8259552200394
57.256297311 1006.8351399299563
57.26426308 1006.8471814746808
57.730701603 1006.847181474681
59.835746714 1006.8542694238783
59.835815815 1006.8786950488532
59.836020268 1006.9073654383617
59.83611035 1007.0543577934591
59.837174784 1007.0671636005461
59.837836748 1007.0797805456875
59.839227109 1007.0826088999381
59.839688216 1007.0911436818722
59.84017815 1007.093408142598
59.845762769 1007.1083503332541
59.856950167 1007.1118540880836
60.182314516 1007.1118540880838
62.307364418 1007.118942037281
62.307437826 1007.1433676622559
62.307657651 1007.1720380517646
62.308334846 1007.2178079737797
62.308363421 1007.2255216679433
62.308546298 1007.3063149553833
62.308892981 1007.331836213949
62.309527928 1007.3444531590902
62.31023004 1007.3444531590903
62.310929451 1007.3472815133408
62.311342418 1007.3558162952748
62.311850821 1007.358080756001
62.317245371 1007.3730229466568
62.339270068 1007.3730229466569
62.351494041 1007.373022946657
64.696901306 1007.3801108958542
64.696989936 1007.404536520829
64.697201231 1007.4332069103377
64.697817876 1007.4789768323528
64.697845466 1007.4866905265164
64.698006152 1007.5674838139564
64.698310269 1007.5930050725221
64.698931283 1007.6056220176633
64.700283995 1007.6084503719142
64.700704546 1007.616985153848
64.70644353 1007.6169851538482
64.709091635 1007.6312350418862
64.721668727 1007.6332176816165
66.595920875 1007.6332176816167
66.999945351 1007.669048971178
67.000300232 1007.6934016452974
67.000962311 1007.7391715673127
67.00099181 1007.7468852614761
67.001163866 1007.8276785489163
67.002111106 1007.8658167526232
67.003494163 1007.8686451068738
67.003897897 1007.8771798888079
67.005920361 1007.8849970489707
67.012402707 1007.891429776846
69.241103344 1007.8985177260433
69.241186908 1007.9229433510181
69.241389194 1007.9516137405267
69.241960793 1007.997383662542
69.241988294 1008.0050973567054
69.242144006 1008.0858906441456
69.243016214 1008.1240288478525
69.244317975 1008.1268572021031
69.244726494 1008.1353919840371
69.262647471 1008.1488238007094
70.40696505 1008.1488238007095
71.386911769 1008.1559117499067
71.38697491 1008.1803373748816
71.387173802 1008.2090077643901
71.38773155 1008.2547776864054
71.387758083 1008.2624913805688
71.387910813 1008.343284668009
71.388780606 1008.3814228717159
71.390072466 1008.3842512259665
71.390453965 1008.3927860079006
71.413479555 1008.4006031680634
73.467134312 1008.4076911172607
73.467242512 1008.4321167422355
73.467449385 1008.460787131744
73.468030321 1008.5065570537594
73.468059388 1008.5142707479228
73.46822468 1008.595064035363
73.469073988 1008.6332022390699
73.47040027 1008.6360305933205
73.470776527 1008.6445653752545
73.729553236 1008.6445653752546
75.070852047 1008.6445653752547
75.459774487 1008.6760789494269
75.459994662 1008.7047493389357
75.460539491 1008.7505192609508
75.460567098 1008.7582329551142
75.460727087 1008.8390262425544
75.462819814 1008.8799928005119
77.330174561 1008.879992800512
77.448787005 1008.9115063746842
77.448985341 1008.9401767641928
77.44952112 1008.9859466862081
77.449552238 1008.9936603803715
77.449706248 1009.0744536678117
77.452758458 1009.080142904242
77.470836538 1009.0804091904497
77.470921995 1009.1004946081623
79.231912048 1009.1004946081624
79.348874951 1009.1320081823346
79.349068773 1009.1606785718432
79.349625889 1009.2064484938585
79.349780591 1009.2949554754621
79.361504224 1009.2991534672493
79.369917514 1009.3009109981001
81.064712202 1009.3009109981002
81.17713095 1009.3324245722724
81.177343078 1009.361094961781
81.177827967 1009.4068648837963
81.177855342 1009.4145785779597
81.177990938 1009.4953718653999
81.189375965 1009.4995698571871
81.202346785 1009.5010611018303
82.935871759 1009.5325746760026
82.936110312 1009.5612450655111
82.936617507 1009.6070149875264
82.936647067 1009.6147286816898
82.936795849 1009.69552196913
84.629693871 1009.7270355433023
84.629934568 1009.7557059328109
84.632449094 1009.801475854826
84.632617757 1009.8899828364296
84.688422884 1009.8899828364298
86.269003537 1009.9501668001107
86.270532266 1010.0143017673337
86.281031826 1010.0576072792968
86.282790394 1010.079223925714
87.393210024 1010.0792239257141
87.846575613 1010.1394078893949
87.84773207 1010.2028598190644
87.84803362 1010.2035428566179
87.848699182 1010.246848368581
87.849178436 1010.2468483685811
87.879983009 1010.2468483685813
89.367912697 1010.307032332262
89.369368873 1010.371167299485
89.493563143 1010.3711672994853
90.815883073 1010.431351263166
90.819282695 1010.4417696085874
90.826074641 1010.4665350893446
90.827785331 1010.4717199230139
90.82918789 1010.495486230389
91.76630549 1010.4954862303892
92.203978325 1010.5556701940699
92.207200888 1010.5660885394913
92.214256146 1010.5908540202487
92.215935826 1010.596038853918
93.211479951 1010.5960388539181
93.551650098 1010.6666411630201
93.578200871 1010.6666411630204
94.855872896 1010.6696069592591
94.858084818 1010.6746676999566
94.859405555 1010.7124861449739
94.861600719 1010.712486144974
96.097807422 1010.7154519412126
96.099975486 1010.7205126819102
96.103467176 1010.7583311269277
96.696767783 1010.7583311269278
97.29286695 1010.7612969231664
97.29504702 1010.7663576638638
97.30258378 1010.7862126281411
97.43363776 1010.7862126281412
98.403583119 1010.7862126281414
98.425439437 1010.7891784243798
98.427475355 1010.7942391650774
99.490870499 1010.7942391650776
99.513178739 1010.7972049613161
99.739352189 1010.7972049613162
99.97851173 1010.7972049613163
