0.000367249 999.7614495010066
0.000468979 999.84087965607
0.000500135 1000.0250671706442
0.000956988 1000.1383320202394
0.001430365 1000.1545030243847
0.001482953 1000.2108272357646
0.07961192 1000.3946281945746
0.079910073 1000.5078930441696
0.080225882 1000.524064048315
0.080268368 1000.5803882596949
0.141177833 1000.5822584418453
0.263522389 1000.5853543204594
0.43409981 1000.5853543204596
0.507706542 1000.5873579180286
0.62941724 1000.5886323426223
0.677193323 1000.5886323426225
0.750979984 1000.5899045921378
0.797876999 1000.589904592138
0.87012539 1000.590825807996
0.991086203 1000.5936910519001
1.050007659 1000.5936910519002
1.110471225 1000.598889143017
1.229530378 1000.6001753723176
1.4094378060000001 1000.6074075417167
1.646267086 1000.6260607407587
1.692511659 1000.6260607407589
1.882989274 1000.6261820707844
1.999465587 1000.6261820707846
2.117913468 1000.6264144940562
2.416217016 1000.63807759108
2.520812474 1000.6386992804185
2.707957596 1000.6420844657885
2.82436353 1000.6550061731791
2.930699309 1000.6646078548488
3.002450963 1000.6691678684228
3.122136594 1000.6729126567257
3.168577443 1000.6729126567259
3.480113926 1000.6794171157478
3.584240029 1000.679417115748
3.6443710080000002 1000.6840664170444
3.837150778 1000.6962210194997
4.001953145 1000.7002374211897
4.252632929 1000.7347197710824
4.252672247 1000.7981060995367
4.25287483 1000.8930427870073
4.253982626 1000.9239388666476
4.254315336 1000.9282522243159
4.262506407 1001.0970399130767
4.281298555 1001.1240930641536
4.41597681 1001.1856312049248
4.603502615 1001.1856312049249
8.292668179 1001.2611675615299
8.292711655 1001.3405977165933
8.292736716 1001.5247852311675
8.293195181 1001.5926829441369
8.293364041 1001.6542210849082
12.248704053 1001.7212309515404
12.249050523 1001.7660198794514
12.249134974 1001.7669658208803
12.250120832 1001.9394606711372
12.250469126 1001.9437740288055
12.260478405 1001.9657456167066
12.260507136 1002.0033882582242
12.260862963 1002.0332984412813
12.263820535 1002.0694545899022
12.27726048 1002.0694545899023
12.28386696 1002.0698083431997
12.292466715 1002.0814714402235
12.292495031 1002.0984000223226
14.049368773 1002.0984000223227
16.10615997 1002.1279144806662
16.106264191 1002.2578042184681
16.107488115 1002.3836396085518
16.107841904 1002.38795296622
16.117638592 1002.409924554121
16.117667479 1002.4475671956387
16.118023283 1002.4774773786959
16.120911496 1002.5136335273168
16.133958302 1002.5136335273169
16.140319819 1002.5139872806141
16.19665681 1002.5139872806143
19.853592512 1002.5435017389578
19.853679228 1002.6733914767595
19.854831896 1002.7992268668432
19.855169906 1002.8035402245115
19.864844192 1002.8255118124126
19.86487303 1002.8631544539302
19.865201759 1002.8930646369876
19.868044369 1002.9292207856084
23.486761501 1002.9962306522408
23.487110408 1003.0410195801518
23.488140382 1003.2144603718376
23.488484255 1003.2187737295059
23.489284253 1003.218773729506
23.498021089 1003.240745317407
23.49804938 1003.2783879589246
23.498389632 1003.3082981419819
23.502431421 1003.3092193578401
27.024678652 1003.3762292244722
27.024989819 1003.4210181523832
27.025937049 1003.5944589440691
27.026264109 1003.5987723017373
27.027006644 1003.5987723017374
27.035611461 1003.6207438896384
27.035641296 1003.658386531156
27.035986925 1003.6882967142134
30.472638238 1003.7553065808457
30.472951445 1003.8000955087567
30.473881404 1003.9735363004426
30.474212339 1003.9778496581108
30.483481574 1003.999821246012
30.483511296 1004.0374638875295
30.490266111 1004.0445768612898
33.845154124 1004.2039810574352
33.846322826 1004.3298164475189
33.846656375 1004.3341298051871
33.855778163 1004.356101393088
33.855807041 1004.3937440346058
33.873699439 1004.3962345806893
33.891405909 1004.3962345806896
34.217877345 1004.3962345806897
37.116800476 1004.4632444473219
37.117134306 1004.5080333752329
37.118067026 1004.6814741669187
37.118406365 1004.685787524587
37.127257893 1004.7077591124881
37.127287843 1004.7454017540057
38.356400915 1004.7454017540058
40.303530819 1004.7554421123052
40.303989521 1004.904805950151
40.304662693 1005.034954697903
40.330971952 1005.0459541917642
40.331378693 1005.0767969651744
40.912562855 1005.0767969651745
43.420598405 1005.0885162853072
43.421325559 1005.1419528967615
43.421568705 1005.1885957597176
43.422607689 1005.1953080875439
43.423016362 1005.2219048057309
43.423648175 1005.2681631351801
43.42535484 1005.3037851794288
43.425927962 1005.3321966501646
43.429132202 1005.3372322579683
43.429593471 1005.3450475269981
43.445551926 1005.3618565088077
45.420094012 1005.3618565088078
46.469477546 1005.3735758289406
46.469768062 1005.473655303351
46.471514184 1005.4803676311774
46.471902721 1005.5069643493644
46.472540585 1005.5532226788135
46.474233424 1005.5888447230623
46.474766423 1005.6172561937979
46.47775892 1005.6301070706315
46.493919173 1005.6408403635296
46.506225806 1005.6414081337765
48.789306141 1005.6414081337766
49.554254633 1005.651448492076
49.554697369 1005.7570465617248
49.55582625 1005.7599192561461
49.556213027 1005.786515974333
49.558173622 1005.8014338661762
49.558503924 1005.8683963480312
49.559033036 1005.8968078187668
49.561993186 1005.9096586956002
49.579051387 1005.9203919884984
49.679444471 1005.9203919884986
52.58259242 1005.9321113086313
52.583333064 1005.9855479200857
52.583674626 1005.9928442003426
52.584122182 1006.0007425298212
52.584291677 1006.0160959286592
52.584571853 1006.0389031108681
52.584967314 1006.065499829055
52.586907582 1006.080417720898
52.587222706 1006.147380202753
52.587734475 1006.1757916734888
52.590823675 1006.1808272812924
52.606640543 1006.1830092196755
53.816316362 1006.1830092196756
54.756492448 1006.1830092196757
55.453038981 1006.1947285398085
55.453770651 1006.2481651512626
55.454103056 1006.2554614315195
55.454542984 1006.2633597609981
55.454707702 1006.2787131598363
55.455352986 1006.328117060232
55.4572409 1006.3430349520752
55.457545723 1006.4099974339301
55.458040607 1006.4384089046657
55.461079744 1006.4434445124696
57.090594051 1006.4434445124697
58.138835003 1006.4551638326025
58.139581553 1006.5086004440566
58.141070197 1006.5158967243135
58.141508342 1006.5237950537921
58.141679393 1006.5391484526301
58.142282295 1006.588552353026
58.144069303 1006.6034702448692
58.144825273 1006.6988441974597
58.157210106 1006.7020899558042
58.341333894 1006.7020899558044
60.699646302 1006.7138092759373
60.700401437 1006.7672458873916
60.701171846 1006.7824404971271
60.70131254 1006.7977938959651
60.701969355 1006.847197796361
60.703771229 1006.862115688204
60.704519593 1006.9574896407945
60.716633926 1006.960735399139
63.19632905 1006.9724547192718
63.197029509 1007.0258913307259
63.197323807 1007.0331876109831
63.197740645 1007.0410859404615
63.19790023 1007.0564393392997
63.200891575 1007.2161350841291
63.229187918 1007.2161350841293
64.262355793 1007.2161350841294
65.595582221 1007.2278544042621
65.596259016 1007.2812910157164
65.596974685 1007.296485625452
65.59713178 1007.31183902429
65.600176766 1007.4715347691193
65.79403267 1007.4715347691196
67.912922248 1007.4756173767695
67.913195566 1007.5366907007066
67.91349731 1007.5439869809635
67.913908551 1007.5518853104421
67.914056302 1007.5672387092801
67.9180341 1007.5806841836492
67.918139227 1007.6106746679578
67.919251829 1007.6153823492774
67.919356854 1007.6590364806065
67.937665384 1007.6846031818371
68.635496141 1007.6846031818372
70.15076293 1007.6886857894872
70.151069185 1007.7497591134243
70.151366674 1007.7570553936812
70.151924282 1007.7803071219978
70.15593387 1007.8237430806755
70.157015142 1007.8284507619951
70.157120435 1007.8721048933244
72.306576577 1007.8761875009744
72.306876341 1007.9372608249115
72.307682142 1007.967808833485
72.311654963 1008.0112447921628
72.313720958 1008.0333850080041
72.318663758 1008.033430011143
72.322607427 1008.0426480963214
72.324275758 1008.0436102654616
72.329206323 1008.0463093695765
73.193346771 1008.0463093695768
74.389902913 1008.1114653011638
74.390736965 1008.1420133097375
74.395710641 1008.185449268415
74.397812224 1008.2075894842563
74.402538947 1008.2076344873952
74.406414513 1008.2168525725737
74.407983099 1008.2178147417138
75.30188527 1008.2178147417139
76.288522168 1008.217814741714
76.408561872 1008.2829706733011
76.409397748 1008.3135186818746
76.413190512 1008.3569546405521
76.415205572 1008.3790948563934
76.419223452 1008.3791398595325
76.423138781 1008.3883579447107
76.452390861 1008.388357944711
76.595023592 1008.3883579447111
78.412172064 1008.453513876298
78.412991736 1008.4840618848715
78.417016668 1008.4952182267556
78.417524317 1008.4952182267557
78.418443299 1008.5100331713321
78.41854286 1008.5133773951949
78.418668775 1008.5496380593903
78.423249554 1008.5496830625294
78.438800643 1008.5496830625295
78.50507577 1008.5496830625297
79.536472605 1008.5496830625298
80.310558209 1008.579228153671
80.310904708 1008.5871974044405
80.311168564 1008.6453870026903
80.31518059 1008.6565433445744
80.316651448 1008.6713582891507
80.31675047 1008.6747025130137
80.31687893 1008.7109631772091
80.501648715 1008.7109631772092
81.067361128 1008.7109631772095
82.152873994 1008.7405082683507
82.153241295 1008.74847751912
82.153521154 1008.80666711737
82.157498548 1008.8178234592541
82.158906249 1008.8326384038304
82.158993035 1008.8359826276934
82.176356848 1008.8446563516572
82.397350377 1008.8446563516574
83.887437802 1008.8446563516575
83.94325624 1008.8742014427987
83.943596522 1008.882170693568
83.946003303 1008.9283854479916
83.947656893 1008.9515166337021
83.949005208 1008.9663315782784
83.949109337 1008.9696758021412
83.974310807 1008.9696758021414
85.376167942 1008.9696758021415
85.667853004 1008.9992208932827
85.668470575 1008.9992208932829
85.670565496 1009.053404898476
85.672206671 1009.076536084186
85.67267552 1009.0765360841863
85.678813221 1009.0920347355739
87.32153075 1009.1215798267152
87.3235645 1009.1215798267154
87.325622233 1009.1488633314042
87.325764538 1009.1988950176186
87.32621397 1009.1988950176187
87.328567624 1009.1988950176188
88.910332827 1009.2284401087601
88.910936914 1009.2284401087602
88.91440194 1009.255723613449
88.917384532 1009.3057552996635
90.057552443 1009.3057552996636
90.452387242 1009.3353003908047
90.452980742 1009.3353003908048
90.454375683 1009.335300390805
90.455930069 1009.3625838954937
90.460820057 1009.3893909002755
90.462435642 1009.4093256371158
90.484091928 1009.409325637116
91.918908268 1009.4388707282573
91.919332943 1009.4939434384338
92.80900611 1009.4939434384339
93.337138453 1009.523488529575
93.337717432 1009.5234885295752
93.342852469 1009.543963126995
93.343244216 1009.5439631269951
93.383197861 1009.5439631269952
93.583763886 1009.5439631269953
94.70097624 1009.5652839642654
94.701774191 1009.5735082181367
94.710336709 1009.5755054241196
94.711952739 1009.5800837892367
94.715127798 1009.5800837892368
94.750924291 1009.5800837892369
95.683428998 1009.580083789237
96.029490437 1009.6096288803783
96.03007305 1009.6096288803784
96.040012567 1009.6116260863614
96.440935403 1009.6116260863615
97.306582626 1009.6411711775027
97.307152796 1009.6411711775028
97.316647353 1009.6431683834858
97.376603578 1009.6431683834859
98.519631206 1009.6727134746272
98.520181788 1009.6727134746274
99.050911971 1009.6727134746275
99.678592112 1009.6940343118977
99.723302078 1009.6940343118978
100.74734722 1009.6940343118979
