0.000365693 999.9513103581094
0.000767308 999.9982220148595
0.000896656 1000.0621662288792
0.000926932 1000.129629929964
0.001153153 1000.2560885345466
0.01802539 1000.3282859159765
0.036019523 1000.3529117788892
0.047099376 1000.3891770661594
0.061219842 1000.4338529044105
0.061270211 1000.449512139653
0.080673762 1000.5129519694843
0.080822075 1000.6394105740669
0.096045503 1000.6454349553143
0.09956146 1000.6622038682295
0.10813997 1000.7362338184095
0.116288153 1000.7724991056797
0.127561821 1000.8171749439308
0.127602773 1000.8328341791733
0.189291326 1000.8332240251926
0.432116675 1000.8396058079128
0.7926271 1000.8474924961234
0.971227362 1000.8500112242414
1.152430347 1000.8517988236498
1.5137233989999999 1000.8558492656459
1.634304358 1000.857521762415
1.754395615 1000.8597139614304
1.812516684 1000.8597139614305
1.9912856639999998 1000.8643823933127
2.111013043 1000.8665167105569
2.170069227 1000.8665167105571
2.229317091 1000.8725410918044
2.347735043 1000.8725410918045
2.466709491 1000.8726728883097
2.709376187 1000.8775200556873
2.769206377 1000.8775200556875
2.827573783 1000.8823138242244
3.061968854 1000.8835312364239
3.062019408 1000.8991904716664
3.120050194 1000.8991904716665
3.30099309 1000.9092493801063
3.539456639 1000.915294421096
3.599607375 1000.9230548567443
3.71821583 1000.9476807196571
3.718261655 1000.9633399548997
3.958727154 1000.9806535888675
4.2769413499999995 1000.9957576308907
4.277194764 1001.0426692876408
4.277293015 1001.1066135016605
4.277416388 1001.1470334936204
4.277497317 1001.300535807328
4.290502186 1001.3727331887578
4.313203695 1001.3973590516705
4.31360096 1001.430331920881
4.775833407 1001.4498055658629
4.786409169 1001.494481404114
4.843763561 1001.4944814041141
8.330419071 1001.5620319603299
8.330706428 1001.6089436170801
8.330815246 1001.6728878310997
8.330948569 1001.7133078230596
8.331034969 1001.8668101367672
8.346420469 1001.8728345180145
8.350721868 1001.8778134818975
8.368642746999999 1001.8826072504345
8.377386807 1001.9095428063164
8.680927135 1001.9507104872375
8.703163448 1002.0083092193607
12.265253742 1002.0629368817043
12.265532382 1002.1098485384543
12.267260362 1002.173792752474
12.26738232 1002.2142127444339
12.267461917 1002.3677150581416
12.286609661 1002.3787184032719
12.597490368 1002.4253137902648
12.616362504 1002.436317135395
14.368990816 1002.4363171353951
16.111031913 1002.5485435298618
16.111395602 1002.6593994006316
16.111533174 1002.6998193925915
16.111618963 1002.8533217062991
16.146203842 1002.8594778840518
16.465773551 1002.8594778840519
19.849792858 1002.9717042785186
19.850134976 1003.0825601492884
19.850260689 1003.1229801412483
19.851107123 1003.1229801412484
19.851436882 1003.1336013064508
19.851482972 1003.157094144297
19.851738275 1003.1679742301911
19.862109445 1003.1754473813895
19.862218422 1003.2696797058294
20.175547247 1003.2696797058295
20.228919021 1003.2696797058296
23.50101023 1003.3819061002963
23.501366048 1003.492761971066
23.50149823 1003.5331819630259
23.502346854 1003.533181963026
23.502708481 1003.5672959660747
23.502970786 1003.5781760519689
23.515973678 1003.5856492031671
23.518711015 1003.5947320136218
23.521231871 1003.5990058149039
23.526320171 1003.6506665551784
23.531191569 1003.6760168318224
23.536669269 1003.6760168318225
23.550726036 1003.679881527607
23.574291687 1003.6798815276071
23.827639029 1003.6798815276072
27.053030294 1003.7921079220738
27.053283389 1003.8390195788239
27.053376559 1003.9029637928435
27.053493372 1003.9433837848034
27.05425823 1003.9433837848036
27.05462537 1003.9774977878523
27.054894561 1003.9883778737463
27.070263723 1004.0049338353994
27.071896954 1004.0778618840774
27.083169832 1004.0862186535999
27.088966165 1004.0862186536
28.811922011 1004.0862186536001
30.507889546 1004.1984450480668
30.508228165 1004.3093009188365
30.508353558 1004.3497209107963
30.509502252 1004.3838349138451
30.510302394 1004.3838349138452
30.522931699 1004.3841969399388
30.523099223 1004.3900272619551
30.525112322 1004.4112709613922
30.527487553 1004.4155447626744
30.532332378 1004.4672055029489
30.536877161 1004.4763123218597
30.592579828 1004.4763123218598
32.026492495 1004.47631232186
33.878038682 1004.5885387163265
33.878293645 1004.6354503730765
33.878375979 1004.6993945870962
33.879542109 1004.7739285821049
33.892665397 1004.7742906081985
33.892818038 1004.7801209302148
33.894629695 1004.8013646296519
33.896247745 1004.8238949783288
34.174897589 1004.8238949783289
36.532814968 1004.823894978329
37.154238366 1004.9361213727956
37.154559004 1005.0469772435653
37.15531955 1005.0469772435654
37.155772329 1005.121511238574
37.168601087 1005.1218732646677
37.168739959 1005.1277035866839
37.170637689 1005.148947286121
37.173194096 1005.1532210874032
37.901405931 1005.1532210874033
39.712505911 1005.1532210874034
40.327244072 1005.2654474818701
40.32756757 1005.3763033526398
40.328729784 1005.4508373476484
40.341196989 1005.4511993737419
40.341333071 1005.4570296957584
40.343190063 1005.4782733951954
42.856982575 1005.4782733951955
43.439059988 1005.5904997896622
43.439397653 1005.7013556604319
43.440533109 1005.7758896554406
43.452729541 1005.7762516815342
43.452854652 1005.7820820035505
43.475622419 1005.7952905776372
45.901398286 1005.7952905776373
46.472096547 1005.907516972104
46.47240908 1006.0183728428736
46.473521441 1006.0929068378823
46.485594557 1006.0932688639759
46.502649728 1006.093268863976
49.417184277 1006.2054952584429
49.417527846 1006.3163511292125
49.418607437 1006.3908851242212
49.459930975 1006.3908851242213
52.28605617 1006.4507693798655
52.286192875 1006.4549593877529
52.286348345 1006.6139673894577
52.286990876 1006.6139673894578
52.297931828 1006.6178832748503
52.305301706 1006.6885013844663
52.411668699 1006.6885013844665
55.043599538 1006.7483856401105
55.043740734 1006.7525756479979
55.043881036 1006.9115836497028
55.044531587 1006.911583649703
55.054899606 1006.9154995350954
55.062584187 1006.9309672718833
55.069158811 1006.9387979144609
55.137501619 1006.938797914461
56.453725687 1006.9387979144611
57.75980839 1006.9986821701053
57.759939828 1007.0028721779927
57.761818885 1007.1618801796975
57.762440525 1007.1618801796976
57.772738961 1007.1624050331761
57.773872882 1007.1711628980031
57.78090486 1007.181263801878
57.835934154 1007.1812638018781
59.605825318 1007.1812638018782
60.477475285 1007.2411480575223
60.477606956 1007.2453380654097
60.477749556 1007.4043460671146
60.488737634 1007.4048709205931
60.489582616 1007.4136287854202
62.579507588 1007.4136287854203
62.993551006 1007.4735130410644
62.993675186 1007.4777030489518
62.995786224 1007.5461599613888
62.995874656 1007.5978881086586
62.996107784 1007.6367110506567
63.006099785 1007.6372359041351
63.021042026 1007.6372359041352
63.277423799 1007.6372359041353
65.388890353 1007.6971201597794
65.389030821 1007.7013101676667
65.389175944 1007.8603181693717
65.423716598 1007.8603181693718
67.662908426 1007.9202024250159
67.663059973 1007.9242120646298
67.663466266 1007.9928493453402
67.66355531 1008.0445774926101
67.684007529 1008.0773001898156
68.279251436 1008.0773001898157
69.872361673 1008.0789496500801
69.872840152 1008.0912282218652
69.873034413 1008.1320659619658
69.873348696 1008.216773500906
69.874263515 1008.2220217549279
69.880744423 1008.2332557406186
69.881792427 1008.2405986476299
69.898365415 1008.2615595130541
71.997569423 1008.2632089733185
71.998075451 1008.2754875451036
71.998243214 1008.3163252852041
71.998571396 1008.4010328241443
71.999503877 1008.4062810781662
72.005818538 1008.417515063857
72.006882427 1008.4248579708683
72.12616348 1008.4248579708684
74.07306646 1008.4265074311327
74.0731747 1008.4796237430185
74.074018442 1008.5643312819585
74.074568812 1008.5643312819586
74.074925253 1008.5695795359804
74.081071863 1008.5808135216712
74.098578115 1008.5865489295313
74.127224961 1008.5865489295314
74.782391424 1008.5865489295315
76.080029229 1008.5881983897958
76.080113475 1008.6413147016816
76.080952934 1008.7260222406217
76.081527681 1008.7260222406218
76.081861689 1008.7312704946436
76.087902774 1008.7425044803343
76.115695908 1008.7425044803344
76.125387957 1008.7425044803346
78.032899501 1008.744153940599
78.032997539 1008.7972702524846
78.033846605 1008.8819777914248
78.034734271 1008.8872260454467
78.250997982 1008.8872260454468
79.909724139 1008.8888755057112
79.910180809 1008.9011540774962
79.91035591 1008.9419918175969
79.910651356 1009.0266993565372
79.912006932 1009.031947610559
79.938502846 1009.0319476105591
81.728878247 1009.0335970708235
81.729354422 1009.0458756426084
81.730821204 1009.086713382709
81.731106402 1009.1714209216493
81.841778176 1009.1714209216494
83.530270688 1009.1730703819138
83.530773125 1009.185348953699
83.530912629 1009.2261866937996
83.531724496 1009.3108942327398
85.217290765 1009.3125436930042
85.217776396 1009.3248222647892
85.217928089 1009.3656600048898
85.22029395 1009.379680602657
85.220323644 1009.4274100691074
85.224440901 1009.4481431510447
85.598459609 1009.4481431510449
86.853846532 1009.4497926113091
86.854328088 1009.4620711830943
86.856909791 1009.5169295209621
86.856937167 1009.5646589874125
86.866476428 1009.581800760517
86.979773171 1009.5818007605171
88.445799537 1009.5834502207815
88.446279512 1009.5957287925667
88.448735347 1009.6505871304344
88.448761638 1009.6983165968848
88.449192236 1009.6983165968849
88.465523629 1009.7611295537015
90.006069493 1009.7627790139659
90.006507875 1009.7750575857509
90.008977104 1009.8299159236187
90.009006128 1009.8776453900691
90.073387439 1009.8776453900692
90.428060155 1009.8776453900693
91.475099736 1009.8792948503336
91.47553788 1009.8915734221187
91.479717116 1009.9563768344387
91.481820913 1009.9670647794273
91.483430471 1009.9891347175292
91.490071806 1009.9891347175294
91.494401943 1009.994161226437
92.88895554 1009.9958106867014
92.88940328300001 1010.0080892584864
92.893499305 1010.0728926708066
92.897342068 1010.1056505538969
92.903680706 1010.105650553897
93.608438112 1010.1056505538971
94.275975979 1010.1073000141615
94.276411455 1010.1195785859466
94.280357956 1010.1843819982668
94.287677494 1010.1907925366843
94.287734181 1010.2037238935998
94.291970969 1010.2106999712503
94.81711812 1010.2106999712504
95.635652398 1010.2123494315148
95.636067787 1010.2246280032998
95.639949434 1010.28943141562
95.646472865 1010.2958419540375
95.646529157 1010.308773310953
96.27072375 1010.3087733109531
96.887991108 1010.3104227712175
96.888396476 1010.3227013430026
96.892428513 1010.3875047553227
96.899609869 1010.3939152937402
96.900852844 1010.4068466506557
96.916843402 1010.4068466506558
98.096810601 1010.40849611092
98.097229535 1010.4207746827051
98.107692126 1010.4226105068077
98.111533779 1010.4317671475113
98.145003797 1010.4317671475114
99.030388476 1010.4317671475116
99.247010257 1010.4334166077758
99.255595124 1010.4475310036635
99.293375038 1010.4475310036636
100.138719589 1010.4475310036637
