0.000362758 1000.3646019729393
0.000562845 1000.4335507582834
0.000731696 1000.4582225155912
0.000801898 1000.465397571254
0.002374232 1000.7383615286395
0.00338576 1000.8152394984564
0.007452405 1000.9050392199113
0.008264511 1000.9518814214468
0.081483514 1001.0921331750227
0.082232125 1001.1690111448396
0.085455315 1001.2588108662944
0.086101696 1001.3056530678299
0.14798526 1001.30565306783
0.208875813 1001.311369553791
0.392360584 1001.3113695537911
0.453377611 1001.3122281572653
0.514151547 1001.3122281572655
0.57557348 1001.3144709022163
0.63571847 1001.3152209926101
0.6945999 1001.3152209926102
0.816204814 1001.3152209926103
0.997325439 1001.3199383221406
1.056267383 1001.3201932599002
1.177151205 1001.3268659212227
1.4751381860000001 1001.3299174954789
1.53435232 1001.329917495479
1.594226704 1001.3303242387121
1.654302242 1001.3359389832984
1.8328720299999999 1001.3359389832985
1.892646273 1001.3388871662349
2.01100568 1001.3456574709859
2.07032662 1001.3469006898476
2.129883811 1001.3469006898478
2.249479354 1001.3469006898479
2.308657589 1001.3516985000292
2.369723116 1001.3516985000293
2.430060647 1001.3564134831656
2.551502264 1001.3564134831657
2.671887265 1001.3598183028315
2.733390085 1001.3628360290779
2.79435922 1001.3674046302026
2.8556969739999998 1001.3674046302027
3.151354692 1001.3774372498112
3.21053467 1001.3774372498115
3.388119718 1001.4181908508449
3.447343711 1001.418190850845
3.626276786 1001.4336260255362
3.745727253 1001.4629758070486
3.8056766680000003 1001.4629758070487
4.28703059 1001.7354616825482
4.287851095 1001.8123396523652
4.292425122 1001.8230916593764
4.292838393 1001.90213937382
4.640168804 1001.9021393738201
4.871201747 1001.9272279911149
4.871817052 1001.9740701926505
8.308504888 1001.9753562435238
8.308649248 1002.0000280008315
8.308708476 1002.0072030564944
8.309549553 1002.0072030564945
8.309903252 1002.1682609570391
8.310035056 1002.1972344160753
8.310519333 1002.2661161755493
8.310661347 1002.3570449836969
8.338232554 1002.3977985847306
8.339833649 1002.3977985847307
8.352862795 1002.4132337594218
8.363692817 1002.4425835409343
8.435753885 1002.4425835409344
12.244717367 1002.4842467102402
12.244874397 1002.5089184675479
12.244933814 1002.5160935232108
12.246152663 1002.6771514237555
12.246291028 1002.7061248827915
12.246807978 1002.7750066422656
12.246949961 1002.8659354504132
12.274039198 1002.9066890514467
12.328503213 1002.9066890514468
13.800656878 1002.9088929703324
14.01997128 1002.9088929703325
16.077382662 1002.9527600585238
16.077515859 1002.9774318158316
16.077571825 1002.9846068714944
16.078669501 1003.1456647720391
16.078799276 1003.1746382310753
16.07927766 1003.2435199905493
16.079417199 1003.3344487986968
16.107119548 1003.3752023997306
16.957817512 1003.3752023997307
19.814241511 1003.419069487922
19.814393137 1003.4437412452297
19.814449692 1003.4509163008926
19.815606867 1003.6119742014373
19.815747764 1003.6409476604733
19.81623873 1003.7098294199474
19.816381753 1003.800758228095
19.860240631 1003.8007582280951
20.170867535 1003.8007582280952
22.238285069 1003.8007582280953
23.440168488 1003.8446253162866
23.440310194 1003.8692970735943
23.440365777 1003.8764721292572
23.441995053 1004.0157221009063
23.443114425 1004.1187359280711
23.447315074 1004.1341953947309
23.448084831 1004.134195394731
23.448394384 1004.205290289814
23.456952061 1004.2052902898141
23.459865583 1004.2117128357263
26.987267333 1004.2555799239177
26.987406636 1004.2802516812254
26.989038373 1004.4266767085372
26.990130127 1004.5296905357022
26.995274163 1004.6162448974451
27.045634681 1004.6162448974452
27.053828832 1004.6162448974453
30.432551311 1004.6226502365532
30.432766666 1004.6343871120422
30.433363006 1004.6601119856367
30.433498232 1004.6847837429443
30.433860022 1004.744157707355
30.433990113 1004.8000293704584
30.434094448 1004.8565278601004
30.434199923 1004.8579058452148
30.434270202 1004.867734011167
30.434473495 1004.9508719176621
30.447743825 1004.951512653303
30.464627818 1004.9632655293844
30.464774451 1004.9788343782146
30.466599373 1005.0100209469842
30.478902354 1005.0207769591641
32.019921114 1005.0207769591642
33.784792675 1005.027182298272
33.785028125 1005.038919173761
33.786055561 1005.1486897690738
33.786195043 1005.2045614321772
33.786296798 1005.2610599218193
33.786399509 1005.2624379069337
33.786473165 1005.2722660728859
33.786678947 1005.3554039793811
33.79967034 1005.356044715022
33.816919457 1005.3677975911032
33.817062401 1005.3833664399335
33.818783432000004 1005.4145530087031
34.424779964 1005.4145530087033
37.046325146 1005.420958347811
37.046537294 1005.4326952233
37.050392331 1005.4547173013711
37.050840313 1005.4934598226082
37.050927818 1005.5583468313203
37.052021547 1005.562147293091
37.054597051 1005.662116384833
37.055035622 1005.7290397203133
37.059888724 1005.7293928300578
37.062684142 1005.7498207645609
37.078985055 1005.7582388221529
37.079072682 1005.7771424894726
37.442300569 1005.7771424894727
39.887797967 1005.7771424894728
40.21992273 1005.7835478285805
40.220158282 1005.7952847040696
40.221179822 1005.9050552993823
40.221328879 1005.9609269624858
40.221428896 1006.0174254521278
40.221517699 1006.0188034372421
40.221587858 1006.0286316031944
40.222353862 1006.0286316031945
40.226860276 1006.0916292010828
40.23441117 1006.1124102453305
42.255363158 1006.1124102453306
43.30082627 1006.1188155844384
43.30105284 1006.1305524599275
43.30205154 1006.2403230552402
43.302203159 1006.2961947183437
43.302304013 1006.3526932079857
43.302418012 1006.3540711931
43.302490022 1006.3638993590523
43.307773497 1006.4268969569407
45.14491506 1006.4268969569408
46.299327546 1006.4333022960486
46.299552064 1006.4450391715377
46.300523996 1006.5548097668504
46.300673032 1006.610681429954
46.300777289 1006.6671799195959
46.300890349 1006.6685579047103
46.30096592 1006.6783860706626
46.310569084 1006.7054596890205
46.314738276 1006.7079207294139
46.332380913 1006.7136559800327
47.289065149 1006.7136559800329
49.218018776 1006.7200613191407
49.218228322 1006.7317981946296
49.219144252 1006.8415687899425
49.219283942 1006.897440453046
49.219379882 1006.953938942688
49.21948916 1006.9553169278023
49.219560061 1006.9651450937546
49.228886409 1006.9922187121125
50.153119792 1006.9922187121126
52.037064057 1006.9986240512204
52.037285585 1007.0103609267093
52.037979063 1007.0103609267094
52.038241033 1007.1201315220222
52.038388688 1007.1760031851258
52.038486489 1007.2325016747676
52.038597099 1007.2338796598821
52.03866836 1007.2437078258343
52.049961737 1007.2593631375609
52.050003171 1007.2625395195404
52.050619432 1007.2625395195406
52.058401972 1007.2668283364725
52.073160199 1007.2668283364726
53.014671824 1007.2668283364727
54.798976307 1007.2732336755805
54.799193232 1007.2849705510696
54.800044836 1007.3947411463823
54.800182094 1007.4506128094858
54.800288112 1007.5071112991279
54.800379357 1007.5084892842422
54.800445726 1007.5183174501944
54.813968832 1007.5302796554944
54.819045134 1007.5339727619211
54.820394755 1007.5371491439006
55.757308959 1007.5371491439007
57.475438976 1007.5435544830084
57.475675941 1007.5552913584975
57.476570048 1007.6650619538102
57.476719561 1007.7209336169137
57.476819181 1007.7774321065558
57.47691539 1007.77881009167
57.476985385 1007.7886382576223
57.490638334 1007.8006004629225
60.194363548 1007.8070058020304
60.194570295 1007.8187426775194
60.197312146 1007.9285132728322
60.197523906 1008.0408834255776
60.19762533 1008.0422614106919
60.197689102 1008.0520895766442
60.198269373 1008.0520895766443
62.858314985 1008.0584949157522
62.858540749 1008.0702317912411
62.859494609 1008.108775885193
62.861750896 1008.1727386685619
62.864074433 1008.2996529527742
65.272193482 1008.3060582918822
65.272448122 1008.3177951673711
65.274876653 1008.3563392613228
65.276841087 1008.4203020446917
65.277365812 1008.4203020446918
65.280874401 1008.4382933058323
65.280982531 1008.468003271269
65.281206916 1008.5030901074159
65.291728335 1008.5073396390687
65.295210388 1008.5166240788467
67.576742317 1008.5230294179545
67.576978322 1008.5347662934436
67.577913867 1008.5733103873953
67.580005608 1008.6372731707642
67.580521119 1008.6372731707643
67.584077228 1008.6552644319048
67.584190464 1008.6849743973415
67.584415279 1008.7200612334884
67.594551687 1008.7243107651412
67.944454568 1008.7243107651414
69.814975009 1008.7307161042494
69.815200848 1008.7424529797382
69.816096961 1008.7809970736902
69.818093726 1008.844959857059
69.822022948 1008.8629511181995
69.822134532 1008.8926610836362
69.822354858 1008.9277479197831
71.952994347 1008.94589013438
71.953861321 1008.9844342283319
71.955792607 1009.0483970117008
71.962958213 1009.0593162473368
71.967814827 1009.101863139737
71.968416398 1009.1092116751178
71.96888132 1009.1092116751179
71.973898657 1009.1177241398788
71.974268355 1009.1267306694126
72.004723557 1009.1267306694127
74.026822604 1009.1448728840095
74.027398738 1009.1448728840096
74.027669658 1009.1834169779614
74.029533232 1009.2473797613303
74.030024955 1009.2473797613304
74.035846707 1009.2582989969663
74.040767497 1009.3008458893665
74.041481395 1009.3025188805324
74.050439036 1009.3104602483945
76.048178733 1009.3286024629914
76.049092607 1009.3671465569433
76.051003554 1009.4311093403122
76.062314537 1009.4369038101538
76.062665586 1009.4845754683485
76.063365115 1009.4862484595143
76.072456291 1009.4862484595144
76.10152621 1009.4862484595145
78.046225603 1009.5043906741113
78.046522979 1009.5429347680631
78.047101171 1009.5429347680633
78.048398813 1009.6068975514322
78.058924731 1009.6126920212736
78.059307589 1009.6603636794682
78.059753039 1009.6603636794683
79.976519106 1009.6785058940653
79.97731377 1009.717049988017
79.9795568 1009.781012771386
79.989679164 1009.7868072412275
79.990269369 1009.8278667985871
79.990481795 1009.8344788994223
81.826796628 1009.852621114019
81.82709209 1009.891165207971
81.836909107 1009.9135713533141
81.836993675 1009.921771966528
81.839334214 1009.9609224611814
81.844871501 1010.001999368334
83.314163825 1010.0019993683342
83.608637187 1010.020141582931
83.609391544 1010.0586856768828
83.618481967 1010.081091822226
83.618532668 1010.0892924354398
83.621884385 1010.1675287789956
85.323676819 1010.2242150875443
85.333234363 1010.2548218461013
85.337395119 1010.2762815790227
85.341214618 1010.2991277205606
85.602631265 1010.2991277205607
86.980545095 1010.3558140291094
86.989311906 1010.3864207876665
86.98977211 1010.4078805205878
86.999676111 1010.4090118547716
87.022771633 1010.4090118547717
88.038519136 1010.4090118547718
88.567812513 1010.4656981633206
88.576507321 1010.4963049218776
88.576965958 1010.517764654799
88.61129512 1010.5177646547991
89.583767544 1010.5177646547992
90.098290627 1010.5744509633479
90.106651692 1010.5968571086911
90.106720328 1010.6050577219049
91.556231464 1010.6617440304536
91.564661759 1010.6699477926154
91.564837263 1010.6841501757968
92.965872401 1010.7323687182367
92.976048443 1010.7468421935818
92.976418743 1010.7468421935819
92.978852161 1010.791770757071
92.98597421 1010.7917707570712
93.018413899 1010.7917707570713
94.339661658 1010.8200048591152
94.347860192 1010.8544627748563
95.665010977 1010.8826968769
95.674796451 1010.8826968769002
96.919778118 1010.910930978944
97.336426707 1010.9109309789441
98.15280557 1010.9143186916809
98.546597375 1010.914318691681
