0.000363173 1001.9152951179237
0.000479709 1002.1381187317781
0.001040166 1002.1934141638465
0.001310154 1002.2450966587912
0.001536882 1002.3035301789341
0.003355762 1002.340405533789
0.009439886 1002.385342094936
0.02616943 1002.3894997541959
0.030782009 1002.455541348721
0.049827155 1002.4555413487211
0.080033211 1002.4650390322493
0.080406441 1002.5203344643178
0.080577301 1002.5720169592623
0.080734206 1002.6304504794052
0.082109871 1002.6673258342598
0.087017354 1002.7122623954069
0.100220984 1002.716420054667
0.103901599 1002.7824616491921
0.119478173 1002.7824616491922
0.165325107 1002.7869950967263
0.18055519 1002.7869950967264
0.227068778 1002.7883371959597
0.303563166 1002.7883371959598
0.471910648 1002.7888545118412
0.532744799 1002.7906561713903
0.607293647 1002.7906561713904
0.666799145 1002.7943506682051
0.773785707 1002.7943506682053
0.894946424 1002.7950902749294
0.95519414 1002.7953616265409
0.970239961 1002.795361626541
1.016056101 1002.7953616265411
1.076042503 1002.7959559766387
1.090725352 1002.7959559766388
1.135348471 1002.7959559766389
1.210409665 1002.7964485611886
1.437959123 1002.797266366304
1.617744246 1002.7989451383186
1.738975288 1002.7999354333131
1.859011916 1002.802229581531
1.977938282 1002.8029446174992
2.053046979 1002.8029446174993
2.098662548 1002.8059946341937
2.113586658 1002.8059946341938
2.157306645 1002.8106089686905
2.172379041 1002.8106089686906
2.276497119 1002.8145847353592
2.412911758 1002.8190165579309
2.579296506 1002.8190165579311
2.63827199 1002.8327072505788
2.653051155 1002.8327072505789
2.759154929 1002.8337763283489
2.77402107 1002.833776328349
2.818360874 1002.835810256554
3.055969376 1002.8379714083812
3.23716555 1002.8427518312844
3.431254036 1002.8427518312845
3.47713252 1002.8448719944602
3.596392423 1002.8471117139825
3.6573850930000003 1002.84902965372
3.6719916919999998 1002.8490296537201
3.717625382 1002.8490296537202
3.837939896 1002.8492062115467
3.8968924400000002 1002.8619194186269
3.958803273 1002.880409579963
4.078716311 1002.8879910871185
4.300901699 1002.9800786909624
4.301328707 1003.0353741230309
4.301526755 1003.0870566179757
4.301691696 1003.1454901381184
4.303097894 1003.1712845715014
4.310140427 1003.1930390283507
4.31344587 1003.1970147950193
4.319485961 1003.2182403162141
4.320257622 1003.2182403162142
4.327062112 1003.2251818909446
4.328274432 1003.2628396396229
4.444721337 1003.262839639623
4.678042172 1003.2676200625264
4.678122882 1003.2752015696818
5.025355056 1003.2752015696819
6.067696005 1003.2795614523799
6.182709966 1003.27956145238
6.760783529 1003.2816559499441
6.8762690410000005 1003.2816559499443
6.987712801 1003.3128593183603
8.350547292 1003.421668734961
8.35098962 1003.4769641670296
8.352616452 1003.5286466619743
8.352784294 1003.587080182117
8.354171675 1003.6128746155
8.361053266 1003.6346290723493
8.364375022 1003.638604839018
8.370389459 1003.6598303602127
8.371169314 1003.6598303602128
8.378003664 1003.6667719349432
8.499965281 1003.6667719349433
9.167762753 1003.6688664325075
9.168977682 1003.7065241811861
12.298870188 1003.842177083505
12.29947088 1003.9491550105181
12.299646857 1004.007588530661
12.301028811 1004.0333829640438
12.30791947 1004.0551374208933
12.31110469 1004.0591131875617
12.317711035 1004.0803387087566
12.325165792 1004.0872802834871
12.337150027 1004.0937346637493
13.972353905 1004.0937346637494
16.148259772 1004.2358419463307
16.148699894 1004.291137378399
16.148883578 1004.3428198733437
16.149058709 1004.4012533934864
16.150405746 1004.4270478268694
16.157253472 1004.4488022837187
16.160452008 1004.4527780503873
16.166206874 1004.4740035715823
16.173389842 1004.4809451463126
18.083591847 1004.4809451463127
19.912106435 1004.6230524288939
19.912728511 1004.7300303559072
19.912906402 1004.7884638760498
19.914285462 1004.8142583094326
19.921090607 1004.8360127662821
19.924294009 1004.8399885329508
19.931513371 1004.8591801259405
21.908191049 1004.8591801259406
23.561171746 1005.0012874085216
23.561808669 1005.108265335535
23.561993028 1005.1666988556776
23.563344771 1005.1924932890606
23.569871637 1005.2142477459099
23.57293826 1005.2182235125786
24.839934388 1005.2182235125787
27.125520697 1005.3603307951598
27.126154442 1005.4673087221731
27.127589598 1005.5257422423158
27.128909393 1005.5515366756988
27.135354204 1005.5732911325481
27.185524307 1005.5732911325483
30.592884447 1005.7153984151295
30.593526577 1005.8223763421428
30.593695561 1005.8808098622854
30.595017867 1005.9066042956682
30.606451724 1005.9121004520323
30.622319088 1005.9141983450158
33.944064339 1006.0563056275971
33.944637318 1006.1632835546104
33.944793506 1006.2217170747531
33.94603832 1006.2475115081359
37.211121836 1006.3896187907171
37.211722951 1006.4965967177302
37.211865368 1006.5550302378731
37.219635695 1006.5803073553745
40.379004519 1006.7224146379558
40.37959432 1006.8293925649689
40.3797517 1006.8878260851116
40.390581874 1006.8964295137803
40.421087368 1006.913103202613
43.472067436 1007.0552104851943
43.472654914 1007.1621884122076
43.472810132 1007.2206219323502
43.483269343 1007.229225361019
46.453589076 1007.3713326436002
46.454169733 1007.4783105706133
46.454312965 1007.536744090756
46.490700159 1007.5367440907562
49.362587551 1007.6788513733375
49.363183349 1007.7858293003505
49.36810425 1007.8150821511024
49.394816959 1007.8404721512898
52.203417181 1007.8628182241703
52.203473553 1007.89578350529
52.203570527 1007.95366043528
52.205934423 1007.9825794338708
52.206396943 1008.0759437048221
52.207615314 1008.118810211636
55.058305805 1008.2609174942172
55.058901288 1008.3678954212305
55.070358507 1008.3835479844472
56.995809465 1008.3835479844474
57.739125154 1008.5256552670285
57.739666198 1008.6326331940415
57.752775332 1008.6436513645799
57.765357725 1008.6453602491506
57.804759046 1008.6453602491508
60.325754761 1008.7874675317319
60.326344598 1008.8944454587452
60.339523637 1008.9054636292833
60.340094611 1008.9054636292834
62.206613903 1008.9054636292835
62.221209665 1008.9054636292836
62.936503325 1008.9278097021642
62.936833196 1008.9778320394809
62.938520573 1008.9933224703117
62.938587658 1008.9998353165478
62.938801678 1009.0475709118647
62.939837998 1009.1409351828157
62.955027491 1009.165567009416
63.282066436 1009.1655670094162
65.401518617 1009.3076742919973
65.402038231 1009.4146522190106
66.900063498 1009.4146522190108
67.714663875 1009.4369982918913
67.714813058 1009.4704555340943
67.715128768 1009.5025110600386
67.715197632 1009.5090239062747
67.715777262 1009.5337157939937
67.715814482 1009.6501237725429
67.877358631 1009.6501237725431
69.917090793 1009.6540616381014
69.917272463 1009.6797938564973
69.917353621 1009.7379826135711
69.917415782 1009.7444954598072
69.922862446 1009.8330246976323
69.923003306 1009.8635992837346
70.991972283 1009.8635992837349
72.059764117 1009.8859453566151
72.05981809 1009.9189106377348
72.060235358 1009.9514581247627
72.060321356 1009.9579709709988
72.060801654 1009.9651928623555
72.061783924 1009.9820201698715
72.061822149 1010.0188039591987
72.07626667 1010.0691084203545
74.14665561 1010.0914544932352
74.147034121 1010.0987785043087
74.148622082 1010.1569672613825
74.148686804 1010.1634801076186
74.149715024 1010.1707019989753
74.159905255 1010.1875293064913
74.160895027 1010.2100018067392
74.161062976 1010.2243130958186
74.480958812 1010.2243130958188
76.188178222 1010.2282509613772
76.188368545 1010.2539831797731
76.188451896 1010.3121719368469
76.188516784 1010.318684783083
76.200211243 1010.3652064822036
78.13372062 1010.3691443477621
78.133910067 1010.3948765661578
78.133989327 1010.4530653232316
78.13406414 1010.4595781694677
78.150526008 1010.484106113782
78.688445808 1010.4841061137822
80.019552084 1010.4880439793408
80.0197325 1010.5137761977364
80.019814703 1010.5719649548103
80.019891568 1010.5784778010463
80.037920451 1010.5989830703461
81.85794597 1010.6213291432268
81.858300204 1010.6286531543005
81.85838084 1010.6868419113744
81.858456751 1010.6933547576105
83.66574635 1010.7136950016454
83.667102356 1010.7332429508076
83.667514308 1010.7332429508078
83.669783113 1010.7334026836131
83.672378112 1010.7569047784971
83.675061 1010.774497514212
83.679976545 1010.7747529025964
83.680959387 1010.7836931909246
84.121620746 1010.7836931909247
85.389381679 1010.8040334349596
85.390716005 1010.8235813841218
85.39157406 1010.823581384122
85.393725591 1010.8237411169271
85.394126135 1010.8237411169273
85.395759769 1010.8472432118112
85.398411488 1010.8648359475262
85.40385549 1010.8650913359106
85.404810559 1010.8740316242388
86.187980917 1010.8740316242389
87.049940584 1010.8786573338474
87.050072955 1010.8943718682737
87.051378978 1010.9139198174361
87.053874953 1010.9140795502414
87.056403571 1010.9375816451255
87.058936521 1010.9551743808403
87.063188985 1010.9616755580731
87.069640918 1010.9618904652667
87.092226687 1010.961890465267
88.645136665 1010.9665161748754
88.645279814 1010.9822307093017
88.646571204 1011.0017786584641
88.649065984 1011.0019383912694
88.651598782 1011.0254404861538
88.654015085 1011.0430332218688
88.657856883 1011.0495343991012
88.750642752 1011.0495343991014
88.947107109 1011.0495343991015
90.193234448 1011.0698746431361
90.194443274 1011.0894225922985
90.199203768 1011.1130844199882
90.201654632 1011.1306771557032
90.206175858 1011.1309325440876
90.375462396 1011.1309325440877
91.666516698 1011.1512727881226
91.668088416 1011.170820737285
91.670390003 1011.1709804700903
91.672329001 1011.1944825649745
92.080331939 1011.1944825649747
93.083126034 1011.2148228090092
93.084640789 1011.2343707581716
93.086968426 1011.2345304909769
93.094618179 1011.239205148055
93.194159946 1011.2392051480551
93.408662314 1011.2392051480552
93.586930661 1011.2392051480554
94.318779234 1011.2392051480555
94.460251456 1011.2790933412526
94.46243008 1011.2792530740579
95.31739362 1011.279253074058
95.788813355 1011.2995933180927
95.825607368 1011.299593318093
96.347950121 1011.2995933180931
97.047907553 1011.3163126135363
97.117728547 1011.3163126135364
97.187054103 1011.3163126135365
97.665730851 1011.3163126135368
