0.000364677 999.7509526841726
0.003294371 999.8281538191281
0.032761003 999.8488372458319
0.033245475 999.9147797542479
0.041134189 999.9214051441579
0.053117603 999.971791707559
0.079740485 1000.1236082550282
0.081740651 1000.2008093899838
0.104933874 1000.2214928166875
0.105315172 1000.2874353251035
0.111493307 1000.2940607150136
0.12053302 1000.3444472784147
0.426548994 1000.3533312106686
0.487615261 1000.3564576556078
0.729496555 1000.3589427818753
0.852463842 1000.3612971887111
0.972691852 1000.3639653346203
1.272468488 1000.3703090924263
1.511147173 1000.3709977286104
1.6309105640000001 1000.3740290823108
1.751872163 1000.3754939243619
1.8713581000000001 1000.3764786963194
2.047174958 1000.3918969547209
2.107582733 1000.391896954721
2.168443632 1000.3923533279801
2.346328908 1000.403581947231
2.404401146 1000.408088585117
2.641419265 1000.4097257923593
2.937429942 1000.4211561693525
2.997348327 1000.4384631207496
3.058592825 1000.4384631207497
3.356673289 1000.4439428633098
3.476653636 1000.4456385996245
3.595678746 1000.4618498962795
3.838683275 1000.4953398810082
4.082440863 1000.5344177946057
4.287935281 1000.8141834272099
4.297621511 1000.8205271850157
4.298288655 1000.8599438849488
4.313028894 1000.9120679888691
4.435861387 1001.0009540147437
4.898088768 1001.0010892077962
4.968627473 1001.0010892077963
5.828435895 1001.0065689503563
6.051756791 1001.0579659680549
8.306754128 1001.3931276418049
8.307659373 1001.393127641805
8.316265837 1001.3994713996108
8.316960002 1001.438888099544
8.331619136 1001.4910122034642
8.673933063 1001.5246373812454
8.740205822 1001.5246373812455
10.034929083 1001.5480241567752
10.043721786 1001.5480241567753
12.255311362 1001.9401977838365
12.264708972 1001.9465415416424
12.265387184 1001.9859582415755
16.093943183 1002.3781318686367
16.103181853 1002.3844756264426
16.103979705 1002.3844756264427
16.104688622 1002.4065198619967
16.107341037 1002.4222551191334
19.823066713 1002.8144287461946
19.833780934 1002.8428167395545
19.886644215 1002.8428167395546
23.457936061 1003.2349903666158
23.466928711 1003.2413341244217
24.463063169 1003.2413341244218
26.991292004 1003.6335077514829
28.90826737 1003.633507751483
30.433921337 1003.6744965108059
30.434839192 1003.7388703300625
30.434898114 1003.9080972520048
30.434966875 1003.9637685052073
30.435616394 1003.9860035654816
30.435705761 1004.025681378544
31.010988451 1004.0256813785442
33.800793568 1004.0666701378669
33.801870842 1004.168075956991
33.801930593 1004.2070338775596
33.804445753 1004.2104991643027
33.805726384 1004.2321976805811
33.807275716 1004.2896670059895
33.812018773 1004.3070509191979
33.813134595 1004.3801006062965
33.813159689 1004.387725391989
33.823932477 1004.3978613301534
33.826114457 1004.3978613301535
33.987609054 1004.3978613301537
37.068001781 1004.4388500894765
37.070114945 1004.5791695653586
37.070260742 1004.5792138291692
37.071021299 1004.5792138291694
37.072718277 1004.5826791159124
37.073959881 1004.6043776321907
37.075439556 1004.6618469575991
37.076154997 1004.6618469575992
37.079277731 1004.7026304588718
37.079487667 1004.734334917488
37.081272136 1004.7599053435986
37.09403916 1004.7599053435987
37.094206398 1004.7700412817633
40.278330184 1004.9513495169681
40.278497043 1004.9513937807787
40.279269947 1004.9513937807789
40.280896785 1004.9548590675219
40.282127787 1004.9765575838002
40.283555945 1005.0340269092086
40.28427729 1005.0340269092087
40.287255303 1005.0748104104813
40.287443791 1005.1065148690975
40.289246797 1005.1244605095158
40.295985438 1005.128319624669
40.308275505 1005.1283196246691
43.403309519 1005.309627859874
43.403498733 1005.3096721236847
43.407084765 1005.334835926706
43.408580375 1005.3923052521146
43.412209175 1005.4330887533871
43.41240131 1005.4647932120034
43.414844887 1005.4827388524217
46.581237863 1005.6640470876266
46.581411099 1005.6640913514373
46.58220657 1005.6640913514374
46.584977967 1005.6892551544587
46.58640414 1005.7467244798671
46.587100798 1005.7467244798672
46.589984871 1005.7875079811398
46.590183952 1005.819212439756
49.013025902 1005.8192124397561
49.631430745 1005.9616070182028
49.631523965 1006.0005649387716
49.634974129 1006.025728741793
49.636345026 1006.0831980672015
49.640859153 1006.1005819804099
49.642890361 1006.1291288510904
49.650820122 1006.152772654207
49.670522208 1006.1527726542071
52.543995934 1006.1868628691435
52.544086362 1006.2951672326537
52.544143165 1006.3341251532225
52.547468643 1006.359288956244
52.548802165 1006.4167582816524
52.553034792 1006.4341421948608
52.555117441 1006.4626890655413
52.576347087 1006.4626890655414
53.565070939 1006.4626890655416
53.94305329 1006.4626890655417
55.326460453 1006.6050836439883
55.326549257 1006.6440415645571
55.331334303 1006.7266746929869
55.33548054 1006.7440586061953
55.338067606 1006.7601965887017
55.33957523 1006.7713268534529
56.204572729 1006.771326853453
57.967056109 1006.7713268534532
57.986012613 1006.8054170683896
57.986130593 1006.9526793524686
57.990640801 1007.0353124808985
57.994757966 1007.0526963941069
57.997291521 1007.0688343766132
58.001316701 1007.0719787619341
58.001758545 1007.0731403776117
58.02124375 1007.0799646413645
60.559798606 1007.26131714038
60.564241085 1007.3439502688099
60.568146439 1007.3613341820183
60.570584736 1007.3774721645246
60.574279548 1007.3806165498456
60.574696059 1007.3817781655231
61.132080993 1007.3817781655232
63.077797111 1007.5631306645388
63.082632625 1007.5661437434593
63.082678578 1007.5724847815202
63.08271305 1007.6304984637799
63.08294299 1007.6457637929685
63.086796305 1007.6631477061769
63.088651461 1007.6792856886833
63.092220098 1007.6824300740043
64.497421262 1007.6824300740044
65.520639105 1007.716520288941
65.520763566 1007.86378257302
65.525043283 1007.9464157014497
65.528897874 1007.9637996146581
65.530915134 1007.9637996146582
65.53126254 1007.9799375971645
66.161954933 1007.9799375971646
67.193851826 1007.9799375971647
67.880440761 1008.0140278121012
67.880584677 1008.1612900961802
67.884886224 1008.2439232246101
67.888540172 1008.2613071378183
67.900471001 1008.2709582651022
67.911315291 1008.2774451203247
68.052140023 1008.2774451203248
70.128888354 1008.3115353352613
70.129024281 1008.4587976193403
70.13319195 1008.5414307477702
70.136729974 1008.5588146609786
70.138693035 1008.5588146609787
70.148947926 1008.5684657882624
70.398037136 1008.5684657882625
72.295815104 1008.6025560031991
72.295940408 1008.7498182872781
72.29994114 1008.832451415708
72.303421439 1008.8498353289162
72.366042116 1008.8498353289164
72.515687727 1008.8498353289165
74.415177083 1009.0311878279321
74.419456247 1009.0342009068526
74.419485644 1009.0405419449136
74.4212332 1009.0753932732978
74.427130343 1009.0825809187863
74.427646746 1009.0825809187864
74.427693471 1009.0869023103437
74.429997376 1009.1085469658104
75.847487202 1009.1085469658105
76.431954287 1009.1426371807471
76.432066162 1009.289899464826
76.436324136 1009.2992535818075
76.438080985 1009.3341049101917
76.440167699 1009.3381649614334
76.443714664 1009.3456139472378
77.841922965 1009.3456139472379
78.432857584 1009.3797041621744
78.433235068 1009.4743634586467
78.434513502 1009.5070067019141
78.437130082 1009.5363205632349
78.441117603 1009.5685393673239
79.78139111 1009.568539367324
80.334100125 1009.5734308891749
80.334342772 1009.6972888787328
80.335651043 1009.729932122
80.338278261 1009.7592459833209
80.356154092 1009.759245983321
80.46311813 1009.7592459833211
81.655674316 1009.7592459833212
82.194599969 1009.8879954947299
82.195846798 1009.9206387379974
83.991868129 1009.9255302598485
83.992119506 1010.0493882494063
83.995630048 1010.0596383720004
83.996050966 1010.0697303099707
83.998045799 1010.0820314926735
85.698833021 1010.0869230145246
85.699062642 1010.2107810040825
85.70733811 1010.2210311266765
85.719732035 1010.2311230646468
85.750828838 1010.2311230646469
86.529403383 1010.231123064647
87.349563958 1010.3598725760559
87.551797306 1010.359872576056
88.584603482 1010.3598725760561
88.959191584 1010.3647640979071
88.961344261 1010.4394527920372
88.961685473 1010.4526817656246
90.528063364 1010.461760458039
90.528246694 1010.4635987115474
90.528450539 1010.5394018408646
90.562354139 1010.5394018408647
91.64002777 1010.5394018408648
92.007861266 1010.5658289668961
92.011139842 1010.5795549102824
92.016019703 1010.6001514493345
93.07720751 1010.6001514493346
93.436793927 1010.6050429711856
93.442589841 1010.626578575366
93.445541491 1010.6403045187523
93.451525699 1010.6501171613058
93.451825614 1010.6609010578044
94.842698621 1010.6657925796554
94.850093372 1010.669979750219
94.851414463 1010.701054127222
96.163032815 1010.7059456490732
96.169548812 1010.7101328196367
96.173618788 1010.7319379451665
96.228889818 1010.7319379451666
97.422232762 1010.7410166375811
97.426178613 1010.7935064439703
97.478890199 1010.7935064439704
98.642032798 1010.8025851363849
98.693001723 1010.802585136385
99.81523236 1010.8058242205765
