0.000368732 1002.0561654912566
0.000515422 1002.0686097758957
0.000569936 1002.1322216275125
0.000636468 1002.1596579808887
0.000684607 1002.1873888269471
0.001064604 1002.2460797721417
0.001426653 1002.2727659960976
0.001638047 1002.3176051879573
0.002368883 1002.4126871105888
0.00242742 1002.4296674964543
0.002476839 1002.6617032712685
0.002676812 1002.7319685302743
0.003456637 1002.7478708769498
0.003546227 1002.7889322707875
0.013653505 1002.88649249046
0.079819218 1003.0528508636781
0.079978794 1003.123116122684
0.080555025 1003.1390184693595
0.080627789 1003.1800798631972
0.08884981 1003.2776400828697
0.150345478 1003.2786478241561
0.271063402 1003.2833821701214
0.331977896 1003.2840397559456
0.45367703 1003.289912106586
0.513605028 1003.2909056294518
0.574446082 1003.2909056294519
0.876047998 1003.2912507510431
0.972352126 1003.2912507510432
1.175304294 1003.2965265312592
1.416258421 1003.299287480167
1.717013654 1003.3046797152988
1.77543352 1003.3046797152989
1.834756052 1003.3109637153838
2.369374062 1003.327527571972
2.428453986 1003.3291884783637
2.550781195 1003.3325825980563
2.6120685679999998 1003.3360566600907
2.707696305 1003.3360566600908
2.731215767 1003.3370384245104
2.790744939 1003.3470190025424
2.911171075 1003.3664879096708
3.031618757 1003.3667917902649
3.092562533 1003.366791790265
3.270977466 1003.3701421500351
3.329490712 1003.3826941369404
3.389655313 1003.3826941369405
3.450297171 1003.3856986988145
3.51033856 1003.3856986988146
3.688739608 1003.4237555307782
3.747238152 1003.4237555307783
3.925142862 1003.4450199720941
4.044741315 1003.4533465330679
4.274566287 1003.4742427374749
4.275909406 1003.5860770575596
4.277184047 1003.7265598464303
4.28068902 1003.8659979986196
4.30438343 1003.925319271899
4.307546107 1003.9336458328729
5.571036776 1003.9412216185743
5.57419359 1003.9495481795483
5.802458208 1003.9495481795484
6.034833435 1003.9525527414224
6.266321471 1003.9525527414226
6.952645445 1003.9822830124123
6.955850685 1003.9906095733861
7.298591309 1003.9906095733862
8.297322172 1004.0184886989105
8.297904638 1004.113570621542
8.297947944 1004.1305510074075
8.298004277 1004.2622468859754
8.29808955 1004.2677954940726
8.298145812 1004.4328520412275
8.298731512 1004.448754387903
8.298805264 1004.4898157817408
12.226632702 1004.5557517392286
12.228640509 1004.5722237728564
12.228952237 1004.6754283757331
12.229343562 1004.6793384415298
12.229568842 1004.7091010490353
12.230094102 1004.7604470928727
12.230851129 1004.849583837906
12.235765591 1004.8507123088062
12.235821828 1004.8719684198156
12.238678471 1004.8932353978668
12.241475209 1004.8942289207326
12.243922879 1004.9701150815457
12.272355583 1004.9860174282211
12.27807514 1004.9890219900952
12.294753328 1004.9890219900954
16.050846659 1005.0549579475831
16.052733909 1005.0714299812109
16.053030491 1005.1746345840876
16.05340887 1005.1785446498843
16.054033806 1005.1820640803176
16.05413292 1005.2596533012272
16.055544367 1005.2787993353625
16.056305976 1005.2787993353626
16.059182848 1005.2987161346482
16.059649581 1005.3499185171607
16.059702751 1005.3711746281701
16.062559197 1005.3924416062213
16.065104704 1005.3934351290872
16.067539824 1005.4693212899002
16.094784741 1005.4852236365756
16.213077551 1005.4852236365757
19.776035699 1005.5511595940635
19.778183912 1005.6708362305678
19.778547654 1005.6747462963646
19.77919158 1005.6782657267979
19.779306625 1005.7558549477076
19.7806919 1005.7750009818428
19.78778063 1005.8588950158223
19.788479852000002 1005.8886432527015
19.791000135 1005.8896367755674
19.806226557 1005.935769570626
20.732735468 1005.9357695706261
23.411058342 1006.0017055281138
23.413208282 1006.1213821646182
23.413593912 1006.125292230415
23.414169776 1006.1288116608483
23.414289369 1006.206400881758
23.420602184 1006.2180716076892
23.422730716 1006.3094409498727
23.42342366 1006.3391891867519
25.927098161 1006.339189186752
26.940117441 1006.4051251442398
26.94190784 1006.4215971778676
26.942207155 1006.5248017807442
26.942577246 1006.5287118465409
26.943140719 1006.5322312769742
26.943251352 1006.6098204978839
26.948482609 1006.7000857138174
26.948539046 1006.7213418248268
26.953968518 1006.7367364522374
29.726064714 1006.7367364522376
30.375930767 1006.737945377131
30.376688644 1006.8191444433531
30.376991544 1006.9223490462297
30.377370496 1006.9262591120264
30.37792583 1006.9297785424598
30.378040001 1007.0073677633694
30.383151313 1007.097632979303
30.38321003 1007.1188890903123
30.410202358 1007.1288917859335
30.458146341 1007.1288917859337
32.929531424 1007.1288917859338
33.725457941 1007.1301007108272
33.726292264 1007.1448390951734
33.726417554 1007.1493572729261
33.726487327 1007.1513223802053
33.726512956 1007.3145043799258
33.726868001 1007.3184144457226
33.727420554 1007.3219338761559
33.727528817 1007.3995230970656
33.737754406 1007.489788312999
33.74045174 1007.5110444240083
34.01794795 1007.5110444240084
36.294120126 1007.5110444240086
36.990594135 1007.5269917332483
36.990737962 1007.531509911001
36.990809678 1007.5334750182803
36.990836017 1007.6966570180007
36.991199759 1007.7005670837974
36.991802145 1007.7040865142308
36.991903346 1007.7816757351404
37.003427278 1007.7908392776429
37.0185258 1007.8277131136138
37.744439509 1007.8277131136139
40.137992976 1007.8289220385074
40.138908457 1007.8481786006063
40.138980437 1007.8501437078855
40.139006632 1008.013325707606
40.139371932 1008.0172357734027
40.139910782 1008.0207552038361
40.14074768 1008.0983444247456
40.161475235 1008.1075079672481
40.167576325 1008.1282078826213
40.255287616 1008.1282078826214
42.77759439 1008.1282078826215
43.233515986 1008.1294168075149
43.23441401 1008.1486733696138
43.234489026 1008.150638476893
43.234514916 1008.3138204766135
43.234879471 1008.3177305424102
43.235409837 1008.3212499728436
43.236228105 1008.3988391937532
43.256585351 1008.4080027362556
43.289735037 1008.4080027362558
44.9717745 1008.4080027362559
46.240710831 1008.4092116611494
46.241606478 1008.4284682232482
46.241678718 1008.4304333305275
46.241800967 1008.4844003097953
46.241902892 1008.489924306178
46.242055904 1008.5975253960447
46.24257425 1008.601044826478
46.250813654 1008.6259039116624
46.250943943 1008.641894903899
46.255212124 1008.6586098758374
46.421021725 1008.6586098758376
49.206621449 1008.6586098758377
49.262816068 1008.6790753628301
49.262896972 1008.6810404701093
49.263037385 1008.7350074493771
49.263158016 1008.7405314457598
49.263306988 1008.8481325356265
49.263814763 1008.8516519660599
49.269109988 1008.8703324423117
49.284338068 1008.8925576471296
49.287795823 1008.8939934084485
49.749142221 1008.8939934084486
52.058264594 1008.8939934084488
52.103191781 1008.9144588954409
52.103269374 1008.9164240027202
52.103415385 1008.970390981988
52.103509462 1008.9759149783707
52.103663049 1009.0835160682374
52.104167196 1009.0870354986707
52.109319081 1009.1057159749225
52.124690906 1009.1279411797404
52.400859871 1009.1279411797406
52.59916423 1009.1279411797407
54.85390243 1009.1279411797408
54.873589905 1009.148406666733
54.873671086 1009.1503717740123
54.873885048 1009.2098627496629
54.874017613 1009.3174638395295
54.874554589 1009.3209832699628
54.879642538 1009.3396637462148
54.895891575 1009.3458423551473
55.861172985 1009.3458423551474
57.649037487 1009.3663078421397
57.649128709 1009.3682729494191
57.649346558 1009.4277639250694
57.649496052 1009.5353650149361
57.649970876 1009.5388844453695
57.681298994 1009.5388844453696
58.590550453 1009.5388844453697
60.228679781 1009.5593499323621
60.228770491 1009.5613150396414
60.22894908 1009.6208060152919
60.229081965 1009.7284071051586
60.235404042 1009.7319265355919
61.574159406 1009.731926535592
62.658704992 1009.7523920225843
62.658791318 1009.7543571298636
62.659009546 1009.813848105514
62.659153874 1009.9214491953807
62.687245702 1009.9214491953808
62.760653016 1009.9214491953809
63.297587291 1009.921449195381
65.009404429 1009.9419146823733
65.009486025 1009.9438797896527
65.00968349 1010.0033707653031
65.010481089 1010.0345563449786
65.011205105 1010.1008457486928
65.038692048 1010.1008457486929
65.382766608 1010.100845748693
67.299461558 1010.1213112356854
67.299549519 1010.1232763429647
67.299727849 1010.182767318615
67.300523706 1010.2139528982906
67.303746615 1010.2350605391586
67.304060019 1010.2424089643112
67.307902826 1010.2629432315832
67.312740086 1010.26404237141
67.312974651 1010.2704667471527
67.314297576 1010.2756305338517
67.327448269 1010.2802423020049
69.493305897 1010.3933494516025
69.4963515 1010.4144570924703
69.496716144 1010.421805517623
69.500506855 1010.4423397848952
69.506327194 1010.4434389247218
69.506574304 1010.4498633004646
69.536329749 1010.4498633004647
70.396940395 1010.4498633004648
71.618935965 1010.5629704500624
71.621922754 1010.5840780909303
71.622286584 1010.5914265160831
71.626675984 1010.6119607833551
71.631835384 1010.6130599231817
71.663776685 1010.6130599231818
72.484632928 1010.6130599231819
73.678188275 1010.6354905174536
73.678373848 1010.6949814931041
73.679153945 1010.7261670727795
73.681902101 1010.7472747136474
73.68222028 1010.7546231388002
73.685870739 1010.7751574060724
75.685821001 1010.8882645556698
75.689031589 1010.9167206216904
75.70664853 1010.9167206216905
75.706775144 1010.9297170167217
75.904868222 1010.9297170167218
77.326156661 1010.929717016722
77.679526005 1011.0428241663194
77.73442329 1011.0428241663195
78.03488617 1011.0428241663196
79.58695755 1011.0906142379927
79.587688364 1011.1339066517252
79.598844593 1011.1559313159172
79.81805598 1011.1559313159173
81.394707472 1011.178361910189
81.394924878 1011.2378528858394
81.399036997 1011.2470138013229
81.412079819 1011.2600806656231
82.063680605 1011.2600806656233
83.183021973 1011.3078707372961
83.183524772 1011.3078707372962
83.183793489 1011.3511631510287
83.184257495 1011.3511631510288
83.306988123 1011.3511631510289
84.877250314 1011.3989532227018
84.880097465 1011.4056100846359
84.886191353 1011.4145604032486
84.891974056 1011.433084720951
85.077238009 1011.4330847209511
86.499986726 1011.4808747926241
86.508493428 1011.4964819731708
86.515860621 1011.509606022242
86.695224573 1011.5096060222421
88.061537986 1011.557396093915
88.064117824 1011.5640529558491
88.069583466 1011.5730032744618
88.242989106 1011.5730032744619
89.574798181 1011.5899519182161
89.57493437 1011.604725765278
89.577152338 1011.6274502080689
89.785594128 1011.627450208069
89.826948604 1011.6274502080691
91.019848701 1011.6443988518232
91.019928221 1011.6591726988851
91.033193653 1011.669661956654
91.232024323 1011.6696619566541
92.065411687 1011.6696619566542
92.416075193 1011.6866106004082
92.416163619 1011.7013844474701
92.429884134 1011.7013844474702
92.625885851 1011.7013844474703
93.454219534 1011.7013844474704
93.794324242 1011.7183330912247
93.798746785 1011.7329183916776
94.766622201 1011.7329183916777
95.103534088 1011.7498670354319
95.133071977 1011.7498670354321
