0.000366782 999.3011287948951
0.000469183 999.3820629843893
0.000520416 999.5669025553458
0.000790066 999.5993436400838
0.000844687 999.6084496884039
0.001322484 999.6793450942306
0.004439632 999.6967220166098
0.00741269 999.7980874151901
0.007700062 999.8156512747505
0.080329575 999.9361117113148
0.080509491 999.9685527960528
0.080546546 999.9776588443729
0.080871209 1000.0485542501996
0.083237904 1000.0659311725788
0.085605951 1000.1672965711591
0.085842086 1000.1848604307195
0.147035846 1000.1848604307196
0.207683916 1000.1849671722789
0.329384316 1000.186751541903
0.390180041 1000.1867515419032
0.450147983 1000.1878058722998
0.692304936 1000.1884918808177
0.752864052 1000.1884918808178
0.93406994 1000.1890531988241
1.054380544 1000.1909868944609
1.174565444 1000.1941100048768
1.23469182 1000.194110004877
1.295150661 1000.1943763606082
1.353550702 1000.1943763606083
1.414121116 1000.1948097438885
1.71372226 1000.2003859594837
1.926807121 1000.2003859594838
1.9516464930000001 1000.2009812826748
2.192355375 1000.2155533535879
2.288947329 1000.215553353588
2.314279667 1000.2157367423872
2.433053013 1000.2195236661439
2.49258385 1000.2216780711916
2.553801194 1000.224391292401
2.647832124 1000.2243912924012
2.672602539 1000.2298144828088
2.790040874 1000.2355010072562
2.883777565 1000.2355010072563
3.12392553 1000.2408463718673
3.208779811 1000.2431338955481
3.305930051 1000.2431338955482
3.330659288 1000.2449159658424
3.389856228 1000.2518215552067
3.507786982 1000.2559203983398
3.627666618 1000.2570602357242
3.687589361 1000.2574827456976
3.7480717869999998 1000.2574827456978
3.808074705 1000.2788427907215
3.869647794 1000.2805478774737
3.869867376 1000.2981117370341
3.930745542 1000.301751358064
3.993915212 1000.3017513580642
4.289625959 1000.313209548061
4.289681532 1000.4980491190174
4.289883124 1000.5304902037554
4.289926658 1000.5395962520755
4.29028174 1000.6104916579022
4.292675878 1000.6278685802814
4.295004017 1000.7292339788618
4.780608535 1000.7310160491561
4.992020238 1000.7379216385203
5.681570541 1000.7431603190379
5.9330336070000005 1000.7435828290113
6.140177456 1000.7435828290114
6.372626326 1000.761303253005
6.48972209 1000.764942874035
6.604487387 1000.7649428740351
6.953562811 1000.7666479607873
6.953784528 1000.7842118203477
7.184589352 1000.7842118203478
8.329105097 1000.8313789055178
8.329180965 1001.0162184764743
8.329398954 1001.0486595612123
8.329447404 1001.0577656095323
8.329811337 1001.128661015359
8.332219219 1001.1460379377382
8.334551221 1001.2474033363186
8.56424167 1001.2474033363187
12.263566501 1001.2961189438078
12.263650945 1001.3778331254343
12.263692406 1001.3931940631853
12.263764447 1001.458295334639
12.263856426 1001.5133995995021
12.263895235 1001.5225056478222
12.264220668 1001.5934010536489
12.266494623 1001.6107779760281
12.273045264 1001.611373299219
12.273823967 1001.6113732992192
12.27967622 1001.6259453701323
12.285648705 1001.662213571751
12.305155792 1001.6622135717511
13.588512804 1001.6892348072657
14.792996318 1001.6892348072658
16.092665372 1001.7593104597786
16.092754882 1001.8410246414052
16.092797235 1001.8563855791562
16.092861292 1001.9214868506099
16.092955141 1001.976591115473
16.09299602 1001.9856971637931
16.093329658 1002.0565925696197
16.095602453 1002.0739694919989
16.101978885 1002.07456481519
16.108445284 1002.0891368861031
16.114157737 1002.1254050877218
16.132671929 1002.1254050877219
17.296616776 1002.125405087722
19.808527708 1002.1954807402349
19.808625685 1002.2771949218615
19.808667994 1002.2925558596123
19.80873791 1002.3576571310662
19.808841231 1002.4127613959292
19.809671831 1002.4127613959294
19.809721015 1002.4218674442494
19.811555921 1002.5101397724552
19.81783529 1002.5107350956462
19.818623676 1002.5107350956463
19.824202121 1002.5253071665594
19.830706274 1002.5341451053725
23.43012087 1002.6042207578854
23.430205992 1002.685934939512
23.430245336 1002.701295877263
23.430311002 1002.7663971487167
23.430405088 1002.8215014135798
23.430443693 1002.8306074618998
23.432954952 1002.9188797901057
23.439133862 1002.9194751132967
23.439921799 1002.9194751132968
23.445433924 1002.9340471842098
23.468112966 1002.9340471842099
23.596496525 1002.93404718421
26.956581629 1003.0041228367228
26.956675853 1003.0858370183494
26.956716813 1003.1011979561003
26.956787997 1003.1662992275541
26.956882578 1003.2214034924172
26.956924305 1003.2305095407372
26.959523005 1003.3187818689431
26.965447655 1003.3193771921341
26.966171881 1003.3193771921342
27.064985046 1003.3193771921343
30.383096001 1003.389452844647
30.383183887 1003.4711670262736
30.38322532 1003.4865279640246
30.383294961 1003.5516292354783
30.383389408 1003.6067335003414
30.384130281 1003.6067335003415
30.384176353 1003.6158395486616
30.385933845 1003.7041118768674
30.392521135 1003.7047072000585
33.735234754 1003.7747828525712
33.735324092 1003.8564970341978
33.735389316 1003.8604795579113
33.735428459 1003.9369592434025
33.735519867 1003.9920635082656
33.735560585 1004.0011695565858
33.738035722 1004.0894418847915
33.971137124 1004.0894418847917
36.974629072 1004.2412317189311
36.974744624 1004.3216939281358
36.974837073 1004.3767981929989
36.974864099 1004.385904241319
36.986547074 1004.4319268335083
36.992135065 1004.4371255416812
36.994918434 1004.461596482341
37.000823322 1004.4741765695248
40.140031826 1004.6259664036642
40.140145033 1004.7064286128688
40.14023662 1004.761532877732
40.140275144 1004.770638926052
40.151982155 1004.8166615182414
40.157505314 1004.8218602264143
40.160994713 1004.8463311670739
40.468117288 1004.846331167074
40.468767926 1004.8463311670741
43.218273701 1004.9981210012136
43.218383748 1005.0785832104183
43.218474269 1005.1336874752814
43.218499331 1005.1427935236015
43.229780728 1005.1888161157908
43.23514959 1005.1940148239637
43.238453265 1005.2184857646234
46.227239902 1005.3702755987628
46.227358775 1005.4507378079674
46.227450514 1005.5058420728305
46.227477593 1005.5149481211506
46.238789671 1005.56097071334
46.2441333 1005.5661694215128
46.261421706 1005.5740785756733
46.658405353 1005.5740785756734
46.741075607 1005.5740785756735
49.138855514 1005.7258684098128
49.138985057 1005.8063306190174
49.13907411 1005.8614348838806
49.139099179 1005.8705409322007
49.150125514 1005.9165635243901
49.173344072 1005.9211696468669
49.571638454 1005.921169646867
49.667775771 1005.9211696468672
51.988398052 1006.0729594810065
51.988536713 1006.1534216902111
51.990736191 1006.2085259550743
51.990762997 1006.2176320033943
52.00132178 1006.2636545955837
52.547302278 1006.2636545955838
52.664316668 1006.263654595584
54.744540195 1006.4154444297233
54.744729952 1006.4623402741842
54.744757913 1006.551010903791
54.744782425 1006.5601169521112
54.75956626 1006.5725800790439
54.760466763 1006.6010730696669
54.766917128 1006.6061395443004
54.833771452 1006.6061395443005
54.873409201 1006.6061395443006
57.460534637 1006.7579293784399
57.460719337 1006.8048252229008
57.460747698 1006.8934958525077
57.460771231 1006.9026019008278
57.475473077 1006.9051666576504
57.475714927 1006.9435580183836
58.071435177 1006.9435580183837
59.618031615 1006.9435580183838
60.047196302 1007.095347852523
60.047364408 1007.142243696984
60.04740889 1007.240020374911
60.063080111 1007.2425851317336
60.248806783 1007.2425851317337
62.37941912 1007.2425851317338
62.617837774 1007.394374965873
62.618010407 1007.441270810334
62.620016691000004 1007.4902351606623
62.632338899 1007.4958326016971
62.639409978 1007.4960723766103
62.639639553 1007.5344522904
63.070636652 1007.5344522904002
64.924927894 1007.5344522904003
65.045752398 1007.6862421245395
65.045915257 1007.7331379690005
65.046224899 1007.7821023193288
65.05905269 1007.7876997603636
65.075522161 1007.7879395352768
65.340140417 1007.7879395352769
67.256329689 1007.787939535277
67.359951279 1007.9397293694162
67.360127947 1007.9866252138771
67.360448299 1008.0355895642056
67.616551302 1008.0355895642057
69.452512806 1008.0355895642058
69.579709073 1008.1873793983451
69.579884182 1008.234275242806
69.584228532 1008.2610486888443
71.49266923 1008.2610486888444
71.718111222 1008.3114208701367
71.718258436 1008.3249896148344
71.718507417 1008.3991092619065
71.722663492 1008.4298560423175
71.725509033 1008.4750413797881
72.288682911 1008.4750413797882
73.789998243 1008.6268312139275
73.790183708 1008.6737270583884
73.810883678 1008.6823067390189
73.84236949 1008.682306739019
74.84252932 1008.6823067390192
75.789767229 1008.7326789203114
75.789916604 1008.7462476650092
75.790156144 1008.8203673120812
75.793254589 1008.8371980141768
75.793770604 1008.8371980141769
75.801391368 1008.8809924176193
75.817752264 1008.8809924176194
76.158278032 1008.8809924176195
77.776855951 1008.9313645989118
77.777011295 1008.9449333436096
77.777258082 1009.0190529906816
77.780287838 1009.0358836927772
77.780800508 1009.0358836927774
79.64493443 1009.0862558740696
79.645095601 1009.0998246187673
79.645327591 1009.1739442658395
79.846307329 1009.1739442658396
81.4921819 1009.1936327938096
81.492497332 1009.2501155467115
81.49442493 1009.3051536295399
82.256871619 1009.30515362954
83.295599026 1009.3555258108321
83.295763055 1009.3690945555298
83.296210118 1009.3943315394735
83.321895077 1009.3943315394736
83.421474162 1009.3943315394737
85.027056098 1009.4140200674435
85.027354906 1009.4705028203455
85.032765362 1009.4801107085177
85.150710048 1009.4801107085178
86.263014086 1009.4801107085179
86.671801182 1009.4997992364879
86.672116334 1009.5562819893898
87.011103815 1009.55628198939
88.265549686 1009.5618118735031
88.265618771 1009.6177108508322
88.271084407 1009.6188507494332
88.276663791 1009.6233579656713
88.298965804 1009.6233579656714
89.084859404 1009.6233579656715
89.587544955 1009.6233579656716
89.797416206 1009.6288878497847
89.797475917 1009.6847868271138
89.802879159 1009.6859267257149
89.824291167 1009.685926725715
90.58389909 1009.6859267257151
90.711019542 1009.6859267257153
91.276586959 1009.6914566098285
91.276795097 1009.710795715631
91.277095175 1009.7473555871576
91.284167757 1009.7484954857588
92.0988238 1009.7484954857589
92.692551928 1009.7540253698721
92.692616828 1009.8099243472012
93.036040509 1009.8099243472013
93.697709485 1009.8099243472014
94.059864037 1009.8630586527038
94.060180486 1009.8666444909476
95.170617002 1009.8666444909477
95.379820044 1009.9258234349446
95.560489246 1009.9258234349447
96.503474329 1009.9258234349448
96.633830533 1009.9384414813326
97.725847207 1009.9384414813327
97.842176453 1009.9652803859329
98.896245699 1009.965280385933
