0.000366484 1000.5958691002313
0.000523357 1000.6957027679196
0.00055668 1000.7741307951845
0.00058617 1000.7972235476925
0.001085992 1000.8240486058256
0.00241953 1000.9247481103258
0.002453149 1000.9783168782816
0.004112594 1000.9884338329849
0.010028473 1001.0350272452556
0.010342195 1001.0549134442575
0.012273056 1001.1065854186438
0.013881794 1001.1567563036559
0.063663683 1001.156756303656
0.079133953 1001.1597273067997
0.079457595 1001.1865523649327
0.080398616 1001.287251869433
0.081273776 1001.3408206373887
0.081727037 1001.350937592092
0.086462882 1001.3975310043627
0.086702691 1001.4174172033646
0.088293007 1001.4690891777509
0.129030332 1001.5192600627631
0.331768852 1001.5245559033601
0.490977167 1001.5245559033602
0.572112408 1001.529331431374
0.610925784 1001.5293314313741
0.692067495 1001.5296196627689
0.729919408 1001.529619662769
0.750960175 1001.5324613564117
0.790622353 1001.5324613564118
0.910015896 1001.5325585370725
0.992059465 1001.5341496128246
1.031453373 1001.5341496128248
1.052316776 1001.5342949411245
1.208879585 1001.5342949411246
1.292514278 1001.5346728580633
1.330456344 1001.5346728580635
1.531664209 1001.5424837612363
1.5709228739999999 1001.5424837612364
1.592924395 1001.5435267697721
1.6311759810000002 1001.5435267697723
1.691242698 1001.5438410077693
1.773515217 1001.5452731242547
1.8700493630000001 1001.5452731242548
2.011222636 1001.5464804604884
2.050341876 1001.5464804604885
2.130639416 1001.547846369294
2.168738932 1001.5478463692941
2.249383508 1001.5539065179287
2.287733886 1001.5539065179288
2.367919267 1001.5587454674286
2.406527906 1001.5587454674287
2.488381413 1001.5640244089351
2.528522331 1001.5640244089352
2.607114033 1001.5645403826137
2.645082484 1001.5645403826138
2.703010843 1001.5645403826139
2.723818185 1001.5680455843426
2.762725391 1001.5680455843427
2.8440357499999998 1001.5680630797958
2.881990448 1001.5680630797959
2.942380305 1001.568063079796
2.963631876 1001.581266270334
3.064208015 1001.5812662703341
3.201979478 1001.5961595646019
3.241079476 1001.596159564602
3.261798265 1001.601152469336
3.300746631 1001.6011524693361
3.499227534 1001.609763057321
3.538082778 1001.6097630573211
3.617471805 1001.6106307616282
3.656198591 1001.6106307616283
3.737529692 1001.6143221744361
3.7766898749999998 1001.6143221744362
3.79965487 1001.6267463987166
3.840068637 1001.6267463987167
3.961038041 1001.6296085685642
4.04323141 1001.6528244437224
4.272378408 1001.6664517596762
4.272429334 1001.7448797869412
4.272660045 1001.7677229281311
4.272844903 1001.7947975975821
4.273852249 1001.9490658700382
4.27598553 1001.9591828247414
4.280037437 1002.025662436014
4.282638016 1002.0541185352423
4.318349343 1002.0773344104005
4.859066047 1002.0922277046682
4.895883675 1002.0922277046683
5.009653351 1002.0922277046684
5.089960617 1002.0972206094021
5.125493272 1002.0972206094024
5.586412446 1002.0972206094025
6.008887526 1002.1058311973873
6.044255042 1002.1058311973874
6.272764047 1002.1058311973875
6.466472981 1002.1066989016946
6.729893173 1002.1066989016947
6.9207648410000004 1002.1103903145024
6.957693433 1002.1103903145025
7.074344234 1002.1103903145026
7.153892899 1002.1228145387828
7.190633804 1002.122814538783
7.418667181 1002.1228145387831
8.296596949 1002.1918843910368
8.296641447 1002.2703124183016
8.296873276 1002.2931555594915
8.297051179 1002.3202302289427
8.298018219 1002.4744985013986
8.300098795 1002.4846154561019
8.304091531 1002.5510950673745
8.31200879 1002.5766889967551
8.344347318 1002.5766889967553
8.594300173 1002.5766889967554
9.544396863 1002.580380409563
9.574722199 1002.5803804095631
9.797986432 1002.5803804095632
10.213795626 1002.5803804095633
12.21281635 1002.6618744860974
12.212867847 1002.7403025133624
12.212893355 1002.7633952658704
12.213280125 1002.7902203240035
12.214243792 1002.8909198285037
12.214275569 1002.9444885964595
12.215574592 1002.9546055511628
12.220149021 1003.0011989634334
12.220404256 1003.0210851624354
12.227260872 1003.0296957504204
12.252576116 1003.0342548675355
16.025847758 1003.1194403568774
16.025893331 1003.1978683841423
16.026115287 1003.2207115253323
16.026296963 1003.2477861947834
16.027229311 1003.4020544672394
16.02922119 1003.4121714219427
16.033095682 1003.4786510332153
16.10546302 1003.4786510332154
18.271679219 1003.4786510332156
19.758685561 1003.5638365225575
19.758731958 1003.6422645498225
19.758757056 1003.6653573023304
19.759131623000002 1003.6921823604636
19.760042898000002 1003.7928818649638
19.760882004 1003.8464506329195
19.761331692 1003.8565675876229
19.765724068 1003.9031609998934
19.766713638 1003.9230471988955
20.840948982 1003.9230471988956
23.379329433 1004.0082326882375
23.379408595 1004.0096555233143
23.379632045 1004.1095038566924
23.379822268 1004.1365785261435
23.380786469 1004.2908467985995
23.382830433 1004.3009637533028
23.389022816 1004.3101319030086
23.393055514 1004.3141372645334
23.408074129 1004.3343364795819
23.424171231 1004.334336479582
23.525138123 1004.3343364795821
26.135536661 1004.3343364795822
26.901091534 1004.4195219689242
26.901149016 1004.5210427486971
26.901520523 1004.5478678068303
26.902437555 1004.6485673113305
26.902466748 1004.7021360792862
26.903692632 1004.7122530339894
26.908955555 1004.7228533001808
26.914381713 1004.7254265452201
26.932098102 1004.7421205585399
27.043086092 1004.74212055854
29.591621124 1004.7421205585401
30.33543831 1004.827306047882
30.335497942 1004.9288268276549
30.335866083 1004.9556518857881
30.33675655 1005.0563513902882
30.336789831 1005.109920158244
30.337985501 1005.1200371129473
30.343114998 1005.1306373791385
30.348593705 1005.133210624178
30.470421471 1005.1332106241781
33.663236933 1005.21839611352
33.663293256 1005.319916893293
33.663646358 1005.3467419514262
33.664503376 1005.4474414559263
33.664534232 1005.5010102238821
33.665724367 1005.5111271785854
33.805760338 1005.5111271785855
36.903182856 1005.5963126679276
36.903262197 1005.5977355030044
36.903467442 1005.6975838363825
36.903634593 1005.7246585058335
36.904525594 1005.8789267782896
36.911237394 1005.8869294120019
37.270216568 1005.886929412002
40.052895239 1005.9721149013441
40.053168065 1006.073386069799
40.053349954 1006.1004607392501
40.054528475 1006.1166686218476
40.055260938 1006.1166686218477
40.055910671 1006.175402476744
40.081814334 1006.1950682410238
40.08201875 1006.2329575766022
43.1344984 1006.3181430659441
43.134747364 1006.419414234399
43.134909873 1006.4464889038502
43.136010543 1006.4626967864477
43.148229575 1006.4708246170546
43.150965689 1006.4921734094311
43.153624177 1006.4937374537406
43.161299375 1006.541096405624
43.725379859 1006.5410964056241
46.121181745 1006.6262818949662
46.121464336 1006.727553063421
46.122699666 1006.7708356154697
46.123413894 1006.7708356154698
46.124028065 1006.8295694703661
46.696524537 1006.8295694703662
49.036473474 1006.9147549597081
49.036747717 1007.016026128163
49.037978207 1007.0593086802118
49.049754384 1007.0674365108187
49.052394729 1007.0887853031951
49.054928055 1007.0903493475046
49.217582271 1007.0903493475047
50.455920333 1007.0903493475048
51.842174352 1007.1755348368467
51.842422312 1007.2768060053016
51.843588339 1007.3200885573503
51.855008545 1007.3282163879572
51.85759355 1007.3495651803337
52.178730639 1007.3495651803338
54.599749539 1007.4347506696757
54.599996521 1007.5360218381306
54.602829391 1007.5793043901792
54.603485751 1007.5793043901793
54.614013003 1007.5874322207862
54.626931519 1007.601093134619
55.331555876 1007.6010931346191
56.894250514 1007.6010931346192
57.291626973 1007.6862786239612
57.291857227 1007.7875497924161
57.293021202 1007.8308323444647
57.293682214 1007.8308323444649
57.304150794 1007.8389601750717
57.342907204 1007.8389601750719
59.962590393 1007.9241456644139
59.962930544 1007.9833807775268
59.963842528 1008.0254168328687
59.964375001 1008.0686993849174
59.965054089 1008.0686993849175
60.041581291 1008.0686993849176
62.482046767 1008.1538848742597
62.482367121 1008.2131199873726
62.482905508 1008.2551560427145
62.493839564 1008.2713837764913
62.503041695 1008.2984385947632
62.786920785 1008.2984385947633
64.882385412 1008.3836240841052
64.882733956 1008.4428591972182
64.883278786 1008.48489525256
64.89381405 1008.5011229863369
64.908379216 1008.515339121271
65.26917451 1008.5153391212712
66.566765664 1008.5153391212713
67.165999429 1008.6005246106132
67.166293177 1008.6597597237262
67.166807727 1008.701795779068
67.177186489 1008.7180235128449
67.525141962 1008.718023512845
67.52569597 1008.7180235128451
69.386689444 1008.8032090021871
69.387022393 1008.8624441153003
69.387490634 1008.904480170642
69.406058186 1008.9171440056095
69.497111698 1008.9171440056097
71.564275507 1009.0023294949517
71.565101505 1009.1036006634066
73.662740399 1009.1887861527487
73.66359396 1009.2480212658617
73.674393402 1009.2624972757093
73.67876461 1009.2720670255643
75.656182958 1009.2947007046696
75.657020001 1009.3991933820753
75.661456539 1009.4083258225107
75.665611015 1009.4083258225108
75.66569689 1009.4309636378667
75.681141753 1009.4309636378669
75.738079566 1009.430963637867
77.638975732 1009.516149127209
77.639818722 1009.5753842403219
77.695274142 1009.575384240322
79.522752382 1009.6060534925398
79.523250419 1009.6060534925399
79.524888945 1009.6738751984905
79.527624685 1009.6810194211004
79.528436328 1009.7039689489928
79.528867785 1009.7116430372686
79.585821271 1009.7116430372687
81.339237813 1009.7423122894864
81.339716389 1009.7423122894866
81.34137315 1009.7456607644464
81.341896517 1009.8101339954371
81.344046551 1009.817278218047
81.347178828 1009.8210024286203
81.351526419 1009.8402277459395
83.105082742 1009.8742454731172
83.105222986 1009.9214138082101
83.109792496 1009.9334881100314
83.110128937 1009.945862926718
83.11314061 1009.949587137291
83.119872811 1009.9628005687816
84.791541118 1009.9934698209995
84.79357926 1009.9968182959593
84.793670067 1010.0439866310521
84.796031665 1010.0455835192533
84.796144735 1010.06843574956
84.798942824 1010.0721599601331
84.822892009 1010.0721599601333
86.420229578 1010.1028292123513
86.422695977 1010.106177687311
86.422751667 1010.1533460224038
86.424675861 1010.1777951409117
87.995513489 1010.2084643931296
87.997438407 1010.2118128680895
87.997530835 1010.2589812031823
88.003307814 1010.2694475689249
89.537634242 1010.3001168211426
89.539515097 1010.3034652961026
89.540059227 1010.3506336311953
89.545196541 1010.3610999969379
91.001156378 1010.3917692491556
91.003468523 1010.3951177241154
91.003523887 1010.4422860592082
91.019465431 1010.4422860592083
91.325335331 1010.4422860592084
92.407761223 1010.4729553114263
92.409842689 1010.4766344762425
92.41439781 1010.4825358480538
92.417267832 1010.4963577125882
92.482494748 1010.4963577125883
93.771992207 1010.527026964806
93.773826182 1010.5303754397659
93.778349289 1010.5366075014337
95.113221645 1010.5564947122128
95.114359033 1010.5672767536515
95.123279855 1010.5709559184676
95.128413714 1010.5709559184677
95.403969608 1010.5709559184678
96.37627495 1010.6016251706857
96.466564937 1010.6016251706858
97.58519519 1010.6065574096381
97.586431742 1010.6215123814649
98.041667431 1010.621512381465
98.511716777 1010.6215123814651
98.723873868 1010.6264446204174
98.733879736 1010.6264446204175
