0.000366555 998.7451358817274
0.000489667 998.9193248360418
0.000762558 998.9506689028715
0.001213723 998.9567615584814
0.001247904 999.0110062549244
0.003043536 999.0812009664137
0.006248061 999.0887392680683
0.006410166 999.1340633211529
0.007783965 999.1891545642587
0.038334047 999.2140407017625
0.05362283 999.289197971104
0.080495933 999.3073514936563
0.080525661 999.3615961900992
0.081863285 999.4317909015884
0.084463681 999.4393292032431
0.084585802 999.4846532563278
0.085739013 999.5397444994335
0.109936025 999.5646306369373
0.122195674 999.6397879062789
0.484525374 999.6445199051485
0.727562461 999.6477566371927
0.909732461 999.6477566371929
1.6116613709999998 999.6698409226091
1.7304911330000001 999.6698409226092
1.851150739 999.6722064783461
2.325067368 999.6893095870877
3.141537739 999.725423666458
3.25947063 999.727048659205
3.319771785 999.7270486592051
4.233176795 999.8910513605592
4.233393171 999.9223954273889
4.233728184 999.9284880829988
4.233758104 999.9827327794418
4.236163241 1000.0283995886979
4.252327648 1000.0307651444348
4.257295582 1000.0856073252937
4.282936316 1000.0856073252938
4.635474035 1000.085607325294
4.727800084 1000.0877740893035
4.752636249 1000.0877740893036
4.944144845 1000.1082996055939
4.980752135 1000.1110352340601
5.097600461 1000.1110352340602
5.214666894 1000.1126602268071
5.333454697 1000.1126602268072
5.567555769 1000.1126602268073
7.743377024 1000.1271602751887
7.769285951 1000.1271602751888
8.301506731 1000.1774053746461
8.301571748 1000.1785872950937
8.301639087 1000.2534493422028
8.301694048 1000.3349460609624
8.301778433 1000.3829383957902
8.30211269 1000.3890310514001
8.302142699000001 1000.4432757478431
8.304454673 1000.4889425570992
8.419458745 1000.4891327907264
8.445584321 1000.5086014552049
8.55932328 1000.508601455205
12.277030315 1000.5624089473642
12.277100642 1000.7365979016787
12.277293736 1000.7679419685084
12.277616694 1000.7740346241183
12.277643575 1000.8282793205613
12.28124796 1000.8376606358813
12.289114657 1000.8486251123567
12.303373431 1000.8518618444009
12.327536114 1000.8739461298172
12.556814483 1000.8739461298173
12.8849598 1000.8739461298175
14.152174862 1000.8884461781987
15.247193576 1000.8884461781989
15.90768419 1000.88924440671
16.017134673 1000.8892444067102
16.125908046 1000.9430518988694
16.125956823 1001.1172408531838
16.126137867 1001.1485849200135
16.126465741 1001.1546775756234
16.126491955 1001.2089222720664
16.13005338 1001.2183035873865
16.137776189 1001.2292680638618
16.153282167 1001.2325047959059
16.422758112 1001.232504795906
16.935030016 1001.2325047959062
17.315067065 1001.2328036357679
17.322554238 1001.2437681122433
18.632629011 1001.2437681122434
19.036400477 1001.2445663407544
19.043578948 1001.269887358215
19.096796016 1001.2698873582151
19.561412478 1001.2698873582152
19.881028506 1001.3128738812954
19.881077764 1001.4870628356099
19.881263841 1001.5184069024396
19.881577091 1001.5787442544923
19.885044199 1001.5881255698125
19.898583662 1001.5943580474182
20.651935489 1001.5943580474183
21.032728796 1001.6252092922595
21.205726451 1001.6252092922596
23.537579923 1001.6866338340019
23.537636115 1001.8608227883163
23.537817857 1001.892166855146
23.538133705 1001.9525042071989
23.541496435 1001.961885522519
23.56898105 1001.9618855225191
23.847893837 1001.9695667498287
23.848627911 1001.9695667498288
27.08062874 1002.0386725188808
27.080692312 1002.2128614731953
27.080884446 1002.244205540025
27.0812295 1002.3045428920778
27.084654588 1002.3139242073979
27.176916934 1002.313924207398
27.50781478 1002.3139242073981
30.54383473 1002.3830299764501
30.543904047 1002.3842118968976
30.543967771 1002.4590739440066
30.544018056 1002.5405706627662
30.54409227 1002.5885629975942
30.544393506 1002.648900349647
30.56390088 1002.6492645211271
30.567609618 1002.6560052245527
30.712220258 1002.6560052245528
33.740312596 1002.6560052245529
33.905297809 1002.7251109936049
33.905363728 1002.7262929140525
33.905433763 1002.8011549611615
33.905487425 1002.882651679921
33.905568864 1002.930644014749
33.90591545 1002.990981366802
33.930210924 1002.9980862417075
34.864497835 1002.9980862417076
37.150225711 1003.0671920107596
37.150292134 1003.0683739312072
37.150361806 1003.1432359783163
37.150416112 1003.2247326970756
37.150494544 1003.2727250319036
37.150820906 1003.3330623839566
37.170592265 1003.3334265554367
38.84455752 1003.3334265554369
40.327891336 1003.4025323244886
40.327958521 1003.4037142449362
40.328022503 1003.4785762920452
40.328074233 1003.5600730108048
40.328156672 1003.6080653456327
40.328462698 1003.6684026976856
40.358874996 1003.6684026976857
40.361609943 1003.6686717805064
41.19759932 1003.6686717805065
42.966135625 1003.6686717805067
43.419602786 1003.7377775495586
43.419667019 1003.7389594700062
43.419730734 1003.8138215171152
43.41978169 1003.8953182358748
43.41985872 1003.9433105707028
43.420174808 1004.0036479227556
44.2317806 1004.0036479227557
46.4411112 1004.0727536918077
46.441189977 1004.0739356122554
46.441255452 1004.1487976593644
46.441307216 1004.2302943781237
46.441385618 1004.2782867129517
46.442141137 1004.2782867129519
46.442585258 1004.2802107100676
46.452131061 1004.2807550871228
46.454334665 1004.2848474400885
46.455791869 1004.2848474400887
46.456044283 1004.3092461192323
49.393738524 1004.4059560266592
49.394732507 1004.4432919737085
49.39477895 1004.4955871887248
49.394903664 1004.5858089065443
49.40447517 1004.5863532835995
49.406666373 1004.5904456365652
49.408983813 1004.6148443157089
52.357912955 1004.6914583856703
52.35854826 1004.7488901701852
52.358593973 1004.8011853852015
52.359141347 1004.8401486550838
52.363092541 1004.8672221563559
52.368258093 1004.8919514800759
52.37030355 1004.8960438330416
52.371753233 1004.8960438330419
52.377635942 1004.9089583713401
53.222124535 1004.9089583713402
55.189191746 1004.9855724413017
55.189800617 1005.0430042258165
55.189842856 1005.0952994408328
55.190376926 1005.1342627107151
55.194173603 1005.1613362119872
55.199266781 1005.1860655357075
55.201256482 1005.1901578886732
57.945309876 1005.2592636577251
57.945402463 1005.2604455781727
57.945466401 1005.3353076252818
57.945517222 1005.4168043440413
57.945879096 1005.4331317120709
57.950837589 1005.4425357293203
57.955818499 1005.4672650530404
57.957762289 1005.4713574060061
59.292914386 1005.4713574060062
60.579049551 1005.5479714759676
60.57964734 1005.6054032604825
60.580915497 1005.6576984754988
60.581421737 1005.6966617453811
60.584965949 1005.7237352466532
60.589766996 1005.7484645703732
60.864531964 1005.7484645703735
63.178186508 1005.8175703394254
63.178293622 1005.818752259873
63.178358456 1005.893614306982
63.178413351 1005.9751110257414
63.178754409 1005.991438393771
63.183348184 1006.0008424110204
63.195317409 1006.0178336756662
63.203104661 1006.0249960114604
64.450631082 1006.0249960114605
65.283138086 1006.0249960114606
65.647275667 1006.0422372419912
65.647652311 1006.0934365932615
65.649245049 1006.1590418659368
65.649282728 1006.2113370809532
65.649873071 1006.2480245633485
65.655081847 1006.2637955802868
65.658547112 1006.2710025900835
67.006392947 1006.2710025900836
68.265663066 1006.3401083591355
68.265726449 1006.3412902795831
68.265786105 1006.4161523266921
68.265835004 1006.4976490454517
68.272437483 1006.5098021589097
68.482496443 1006.5098021589098
70.641122535 1006.5789079279618
70.641208074 1006.5800898484094
70.641269923 1006.6549518955185
70.641981049 1006.6554149435294
70.642305704 1006.6961432284024
70.64284418 1006.7328307107978
72.817578091 1006.7500719413284
72.817927427 1006.8012712925987
72.817968675 1006.8668765652741
72.818415554 1006.9097793997182
72.8186907 1006.9191717802903
72.820484205 1006.9280942685963
72.820763107 1006.9541502781852
72.821292189 1006.9541502781854
72.835689601 1006.9541502781856
74.909800549 1006.9713915087162
74.91014197 1007.0225908599865
74.910184873 1007.0881961326619
74.910645951 1007.1310989671061
74.910899851 1007.1404913476781
74.912641349 1007.1494138359841
74.913430677 1007.1754698455732
75.587303824 1007.1754698455733
76.95881901999999 1007.192711076104
76.961620286 1007.1995688819401
76.962414537 1007.2447582803378
76.962443965 1007.3309279901215
76.962473208 1007.3778653305484
76.962815714 1007.3897502696915
76.964517925 1007.3942146008693
77.503545864 1007.3942146008694
78.953216133 1007.3976526911193
78.953274151 1007.4340742536514
78.953309039 1007.5393643374779
78.9539164 1007.539827385489
78.957121261 1007.5496727454178
78.957148903 1007.5966100858444
78.95744482 1007.6084950249875
78.974296713 1007.6084950249877
80.456477516 1007.6084950249879
80.849089598 1007.6265535963067
80.849128996 1007.6483546777698
80.849177351 1007.679724846466
80.849263683 1007.7172305934906
80.84943647 1007.7243202796311
80.84979194 1007.7536447615962
80.849830616 1007.7541078096075
80.856253182 1007.7769833804613
80.857163331 1007.8108905099629
80.90619591 1007.8108905099631
82.680379896 1007.8281317404939
82.683666858 1007.8349895463298
82.684635497 1007.8947154192637
82.684780257 1007.9193539264089
82.68514005 1007.9447363556468
82.685178964 1007.9449363644392
82.686978946 1007.9793788654366
82.693029202 1008.0048957090808
82.719559026 1008.0048957090809
83.611969804 1008.004895709081
84.449636683 1008.0447553618629
84.449686116 1008.1500454456896
84.45026429 1008.1505084937006
84.456922136 1008.1912367785735
85.763301293 1008.1912367785736
86.161778831 1008.2084780091044
86.16229555 1008.2187119583981
86.162360675 1008.2377913296153
86.162540266 1008.2474090550766
86.165441842 1008.2834311230588
86.165868848 1008.2834311230589
86.166054634 1008.2997001950195
86.166413139 1008.3250826242573
86.1680919 1008.359725134047
86.168492987 1008.3597251340472
86.179357727 1008.3673340131913
87.329239065 1008.3673340131915
87.805635224 1008.4071936659734
87.805699869 1008.4385638346697
87.805770958 1008.4760695816943
87.80594054 1008.4831592678348
87.806299849 1008.5129467978111
87.812107695 1008.5358223686649
87.835101009 1008.535822368665
89.399112475 1008.5530635991958
89.402788425 1008.6280167131501
89.40331603 1008.6696682143487
89.405383038 1008.7043107241384
90.93300358 1008.7215519546692
90.936794113 1008.8127741405842
90.937128654 1008.8381565698221
90.953238447 1008.849923508758
90.974714524 1008.8499235087581
92.411579219 1008.8556438346579
92.411637261 1008.958386925204
92.411961018 1008.9837693544418
92.43286066 1008.983769354442
93.820616896 1009.0022587775738
93.821280216 1009.0922327708879
93.833686839 1009.0964675302081
95.195209337 1009.136590385289
95.19557129 1009.154303125365
95.197977041 1009.1769749464736
95.199698783 1009.1837186540696
95.206040655 1009.1989847274405
95.210357361 1009.204930946654
95.27705344 1009.2049309466541
96.511006108 1009.2539075534895
96.514221357 1009.2854383629194
96.515924289 1009.2921820705154
96.524671482 1009.2921820705155
96.524756993 1009.3074481438863
96.543015769 1009.3074481438864
97.277934117 1009.3074481438865
97.76792122 1009.3564247507219
97.770919338 1009.3879555601518
97.788839478 1009.3879555601519
98.976402468 1009.4113024659106
98.980254215 1009.4280784152328
98.986113963 1009.4369321669875
98.986605393 1009.4396115517109
98.986819692 1009.4684629764174
