0.000366666 998.8024416664098
0.001036259 998.8421262415916
0.001113876 998.8542385556657
0.001219261 998.8869645346338
0.001495398 998.9218242056177
0.00458653 998.9440203207198
0.016092497 999.0659966604908
0.053444068 999.065996660491
0.078313143 999.235277639048
0.078699536 999.2749622142298
0.078817338 999.3198005072722
0.0790158 999.3546601782559
0.081404233 999.3768562933581
0.09051001 999.4988326331293
0.15079723 999.5010080520703
0.420593808 999.5024451036065
0.632194988 999.5099037512794
0.754198997 999.5116601298846
0.993792442 999.5121206173583
1.113345478 999.5124264096914
1.234167791 999.5218960116913
1.3515697709999999 999.5258219101997
1.472806295 999.5267804965868
1.712220388 999.5337340310384
1.771825637 999.5337340310386
1.859717125 999.5399421051102
1.9521997629999999 999.5412568621396
2.010748609 999.5412568621398
2.188981441 999.5480554986027
2.42102932 999.5484698492733
2.722118332 999.5542857178807
2.958226389 999.5570579687517
3.199102496 999.5685937020221
3.2291046039999998 999.5685937020223
3.317736311 999.572312448166
3.5564391239999997 999.5727067316091
3.704184012 999.5893444948322
3.736140405 999.5893444948324
3.914721129 999.5907898171242
3.9439590620000002 999.5907898171245
4.089749359 999.5992112061758
4.258684118 999.9375002202041
4.259157615 999.9771847953859
4.259215702 999.9892971094603
4.259293634 1000.0220230884283
4.259509727 1000.056882759412
4.261935941 1000.0790788745142
4.278645892 1000.0875002635655
4.39536441 1000.0902725144365
5.307638369 1000.0933868586555
5.323570527 1000.1018082477071
6.712762393 1000.1059212772939
7.155677585 1000.1141376514659
7.172064853 1000.122559040517
7.23012348 1000.1225590405172
7.63078144 1000.1240043628093
8.298017956 1000.4891357796173
8.29847647 1000.5288203547991
8.29853271 1000.5409326688734
8.298790816 1000.6085183188252
8.301153025 1000.6307144339273
8.655149534 1000.6473521971507
12.206682379 1001.0305666994741
12.207164475 1001.0702512746559
12.20860532 1001.08236358873
12.208689133 1001.1150895676981
12.208887205 1001.149949238682
12.233273122 1001.1540622682687
12.672488344 1001.154062268269
16.016981445 1001.5372767705921
16.01746085 1001.5890736598483
16.017736023 1001.6566593098003
19.713346781 1002.0398738121237
19.713814198 1002.0795583873055
19.713872386 1002.0916707013796
19.715154046 1002.131919511449
19.73800161 1002.1449483671902
19.739326617 1002.1477206180609
19.76879497 1002.1477206180612
23.323564033 1002.2484895018458
23.324064836 1002.2679532595239
23.324123916 1002.4840933613834
23.324434823 1002.530387844215
23.324563858 1002.6229808197097
23.347184414 1002.6360096754509
24.902985061 1002.6360096754511
26.846392684 1002.7367785592357
26.84692395 1002.9723824187736
26.847362862 1003.1112698770996
26.870291045 1003.1184828642333
30.268087102 1003.2192517480182
30.268576535 1003.2387155056963
30.268641614 1003.4548556075558
30.269088278 1003.5937430658821
30.292975156 1003.6009560530156
30.579012558 1003.6009560530158
33.593396875 1003.984170555339
33.593795333 1004.0238551305208
33.593849537 1004.0359674445951
33.594990056 1004.0762162546644
34.191322464 1004.0762162546646
36.823469937 1004.2218611574267
36.823529249 1004.2475974987988
36.82356751 1004.4343219716934
36.823926366 1004.4991153321696
36.824715163 1004.5112276462439
36.864634529 1004.5514764563131
37.094234922 1004.5514764563134
39.962601638 1004.6971213590755
39.962688573 1004.7228577004475
39.962727156 1004.9095821733422
39.963070326 1004.9743755338184
39.988766323 1004.9828160221941
41.30382913 1004.9828160221944
43.044452149 1005.0835849059793
43.045657001 1005.0932609892441
43.045810756 1005.1284609249565
43.047331949 1005.176859080635
43.04747164 1005.2234900283058
43.047863552 1005.2639375146366
43.048942941 1005.3113589009645
43.050114746 1005.340921739223
43.052561052 1005.3638147774996
43.077650332 1005.3684178195549
43.07859263 1005.3866440936351
46.0744806 1005.48741297742
46.07555427 1005.4970890606849
46.075693384 1005.5322889963973
46.077155352 1005.5806871520758
46.077289338 1005.6273180997468
46.07767535 1005.6677655860774
46.078688941 1005.7151869724055
46.079839753 1005.744749810664
46.082209586 1005.7676428489403
46.406814945 1005.7676428489406
49.008316546 1005.8684117327255
49.009409653 1005.8780878159905
49.009567464 1005.9132877517027
49.011048723 1005.9616859073813
49.011198 1006.0083168550523
49.011541431 1006.048764341383
49.01255011 1006.0961857277109
49.013668055 1006.1257485659694
49.046181813 1006.148641604246
51.906103329 1006.2494104880309
51.907112851 1006.2590865712957
51.908131858 1006.2942865070081
51.909516592 1006.3426846626867
51.909647911 1006.3893156103575
51.909997843 1006.4297630966882
51.910949168 1006.4771844830161
51.912069357 1006.5067473212748
54.93960058 1006.5088872516053
54.939789916 1006.5583173386008
54.940294796 1006.6171922883248
54.941910506 1006.7007903797155
54.94204703 1006.7474213273865
54.942379899 1006.7878688137173
54.943385703 1006.8352902000452
57.620305526 1006.8374301303759
57.620504894 1006.8868602173713
57.620994967 1006.9457351670951
57.622450944 1007.0293332584861
57.622582989 1007.0759642061571
57.623007956 1007.0965238751453
57.623047075 1007.0974611772006
60.193622555 1007.099601107531
60.193811171 1007.1490311945265
60.194302572 1007.2079061442505
60.195747586 1007.2915042356412
60.195884262 1007.3381351833123
60.19629305 1007.3586948523005
60.973104198 1007.3586948523007
62.660405311 1007.4102648696264
62.663370925 1007.493243969778
62.663586548 1007.5313727379637
62.664611184 1007.5953939987205
62.670636435 1007.6156384870519
62.739730862 1007.6156384870521
63.392254105 1007.6156384870524
65.057190948 1007.6181219612972
65.05771347 1007.6672085043781
65.059926644 1007.7883163727154
65.07369319 1007.8116163120487
65.077130692 1007.8725821218036
65.451464074 1007.8725821218038
67.345799812 1007.9862891551038
67.348986707 1008.045260007467
67.361727365 1008.0685599468004
67.366536047 1008.0912779491116
67.367193955 1008.1092812682239
69.191960854 1008.1092812682241
69.55126823 1008.2229883015239
69.554385227 1008.2819591538871
69.566696964 1008.3052590932205
69.571510221 1008.3279770955317
69.577108821 1008.3279770955319
71.580768606 1008.3279770955321
71.678877187 1008.4416841288319
71.689390189 1008.4718704679681
71.691355554 1008.4812635527396
71.693379479 1008.5006549811951
71.696996989 1008.5053903948208
71.698272603 1008.5102125645108
72.229487174 1008.510212564511
73.753361698 1008.5126960387558
73.753969222 1008.5126960387561
73.755388078 1008.5420280160606
73.755855468 1008.682890450174
73.771476511 1008.6876258637997
73.779326577 1008.6876258637999
75.567898076 1008.6876258638001
75.772395488 1008.690109338045
75.773734485 1008.7194413153495
75.77521831 1008.8013328970999
75.782192896 1008.8315192362361
75.784116639 1008.8409123210076
75.785952383 1008.8603037494631
76.296411821 1008.8603037494634
77.759079039 1008.8627872237084
77.760207917 1008.8701742282299
77.760339554 1008.8764737437753
77.761878381 1008.9740107827633
77.76879954 1009.0041971218993
77.77065818 1009.0135902066711
77.777463353 1009.0175682883314
79.118597505 1009.0175682883316
79.639661416 1009.0200517625765
79.641006811 1009.049383739881
79.642439162 1009.1312753216314
79.649547425 1009.1322189111554
79.649754515 1009.1614616607676
79.651084501 1009.1708547455394
81.197298354 1009.1708547455395
81.459150674 1009.1708547455396
81.475427075 1009.1733382197845
81.477294008 1009.202670197089
81.478745167 1009.2845617788395
81.485402672 1009.3147481179758
81.494548708 1009.3241412027472
81.578860939 1009.3241412027473
82.329109535 1009.3241412027475
83.271388875 1009.3266246769923
83.273047395 1009.334011681514
83.273180076 1009.3403111970595
83.274689979 1009.4378482360473
83.281226824 1009.4680345751837
84.42024544 1009.4680345751838
84.972649378 1009.4705180494288
84.973968604 1009.4998500267334
84.975328639 1009.5817416084838
84.981942131 1009.5826851980078
85.620297046 1009.5826851980079
86.632356007 1009.5851686722528
86.634112214 1009.6145006495575
86.635519445 1009.6963922313079
87.858543881 1009.696392231308
88.251525653 1009.698875705553
88.252741662 1009.7282076828575
88.258322395 1009.7448500426002
88.258350497 1009.7464353564819
88.259127253 1009.8080915599916
88.281394555 1009.8080915599917
89.420971972 1009.8080915599918
89.790531747 1009.8105750342368
89.792170237 1009.8399070115413
89.797423278 1009.856549371284
89.79745028 1009.8581346851657
89.798185955 1009.9197908886755
91.261497566 1009.9222743629206
91.263153514 1009.9516063402252
91.268381966 1009.968248699968
91.268411607 1009.9698340138497
91.27040463 1009.989474479336
91.272919725 1010.0028411588319
91.279067741 1010.0278174701158
91.857020149 1010.0278174701159
92.65783229 1010.0303009443609
92.65942663 1010.0596329216654
92.664528577 1010.0778605952898
92.666439932 1010.0975010607762
92.669299099 1010.110867740272
92.727634486 1010.1108677402722
93.209013384 1010.1108677402723
94.00897811 1010.1133512145173
94.010517083 1010.1426831918218
94.015454282 1010.1609108654462
94.017326786 1010.1805513309325
94.017817508 1010.1805513309326
94.31645836 1010.1805513309328
95.31565688 1010.1830348051778
95.316767316 1010.2123667824824
95.321535098 1010.2305944561068
95.324738074 1010.24787967881
95.474855485 1010.2478796788101
96.560784121 1010.2503631530552
96.564209462 1010.2712611672011
96.567032405 1010.2979228039842
96.576416859 1010.2996315159635
97.753357907 1010.3021149902086
97.756977214 1010.3230130043544
97.759382523 1010.3496746411375
97.768839973 1010.3496746411377
98.899331496 1010.3521581153827
98.902504142 1010.3730561295287
99.987147038 1010.3755396037737
99.99824357 1010.3829266082953
100.074529069 1010.3829266082954
