0.000365714 999.8888651621395
0.000643164 999.9094301234155
0.000886758 999.9147644656153
0.000939092 999.9426260174163
0.001151277 999.9623933636652
0.001291833 1000.0618689733359
0.002497543 1000.156462555393
0.002534788 1000.1753499357168
0.002753432 1000.2235692247044
0.006319754 1000.2261196937205
0.009198026 1000.3132622188465
0.058247524 1000.3271741704388
0.079258905 1000.3354750300997
0.079364347 1000.4349506397706
0.08022738 1000.5295442218277
0.08111622 1000.5484316021515
0.081288338 1000.5966508911391
0.083273695 1000.5992013601552
0.085628376 1000.6863438852812
0.124321091 1000.7002558368732
0.245899396 1000.7002558368735
0.307140399 1000.7004183778932
0.547253329 1000.7006564762568
0.667856143 1000.7018074543524
1.148908062 1000.7054124941077
1.209294552 1000.7054124941079
1.388707636 1000.7076530913913
1.509080743 1000.7078504613618
1.5679155150000001 1000.7089932580313
1.626961758 1000.7089932580316
1.806597995 1000.7167312442913
2.066908609 1000.7249496730789
2.185063264 1000.7281979072965
2.222986567 1000.7421098588887
2.458472812 1000.7506650920227
2.576219107 1000.7506650920228
2.695581363 1000.7536317830953
2.8725169790000002 1000.7536317830956
3.190887379 1000.7605990695691
3.310504505 1000.7767401635414
3.348609444 1000.7906521151336
3.586472028 1000.7955732476879
3.913284795 1000.8035986722624
3.974696346 1000.81043287142
4.012495839 1000.824344823012
4.133781671 1000.8433247772374
4.270457184 1000.8684937136333
4.270606728 1000.8890586749093
4.270764581 1000.8943930171091
4.270805048 1000.92225456891
4.270962904 1000.9420219151588
4.271812012 1000.942021915159
4.271885163 1000.9857273972804
4.271981751 1001.1549784872105
4.272140491 1001.2031977761982
4.274911119 1001.2057482452143
4.277322666 1001.2550983087827
4.284011946 1001.2739108161148
4.314393712 1001.3068027219323
4.486889356 1001.3068027219325
5.11694591 1001.3117238544866
7.426592494 1001.3404954298109
8.302661922 1001.3985562720242
8.302823779 1001.4191212333002
8.30298608 1001.4244555755
8.303028223 1001.452317127301
8.303190611 1001.4720844735499
8.304094376 1001.5157899556713
8.304192816 1001.6850410456015
8.304347842 1001.7332603345891
8.315844652 1001.8039733745057
8.48621734 1001.803973374506
9.550339979 1001.80889450706
12.227164032 1001.9006480571519
12.227525525 1001.9265473606278
12.227571527 1001.9544089124287
12.227747114 1001.9741762586774
12.228689031 1002.017881740799
12.228779894 1002.1682454504054
12.228971197 1002.2353521197168
12.238920956 1002.2723724517549
12.796940981 1002.2723724517551
16.053155222 1002.3641260018468
16.05333577 1002.3846909631228
16.053521169 1002.3900253053226
16.053564983 1002.4178868571236
16.053729536 1002.4376542033723
16.054705352 1002.6506107754241
16.055734224 1002.6988300644117
16.071397614 1002.7358503964498
16.284329185 1002.73585039645
19.780315266 1002.8276039465417
19.780475538 1002.8481689078177
19.780635305 1002.8535032500175
19.780675755 1002.8813648018184
19.780831501 1002.9011321480672
19.781618395 1002.9011321480674
19.781772817 1003.114088720119
19.781931707 1003.1623080091066
21.63088345 1003.1623080091068
23.39514034 1003.2540615591985
23.395310454 1003.2746265204745
23.395500502 1003.2799608626743
23.395544258 1003.3078224144753
23.39570891 1003.327589760724
23.396498065 1003.3275897607242
23.396575812000002 1003.3712952428456
23.396682711 1003.5405463327758
23.401161251 1003.5772436975566
23.453352759 1003.5772436975568
26.909564889 1003.6052476871297
26.909836754 1003.6948965511243
26.909880495 1003.7227581029252
26.910037622 1003.7425254491742
26.913091924 1003.7862729729319
26.913249812 1003.8797712373895
26.914022029 1003.8797712373897
26.92448818 1003.9504879050111
26.932477417 1003.9507260033748
30.340471689 1003.9787299929479
30.34075745 1004.0683788569426
30.34080136 1004.0962404087435
30.340969972 1004.1160077549922
30.341736616 1004.1160077549924
30.344019265 1004.1597552787501
30.344192386 1004.2532535432077
30.355998957 1004.3239702108293
30.594371814 1004.3239702108295
33.70659014 1004.3519742004024
33.706885526 1004.441623064397
33.706930226 1004.469484616198
33.70710764 1004.4892519624467
33.710150347 1004.5329994862046
33.71031043 1004.6264977506622
33.720936999 1004.6972144182838
35.394014003 1004.697214418284
36.962717635 1004.7252184078569
36.963004137 1004.8148672718513
36.963046819 1004.8427288236522
36.963208083 1004.8624961699012
36.966153866 1004.9062436936591
36.966307667 1004.9997419581167
36.978596722 1005.0622910634062
37.070672664 1005.0622910634064
40.113021311 1005.1540446134983
40.113356612 1005.1799439169741
40.11340155 1005.2078054687751
40.11355116 1005.227572815024
40.114465917 1005.2900318863034
40.114560805 1005.3197791289487
40.114807064 1005.3331250376269
40.117419558 1005.3648186032393
40.135830545 1005.3889643966457
40.141150547 1005.3942484591925
40.142850479 1005.427367708529
43.22363203 1005.5191212586207
43.223953854 1005.5450205620965
43.22408901 1005.5531800797143
43.224687344 1005.5728821138974
43.224999119 1005.655108531426
43.225084922 1005.684855774071
43.22532142 1005.6982016827493
43.247519173 1005.7201163704491
43.250615299 1005.7593251043148
46.223123102 1005.8510786544065
46.223453781 1005.8769779578823
46.22421886 1005.9048395096833
46.224529546 1005.9870659272118
46.22462292 1006.0168131698568
46.224881891 1006.0301590785351
46.247414551 1006.0520737662351
46.253753695 1006.0681610607027
46.254177868 1006.0859984375539
46.422802127 1006.0859984375542
49.125952024 1006.1777519876458
49.126296566 1006.2036512911217
49.127319128 1006.3137392604511
49.127407963 1006.3434865030962
49.127660183 1006.3568324117745
49.149527312 1006.3787470994745
49.687410345 1006.3787470994747
51.955100545 1006.4705006495664
51.95542531 1006.4963999530422
51.956431217 1006.6064879223715
51.956519875 1006.6362351650167
51.956758306 1006.649581073695
54.136225377 1006.6495810736951
54.802561324 1006.6775850632681
54.802862507 1006.7672339272625
54.804509983 1006.7687858640496
54.805997725 1006.8586103490703
54.806176687 1006.8861179724587
54.80621798 1006.8988874331031
55.099457547 1006.8988874331034
57.529358254 1006.9268914226765
57.529662742 1007.0165402866709
57.531095842 1007.018092223458
57.532427105 1007.1079167084785
57.532605049 1007.1354243318668
57.532645468 1007.1481937925113
58.00034052 1007.1481937925114
59.94639084 1007.1481937925115
60.077079066 1007.1711671653835
60.077317886 1007.2658466460788
60.078651122 1007.2673985828659
60.080944074 1007.3164328977301
60.0809731 1007.3274696197985
60.081104642 1007.3678502300974
60.088178279 1007.3693640953742
60.09909114 1007.393271160578
60.207806424 1007.3932711605783
62.569074005 1007.4162445334505
62.569323473 1007.5109240141458
62.570659148 1007.5124759509329
62.572901558 1007.5615102657969
62.572928666 1007.5725469878655
62.579949027 1007.6144414634412
62.590372778 1007.6377202838423
62.83317926 1007.6377202838426
65.033667553 1007.6606936567148
65.033925122 1007.7553731374102
65.035289804 1007.7569250741973
65.037502204 1007.8059593890614
65.037532349 1007.8169961111298
65.044409908 1007.8588905867055
65.066756894 1007.8588905867056
67.354291711 1007.8818639595778
67.354531613 1007.9765434402732
67.355836891 1007.9780953770602
67.358016114 1008.0271296919243
67.358044616 1008.0381664139927
67.369089145 1008.0678033248081
67.369403625 1008.0800608895684
67.670335098 1008.0800608895685
67.960183595 1008.0800608895686
69.566934122 1008.1030342624408
69.567174709 1008.1977137431361
69.568512124 1008.1992656799232
69.57061264 1008.2482999947872
69.594701999 1008.2489828537047
70.228788427 1008.2489828537048
71.70398293 1008.271956226577
71.704188399 1008.3666357072724
71.70541608 1008.3681876440595
71.70746764 1008.4172219589235
72.617152802 1008.4172219589236
73.767227319 1008.4401953317958
73.767440204 1008.5348748124912
73.768683488 1008.5364267492782
73.770745447 1008.5854610641424
75.757361675 1008.6084344370146
75.757559109 1008.70311391771
75.75874359 1008.7046658544971
75.76241926 1008.7102702252031
75.773982978 1008.7114105563219
75.774911741 1008.7253495663349
75.781688807 1008.7351905795929
75.810488271 1008.735190579593
77.743405311 1008.7581639524652
77.743595395 1008.8528434331606
77.744791005 1008.8543953699477
77.748460915 1008.8599997406537
77.759880607 1008.8611400717725
77.760815688 1008.8750790817855
77.787964446 1008.8750790817857
79.655279609 1008.8980524546579
79.655517591 1008.9927319353533
79.658728452 1008.9942838721404
79.662220202 1008.9998882428464
79.674246568 1009.0010285739652
79.678403868 1009.0083332688271
79.916322044 1009.0083332688272
81.496551567 1009.0313066416994
81.496761937 1009.1259861223948
81.497909005 1009.1275380591819
81.501426448 1009.1331424298879
81.513564727 1009.1342827610067
82.400076369 1009.1342827610068
83.269652688 1009.1572561338791
83.269844924 1009.2519356145744
83.270965959 1009.2534875513616
83.274383544 1009.2590919220676
84.98142063 1009.2820652949398
84.981660844 1009.3767447756352
84.982789172 1009.3782967124223
86.620253886 1009.4012700852945
86.620454974 1009.49594956599
87.519871289 1009.4959495659901
88.194618152 1009.5092469037327
88.197754766 1009.5108040536344
88.198885703 1009.5135508431418
88.199181278 1009.5703962025322
88.200707362 1009.5973009072311
88.205369444 1009.6136024195578
88.767978533 1009.6136024195579
89.712263119 1009.6268997573003
89.714922176 1009.6880490560999
89.718610047 1009.7149537607988
89.864944296 1009.714953760799
91.157425794 1009.7282510985415
91.160408872 1009.7298082484433
91.161500729 1009.7325550379508
91.161796581 1009.7894003973411
91.164248177 1009.8123184338579
91.699730852 1009.812318433858
92.546159094 1009.8256157716005
92.549095827 1009.8271729215023
92.550173776 1009.8299197110098
92.550447206 1009.8867650704001
93.885493094 1009.9016195580444
93.886578052 1009.9043663475519
93.888407379 1009.9485536458224
94.492754577 1009.9485536458225
95.189544555 1009.9634081334666
95.196664263 1009.966154922974
95.226724269 1009.9661549229742
95.386244067 1009.9661549229743
95.897600512 1009.9661549229744
96.430738257 1009.9810094106186
96.43671395 1009.9979661741321
97.61744019 1010.0128206617765
97.627331156 1010.0128206617766
98.755422255 1010.0236950119535
