0.000361687 1000.7312096554114
0.000500388 1000.9964198752062
0.002453265 1001.1464277725453
0.003002495 1001.2085630817502
0.003179258 1001.2414041144524
0.007158592 1001.2965538037992
0.007437268 1001.3478269081194
0.008048682 1001.3995525519224
0.067306635 1001.3995525519225
0.080607372 1001.5298003164589
0.081014359 1001.5919356256638
0.081150252 1001.6247766583658
0.084312998 1001.6799263477128
0.08453731 1001.731199452033
0.085032689 1001.7829250958358
0.13211499 1001.7829250958359
0.192844511 1001.782925095836
0.328309825 1001.7856181025772
0.375178294 1001.7856181025774
0.389566355 1001.7863068666611
0.435976671 1001.7863068666612
0.557499254 1001.7887166985944
0.632538746 1001.7898541171871
0.679270304 1001.7898541171872
0.693678197 1001.7912401791768
0.739418879 1001.791240179177
0.800700356 1001.7912401791771
0.814200867 1001.7916534391502
1.041144933 1001.7916534391503
1.055449243 1001.7938961180009
1.101901532 1001.793896118001
1.175682265 1001.7944653421539
1.221938965 1001.794465342154
1.338890173 1001.7956280405141
1.412902303 1001.796511682541
1.458232164 1001.7965116825411
1.5188484899999999 1001.7965116825412
1.5323534730000001 1001.7998887458302
1.593441745 1001.8032949467884
1.758423156 1001.8032949467885
1.877396171 1001.806088782908
1.952719082 1001.8071680529142
2.119555506 1001.8108029991487
2.241461325 1001.8108029991488
2.314259555 1001.8153890283388
2.360786717 1001.8153890283389
2.432231698 1001.816387625131
2.477634481 1001.8163876251311
2.491636483 1001.8256953871539
2.537827138 1001.825695387154
2.597773105 1001.8258914132372
2.670953632 1001.8273063748561
2.716935833 1001.8273063748562
2.8488275659999998 1001.849849866073
2.894825755 1001.8498498660731
2.908561602 1001.851883294429
2.9542527 1001.8518832944291
2.968090453 1001.8530445074591
3.015084501 1001.8530445074592
3.028669897 1001.8530445074593
3.104231499 1001.8596970067005
3.135431394 1001.882456064203
3.25628937 1001.8824560642031
3.328883937 1001.900229644079
3.435788815 1001.9002296440791
3.449806542 1001.9064813825103
3.495610224 1001.9064813825104
3.5256269380000003 1001.9109701110207
3.55598783 1001.9337291685232
3.751316878 1001.9550880254947
3.799316665 1001.9550880254948
3.996738601 1001.9626957548235
4.045495303 1001.9626957548236
4.060414699 1001.9626957548237
4.107361456 1001.9626957548238
4.299512174 1002.0519578876682
4.299724305 1002.0842492354669
4.300110211 1002.0937396947081
4.300747556 1002.2437475920473
4.301166196 1002.3058829012522
4.3103800230000004 1002.4665055845929
4.350728155 1002.4968723714245
4.65288436 1002.5106234990669
4.6978749 1002.510623499067
4.882542079 1002.5182312283957
4.925779598 1002.5182312283958
5.053641264 1002.518231228396
5.613274304 1002.5182312283961
8.324460384 1002.7010008120834
8.325948739 1002.8510087094227
8.326374556 1002.9131440186276
8.329639123 1003.0011347406765
8.329872954 1003.0524078449965
8.353247247 1003.0737667019681
10.245675308 1003.0737667019682
12.265087797 1003.2565362856557
12.266533161 1003.4065441829949
12.266946843 1003.4686794921998
12.270190534 1003.5566702142488
12.382083587 1003.5566702142489
14.793881977 1003.556670214249
16.090275395 1003.5668225908131
16.090498895 1003.6812503430682
16.09065087 1003.7299493386951
16.091952746 1003.8147982743482
16.091998733 1003.9515830044805
16.119003477 1003.9536293448676
16.119580079 1004.0101621697858
16.707172974 1004.0101621697859
19.816241196 1004.0375320468029
19.816515067 1004.134742298605
19.818497833 1004.1826400417972
19.819432269 1004.3429396508125
19.819829314 1004.4050749600174
19.846026146 1004.4071213004042
19.852737659 1004.4269972429945
19.855940807 1004.4363050050174
21.98173945 1004.4363050050175
23.452295512 1004.4464573815816
23.452394514 1004.4843651560597
23.452541393 1004.5608851338367
23.452700831 1004.6087828770286
23.453916922 1004.6944330651166
23.453957449 1004.8312177952488
23.471308625 1004.8521414814337
23.537535742 1004.8521414814339
25.807432969 1004.852141481434
26.990002003 1004.862293857998
26.990246188 1004.9767216102531
26.991051169 1004.9767216102532
26.991247983 1005.0192980165967
26.991714064 1005.1102695415333
26.992191938 1005.1849189624604
26.997691239 1005.2209676094621
27.017784603 1005.2442423686616
30.436066923 1005.2543947452259
30.436285409 1005.368822497481
30.437067164 1005.3688224974811
30.437253633 1005.4113989038246
30.437690817 1005.502370428761
30.44097683 1005.5090519761939
30.445162713 1005.5360039714024
30.456866194 1005.5671883526065
30.468158193 1005.5810926549809
30.468231188 1005.6093510167848
33.797901508 1005.6195033933491
33.798160178 1005.7339311456042
33.798907841 1005.7339311456043
33.799106522 1005.7765075519478
33.79986012 1005.7863047039443
33.802462269 1005.8282471780849
33.802750099 1005.874160624317
33.812511066 1005.9008687305623
33.818933179 1005.9322970007297
37.057221137 1005.942449377294
37.057451175 1006.0568771295491
37.058178758 1006.0568771295492
37.05837114 1006.0994535358927
37.059100186 1006.109250687889
37.061688259 1006.1511931620298
37.061963836 1006.1971066082617
37.062618125 1006.1971066082618
37.071763157 1006.2238147145072
37.078714567 1006.2552429846745
40.262015671 1006.2653953612386
40.262268605 1006.3798231134937
40.262984595 1006.379823113494
40.26315936 1006.4223995198373
40.263898914 1006.4321966718338
40.266439494 1006.4741391459744
40.266729591 1006.5200525922065
40.267390189 1006.5200525922066
40.275514731 1006.546760698452
40.879350701999996 1006.5467606984522
43.376562052 1006.5569130750163
43.376799857 1006.6713408272714
43.377559036 1006.6713408272715
43.3777553 1006.713917233615
43.378514795 1006.7237143856115
43.381074694 1006.7656568597521
43.381336802 1006.8115703059842
45.07999534 1006.8115703059843
46.414455937 1006.9361504348035
46.415203831 1006.9361504348036
46.41536868 1006.9787268411471
46.416076569 1006.9885239931434
46.420630777 1007.0037282943001
46.421049069 1007.0092720093633
46.421360533 1007.0483496684933
46.421763263 1007.0637764109715
46.422447823 1007.0637764109716
46.439100426 1007.0698593605914
46.491322814 1007.0698593605915
47.836258304 1007.0698593605916
49.358046819 1007.0800117371557
49.358285935 1007.1944394894108
49.358997136 1007.1944394894109
49.359159232 1007.2370158957544
49.359886587 1007.246813047751
49.364095353 1007.2620173489074
49.364124744 1007.3066387231006
49.365159569 1007.3220654655788
49.365812529 1007.3220654655789
50.401982535 1007.322065465579
52.199550831 1007.3322178421432
52.199762579 1007.4466455943983
52.20199579 1007.4466455943984
52.202165494 1007.483958330018
52.202815946 1007.4990191527385
52.206776051 1007.5142234538949
52.206803719 1007.5588448280881
52.213291523 1007.5588448280882
52.219975663 1007.5742715705663
54.103713921 1007.5742715705665
54.906086951 1007.5844239471304
54.906322327 1007.6988516993855
54.907012463 1007.6988516993856
54.907188742 1007.7361644350054
54.90790041 1007.7512252577257
54.911822877 1007.7664295588821
54.911849278 1007.8110509330753
54.918174316 1007.8110509330754
54.950092374 1007.8110509330755
56.395228103 1007.8110509330756
57.503491657 1007.9356310618947
57.50413588 1007.9356310618948
57.505536194 1007.9729437975146
57.506177156 1007.9880046202348
57.514219856 1008.0032725335162
57.523596645 1008.022927016562
57.525534643 1008.023697021904
57.536657322 1008.0236970219041
57.633008497 1008.0236970219042
58.2226297 1008.0236970219044
60.030365234 1008.1482771507235
60.031158215 1008.1855898863435
60.031785313 1008.2006507090637
60.039658932 1008.2159186223448
60.040215962 1008.2159186223449
60.048932753 1008.2355731053908
62.247803615 1008.2355731053909
62.469887853 1008.3601532342101
62.470717278 1008.3974659698298
62.471383423 1008.4125267925502
62.479100348 1008.4277947058314
62.488277857 1008.4277947058315
62.490797832 1008.4345780796185
62.491340243 1008.4345780796186
62.766270649 1008.4345780796187
64.852441628 1008.559158208438
64.853250876 1008.596470944058
64.853913481 1008.6115317667782
64.857753685 1008.6267360679346
64.858133038 1008.6322797829978
65.112291938 1008.6322797829979
67.173635369 1008.7568599118171
67.174484886 1008.7941726474368
67.175187412 1008.809233470157
67.182987119 1008.8245013834381
67.192810677 1008.8245013834382
67.415904036 1008.8245013834384
68.487384022 1008.8245013834385
69.246720145 1008.8245013834386
69.399821513 1008.8999365879661
69.400323895 1008.9490815122577
69.400484773 1008.9863942478773
69.401097757 1009.0014550705976
69.421421082 1009.0128529019348
69.45264201 1009.0128529019349
69.974379488 1009.0128529019352
71.565689521 1009.1374330307542
71.566428579 1009.1747457663739
71.567018673 1009.1898065890944
71.584015419 1009.1971546329727
71.687396333 1009.1971546329728
72.503223898 1009.1971546329729
73.649459195 1009.2299126134778
73.649983103 1009.3590474974119
73.65058831 1009.3741083201321
73.68073085 1009.3741083201322
74.551549918 1009.3741083201323
75.676799006 1009.406866300637
75.679678006 1009.4363892622965
75.683014688 1009.4441596798846
75.683100109 1009.4514572530173
75.684388933 1009.4598441353238
75.686404014 1009.4782420120372
75.686498754 1009.5314391987807
76.028012667 1009.5314391987808
77.678970084 1009.5641971792859
77.681558682 1009.5937201409449
77.684918964 1009.6014905585334
77.685008715 1009.6087881316662
77.686247441 1009.6171750139724
77.690744767 1009.6757824293845
79.592637404 1009.7085404098895
79.595199273 1009.7380633715485
79.598488328 1009.745833789137
79.598585002 1009.75313136227
79.599839135 1009.7615182445762
79.604534818 1009.8201256599881
80.986074408 1009.8201256599882
81.435499072 1009.8528836404932
81.437969409 1009.8824066021523
81.441126488 1009.8901770197408
81.441227941 1009.8974745928736
81.44246029 1009.90586147518
81.448519596 1009.96353484412
82.267732057 1009.9635348441201
83.247839598 1009.9962928246249
83.250297711 1010.0258157862839
83.253412395 1010.0335862038725
83.253511285 1010.0408837770052
83.254670679 1010.0492706593117
83.26060244 1010.0643226917329
83.267195222 1010.067668536025
83.292175538 1010.0676685360253
84.196412308 1010.0676685360254
84.978677145 1010.1004265165303
84.981054509 1010.1299494781894
84.984077311 1010.1377198957776
84.984172055 1010.1450174689106
84.9853505 1010.1534043512169
84.990639427 1010.168456383638
85.346718209 1010.1684563836382
86.078711312 1010.1684563836383
86.638748541 1010.2012143641432
86.641041104 1010.2307373258022
86.644143701 1010.2385077433908
86.644611007 1010.2458053165234
86.645390765 1010.2541921988297
86.653812637 1010.2541921988299
86.655500349 1010.2582515343287
86.678565612 1010.2582515343288
87.525158688 1010.2582515343289
88.247773675 1010.291009514834
88.250013768 1010.320532476493
88.25296842 1010.3283028940815
88.254179263 1010.3439873495205
88.329090873 1010.3439873495206
89.804318295 1010.3767453300253
89.806509133 1010.4062682916843
89.809360677 1010.4140387092729
89.810513978 1010.4297231647121
89.889875571 1010.4297231647122
91.108190446 1010.4297231647123
91.279097707 1010.4624811452173
91.281199944 1010.4920041068764
91.286829455 1010.5011396611902
91.348813951 1010.5011396611903
92.701081235 1010.5338976416953
92.703206468 1010.5634206033543
92.717848937 1010.5706600104744
93.647414626 1010.5706600104745
94.085824144 1010.6034179909794
94.087864635 1010.6329409526385
94.296368421 1010.6329409526386
94.787000752 1010.6329409526387
95.387129806 1010.6329409526388
95.40917198 1010.6656989331436
95.417044479 1010.6836302980502
95.435595079 1010.6836302980504
96.680089426 1010.7163882785552
96.731016296 1010.7163882785553
96.871311807 1010.7163882785554
97.247617413 1010.7163882785555
97.8837402 1010.7164055265141
97.884847033 1010.7318971913276
97.88639776 1010.7440332423168
99.015167412 1010.744033242317
99.038835144 1010.7440504902754
99.039895049 1010.7595421550889
99.087974738 1010.759542155089
99.7179466 1010.7595421550891
