0.000369733 998.8065255707063
0.000471425 999.0659198939727
0.000657982 999.0714707075917
0.000783851 999.2900893196977
0.009226973 999.2964044425632
0.015828059 999.3142683524181
0.017208142 999.3221002643334
0.017402208 999.3936440329912
0.018431651 999.3936440329915
0.022786842 999.4890864488118
0.025721234 999.5291346257002
0.026469683 999.5457684528355
0.079272913 999.6701995150182
0.085900631 999.6765146378838
0.091099154 999.6943785477387
0.092203941 999.7022104596539
0.092368497 999.7737542283118
0.093204508 999.773754228312
0.096624595 999.8691966441323
0.0989836 999.9092448210207
0.09959174 999.9258786481561
0.160489925 999.9261831543413
0.282758329 999.9280290121953
0.343059196 999.9341650523011
0.703738783 999.9370745831932
0.763705764 999.9433884389123
0.823545922 999.9478777546597
0.944254269 999.950770893369
1.184354369 999.9581214443392
1.2455508 999.9587163726735
1.367603651 999.9612452125598
1.486114508 999.9643160549094
1.727680768 999.9667345211228
1.963683187 999.9678116193626
2.321056982 999.9814329191597
2.381562926 999.9814329191599
2.560568697 999.9815651688983
2.913987189 999.983262509224
2.9145615129999998 999.9998963363594
3.033199327 1000.0062335310563
3.152854798 1000.006750307755
3.273733451 1000.0085463208997
3.511006631 1000.0155717808277
3.631194008 1000.0322504408111
3.631784303 1000.0488842679465
3.991232786 1000.0831728204829
4.091316514 1000.0831728204831
4.274571371 1000.0897614167476
4.274714692 1000.0953122303666
4.274809941 1000.3139308424726
4.281381394 1000.3202459653381
4.286438495 1000.338109875193
4.287499979 1000.345941787108
4.287659506 1000.4174855557661
4.291837239 1000.5129279715867
5.786023797 1000.5186875959386
5.923381907 1000.5186875959387
6.010185684 1000.5462404587054
6.049313968 1000.5862886355941
8.281332712 1000.6370639217607
8.281482669 1000.6426147353798
8.281608541 1000.8096260207815
8.28707747 1000.8258381500757
8.288148838 1000.867548470351
8.294246776 1000.8864262257055
8.294342238 1000.9647880607793
8.302140734 1000.9819049250295
8.30277278 1001.0003683422292
8.303767518 1001.0072223136249
8.316653552 1001.0090183267694
8.325573082 1001.0160437866974
9.659272242 1001.0160437866977
10.870491891 1001.021953101918
10.870731755 1001.0490665036579
10.873164327 1001.049066503658
11.543460078 1001.0490665036581
11.544242332 1001.0490665036582
12.201554166 1001.139889966713
12.20171516 1001.145440780332
12.201859264 1001.3124520657337
12.207254928 1001.328664195028
12.208310725 1001.3703745153035
12.214258421 1001.3960703370736
12.214418891 1001.4676141057315
12.215170012 1001.4676141057317
12.218525061 1001.484730969982
12.21948991 1001.5118443717217
12.329097711 1001.511844371722
16.030735691 1001.6026678347771
16.030887789 1001.6082186483961
16.032805844 1001.7752299337978
16.037932629 1001.7914420630921
16.038968293 1001.8331523833676
16.044765796 1001.8520301387218
16.044857355 1001.9303919737956
16.053880918 1001.9659722552458
16.05482729 1001.9728262266412
16.743953698 1001.9728262266415
16.816894063 1001.9728262266417
19.745015515 1002.0636496896966
19.745169167 1002.0692005033156
19.745311565 1002.2362117887174
19.750627284 1002.2524239180116
19.751628229 1002.2941342382871
19.757473652 1002.3130119936413
19.757566738 1002.3913738287151
19.766464292 1002.4269541101653
22.73580437 1002.4269541101655
23.339296286 1002.5177775732204
23.339445571 1002.5233283868397
23.33958223 1002.6903396722414
23.344771056 1002.7065518015354
23.34746054 1002.714186905569
23.351438793 1002.7671398771654
23.351529556 1002.8455017122392
26.296535527 1002.8455017122394
26.854996502 1002.9363251752943
26.855279366 1002.9367407656141
26.855349616 1002.9444575242842
26.855454977 1002.9444757364761
26.855573944 1002.9686438466163
26.855797216 1002.983995630786
26.85614802 1003.1088872743151
26.860417655 1003.1250994036095
26.86308416 1003.1327345076429
26.867818054 1003.2219788184152
26.870296924 1003.2584496320771
26.876412025 1003.2609784719632
26.880636632 1003.2640493143128
27.000456739 1003.2640493143131
30.290277499 1003.3548727773682
30.290570966 1003.527434876389
30.295626044 1003.5436470056832
30.298253116 1003.5512821097168
30.302932939 1003.6405264204889
30.305441153 1003.6769972341508
30.311431812 1003.6795260740369
30.425105215 1003.6795260740371
33.626719826 1003.7703495370922
33.626981641 1003.942911636113
33.634468232 1003.9667588694408
33.639043835 1004.0560031802129
33.641433801 1004.0924739938748
33.826402494 1004.092473993875
36.871675724 1004.1832974569302
36.872030737 1004.1914298059198
36.872133589 1004.1914480181119
36.87227487 1004.2156161282521
36.872493319 1004.2309679124219
36.872821998 1004.3558595559512
36.87951653 1004.3797067892788
36.880194162 1004.379706789279
36.884413407 1004.4005160609133
36.884547871 1004.4222224567129
36.884775496 1004.4689511000511
36.908619562 1004.4728886953808
40.025321825 1004.5637121584359
40.025649705 1004.5718445074256
40.025744863 1004.5718627196175
40.025862452 1004.5960308297576
40.026063774 1004.6113826139274
40.027790613 1004.6492104862596
40.02790021 1004.7084650529214
40.027989073 1004.7204402922277
40.032926239 1004.7601214907845
40.037691944 1004.7809307624188
40.03781977 1004.8026371582184
40.038048503 1004.8493658015566
40.345011276 1004.8493658015568
43.10601181 1004.940189264612
43.106366362 1004.9483216136016
43.106469747 1004.9483398257935
43.106593513 1004.9725079359337
43.106801379 1004.9878597201034
43.108512753 1005.0256875924356
43.108617837 1005.0849421590974
43.108709041 1005.0969173984038
43.113601431 1005.1365985969605
43.118281653 1005.1574078685949
43.118409635 1005.1791142643945
43.121305499 1005.203678689468
46.114126869 1005.2945021525231
46.114524705 1005.3026527137049
46.114642027 1005.3268208238451
46.114822678 1005.3421726080148
46.116424131 1005.380000480347
46.116525204 1005.4392550470088
46.117242493 1005.451230286315
46.121276739 1005.4909114848717
46.125939676 1005.5117207565063
46.126055828 1005.5334271523059
46.131520063 1005.5552458555499
46.132097636 1005.5579915773792
49.039621555 1005.6488150404343
49.039966861 1005.656947389424
49.040065346 1005.6569656016161
49.040190799 1005.6811337117563
49.04040783 1005.696485495926
49.042082239 1005.7343133682582
49.042255608 1005.8055431742262
49.051162855 1005.8193592992516
49.051358468 1005.8660336444175
49.051481935 1005.8877400402171
49.071947889 1005.8942306236304
51.866452769 1005.9850540866858
51.866760529 1005.9931864356754
51.866867241 1005.9932046478673
51.866982928 1006.0173727580075
51.868211196 1006.0300801694564
51.86880066 1006.0705524145094
51.86896463 1006.1417822204776
51.877709055 1006.1555983455028
51.886403252 1006.1669733290328
51.886548944 1006.1842562034326
54.676118662 1006.2750796664877
54.676543146 1006.2832302276693
54.676665221 1006.3073983378094
54.678765277 1006.3247689846853
54.67909764 1006.3605779943114
54.679551101 1006.3744328654934
54.679661673 1006.3808623009568
54.680122232 1006.3840957269933
54.68796126 1006.4390801346738
54.700436156 1006.445623925305
57.385304838 1006.5364473883601
57.38568635 1006.5445979495419
57.385801923 1006.568766059682
57.387832233 1006.5861367065577
57.388586121 1006.635800587366
57.388685064 1006.6422300228294
57.397011625 1006.7004478565464
60.02276944 1006.7912713196015
60.023258014 1006.8235899909232
60.026545409 1006.8409606377991
60.027262672 1006.8906245186072
60.027856174 1006.8906245186073
60.027943372 1006.8970539540708
60.046396044 1006.9067869458104
60.048777829 1006.9170619874931
60.048803367 1006.9404554191935
61.266055159 1006.9404554191938
62.470961454 1007.0312788822489
62.47135578 1007.0394294434304
62.471465906 1007.0635975535706
62.473461979 1007.0809682004463
62.474202537 1007.1306320812546
62.474301549 1007.137061516718
62.493765789 1007.1467945084578
64.817356136 1007.2376179715128
64.817736368 1007.2457685326946
64.817837595 1007.2699366428348
64.819753134 1007.2873072897104
64.82045577 1007.3369711705187
64.820555741 1007.3434006059821
65.473979716 1007.3434006059822
67.101065942 1007.4342240690373
67.101550842 1007.4665427403593
67.103442157 1007.4839133872349
67.106542996 1007.5104328164493
67.10793877 1007.5255100807665
67.111722159 1007.5257131095725
67.118398898 1007.5335772680432
69.293793112 1007.6244007310984
69.294268811 1007.6567194024203
69.296131083 1007.674090049296
69.296717193 1007.6942264860973
69.299593185 1007.7006094785104
69.300952398 1007.7156867428275
69.305210896 1007.7158897716334
69.356476119 1007.7158897716336
71.449393862 1007.8067132346886
71.449866374 1007.8390319060105
71.451753586 1007.8564025528862
71.454553824 1007.8829219821005
71.455879775 1007.8829219821006
71.455904858 1007.8979992464178
72.883206629 1007.897999246418
73.530958629 1007.9888227094731
73.531429243 1008.0211413807949
73.533285218 1008.0385120276705
73.547983439 1008.0408008035309
73.549922991 1008.050373102529
73.55257313 1008.0620899440269
74.952714515 1008.062089944027
75.5316865 1008.1529134070821
75.532158237 1008.1852320784039
75.548356739 1008.20489150114
75.550127586 1008.2144638001379
75.578163388 1008.214463800138
77.228180042 1008.2144638001381
77.52561084 1008.3052872631932
77.526031354 1008.3376059345151
77.541894116 1008.3572653572511
77.553480047 1008.366837656249
77.572084977 1008.3668376562491
79.396945396 1008.4576611193042
79.397409388 1008.4899797906261
79.413228942 1008.5096392133621
80.767970789 1008.5096392133622
81.226144546 1008.6004626764174
81.226576587 1008.6327813477392
81.247297656 1008.6474318948929
82.602344089 1008.647431894893
82.993991939 1008.7382553579481
82.99442952 1008.7705740292699
84.298398684 1008.77057402927
84.686519324 1008.8613974923252
84.6892074 1008.8677122369954
84.691301296 1008.8936885448063
84.70355431 1008.8936885448064
85.312796668 1008.8936885448065
86.326711158 1008.9845120078617
86.329329648 1008.9908267525319
86.352579788 1008.990826752532
86.745607945 1008.9908267525321
87.903729455 1009.0816502155873
87.906073544 1009.0849845866496
87.910789471 1009.0857404832897
87.924802193 1009.0857404832898
88.533311436 1009.0857404832899
89.428832816 1009.1336271471754
89.429328895 1009.1765639463449
89.430663403 1009.1798983174073
89.447484923 1009.1798983174074
89.473275105 1009.1798983174075
90.891098361 1009.2277849812931
90.891625738 1009.2707217804627
92.275862719 1009.3186084443483
92.277527284 1009.3319461847888
92.28226823 1009.3524756948889
92.302255671 1009.352475694889
92.383477958 1009.3524756948891
93.645173629 1009.4062184643553
93.653407834 1009.4123762389653
93.657514414 1009.4137000992151
93.659954744 1009.4155187233271
94.649391343 1009.4155187233272
94.957800804 1009.4692614927934
94.958535901 1009.4952341963887
95.060652635 1009.4952341963888
95.926107016 1009.4952341963889
96.219602626 1009.548976965855
96.227272868 1009.555134740465
96.230975005 1009.5564586007148
96.272028562 1009.5564586007149
97.345730441 1009.556458600715
97.420903908 1009.5661274985584
97.422328186 1009.6111465267529
97.430092271 1009.6163591447912
98.367575406 1009.6163591447913
98.583325755 1009.664460672396
98.589886692 1009.6656898110646
98.593609506 1009.6710470708291
98.615024096 1009.6710470708292
99.003456709 1009.6710470708293
99.642927835 1009.6710470708294
99.68111643 1009.7191485984342
99.688312114 1009.7203777371027
100.003839133 1009.7203777371028
