0.000365155 1000.0616935025206
0.000484364 1000.2805467035679
0.000667876 1000.2931853457388
0.000998812 1000.3043843779457
0.001050329 1000.3383902496688
0.002214058 1000.3383902496689
0.005605507 1000.380641325503
0.006090657 1000.3993105445414
0.006325992 1000.4143894324653
0.008118321 1000.4422364554679
0.04228101 1000.4664955692455
0.042488839 1000.6000816488535
0.080019207 1000.6538944913424
0.080140516 1000.6665331335132
0.080371312 1000.6777321657202
0.080409724 1000.7117380374433
0.083799305 1000.7539891132775
0.084179208 1000.7726583323158
0.084371593 1000.7877372202398
0.08580365 1000.8155842432424
0.113264878 1000.8398433570198
0.113433762 1000.9734294366278
0.17401339 1000.973429436628
0.357936809 1000.9747587884557
0.434962105 1000.9747587884558
0.477982629 1000.9755179682583
0.555426091 1000.9755179682584
0.721440776 1000.9833847156495
0.780335069 1000.9853916235155
1.138844893 1000.9895927804738
1.258434606 1000.9895927804739
1.377752717 1000.9901555780935
1.393640026 1000.9901555780937
1.496188433 1000.9936873368948
1.731153511 1000.9937524411595
1.746926684 1000.9937524411596
1.8492330890000002 1000.9997761369448
2.142669632 1001.0123565559331
2.377296648 1001.0208953053962
2.553002081 1001.0274354438571
2.791773109 1001.037343892998
3.139829698 1001.0412792127084
3.199812092 1001.0424229907926
3.551855183 1001.0460779593355
3.670533253 1001.0552824668597
3.788121029 1001.0570866824927
3.846098611 1001.0795415806372
3.978038035 1001.1074977054277
4.229027419 1001.293287203051
4.229174395 1001.3059258452219
4.229427728 1001.3171248774288
4.232902242 1001.3933818249861
4.233483108 1001.4271299319485
4.234892483 1001.4549769549509
4.27903917 1001.456781170584
4.583886273 1001.4675573739394
4.626547298 1001.4693615895724
5.043150362 1001.4760961234024
5.085558336 1001.4779003390354
5.273363343 1001.4826362618633
5.2996826089999995 1001.5068953756409
5.299930631 1001.5348515004314
5.992015401 1001.5486952692827
7.143553685 1001.5626985234339
8.265989357 1001.6001957561782
8.266051758 1001.8190489572255
8.26619004 1001.8316875993964
8.266440531 1001.8428866316033
8.269837345 1001.9191435791606
8.270386319 1001.9528916861229
8.271779649 1001.9807387091255
9.50995459 1001.9900523184376
10.862541309000001 1002.0038960872889
12.203214251 1002.0647101834966
12.20326906 1002.2835633845439
12.203398936 1002.2962020267148
12.203640236 1002.3074010589216
12.20721854 1002.3470880440054
12.207614559 1002.3472840302666
12.207686716 1002.3520297415043
12.207816878 1002.3610012717966
12.207888101 1002.383658006479
14.289447646 1002.3975017753303
16.039499148 1002.4680650839683
16.039575882 1002.6869182850156
16.039704933 1002.6995569271866
16.039948288 1002.7107559593934
16.043236151 1002.7870129069507
19.761790434 1002.8616707720097
19.761893855 1002.8919996977812
19.761933367 1002.9555260032081
19.761983335 1003.0931626152279
19.762220912 1003.1043616474348
19.768809339 1003.1603606947252
19.781970376 1003.1765240385711
23.397220648 1003.25118190363
23.397279544 1003.4700351046773
23.39741532 1003.4826737468483
23.397648912 1003.4938727790551
23.401081745 1003.5335597641389
23.401435842 1003.5337557504
23.401506291 1003.5385014616378
23.401630794 1003.54747299193
23.405409372 1003.5498718263456
26.948391332 1003.6245296914046
26.948540301 1003.7183849226029
26.94859756 1003.8560215346228
26.948837578 1003.8672205668296
26.96140042 1003.8843437911974
26.963889784 1003.9232196141201
30.402291545 1003.9978774791789
30.402415414 1004.0917327103772
30.402470989 1004.229369322397
30.402716592 1004.240568354604
30.413954119 1004.2576915789717
30.422507382 1004.2802553396878
30.440052631 1004.2804513259489
30.44211213 1004.2851970371867
30.445805796 1004.2941685674788
30.695717718 1004.2941685674789
33.76346785 1004.3688264325378
33.763612501 1004.4626816637361
33.763670182 1004.600318275756
33.763900675 1004.6115173079629
33.776263572 1004.6286405323307
33.785035792 1004.6398473265377
33.792535199 1004.6493660315386
36.217703297 1004.6493660315388
37.025234558 1004.7240238965976
37.025366955 1004.8178791277959
37.025422603 1004.9555157398157
37.025643746 1004.9667147720227
37.037693953 1004.9838379963904
37.046224229 1004.9950447905976
37.193621663 1004.9950447905977
39.879979352 1004.9950447905978
40.21597128 1005.0697026556567
40.216115558 1005.163557886855
40.216171937 1005.3011944988748
40.21642197 1005.3123935310817
40.227988776 1005.3295167554495
40.24633497 1005.3407235496568
43.340129541 1005.4153814147157
43.3402603 1005.509236645914
43.340312873 1005.6468732579339
43.340540607 1005.6580722901407
43.351969924 1005.6751955145085
43.352661867 1005.6751955145086
46.371812445 1005.7498533795675
46.371947417 1005.8437086107658
46.372219306 1005.9925442549925
46.3913213 1006.0096674793602
46.468573051 1006.0096674793604
49.350253078 1006.0843253444192
49.350397074 1006.1781805756175
49.350654419 1006.3270162198443
49.37347387 1006.3270162198444
49.894838427 1006.3270162198445
52.223438054 1006.4016740849033
52.223567361 1006.4955293161016
52.223810884 1006.6443649603284
54.977818204 1006.6969847291476
54.977997143 1006.7435854778606
54.978179824 1006.868351126676
54.979308785 1006.8990870781327
54.985123407 1006.9056326800037
54.985447258 1006.9564994367097
55.151872816 1006.9564994367098
56.474089252 1006.9564994367099
57.784910527 1007.0091192055291
57.785047255 1007.0743273124563
57.786890794 1007.1804856030575
57.78804261 1007.2112215545142
57.793717006 1007.2177671563852
57.80543572 1007.2322394241343
57.842442892 1007.2322394241344
60.552548243 1007.2322394241345
60.675349912 1007.2848591929537
60.675483263 1007.3314599416667
60.675677085 1007.456225590482
60.676764072 1007.4869615419386
60.682267884 1007.4935071438098
61.188405804 1007.4935071438099
63.205894827 1007.5461269126291
63.206046854 1007.5927276613421
63.206242753 1007.7174933101574
63.207326555 1007.748229261614
63.225479363 1007.7497673785319
63.233713483 1007.7503099366063
65.052114524 1007.7503099366064
65.585891713 1007.8029297054256
65.586018831 1007.8495304541386
65.586682486 1007.8495304541387
65.587027529 1007.8842318803978
65.587310679 1008.0050320544107
65.600890844 1008.0065701713286
67.421362354 1008.0065701713287
67.889971437 1008.0591899401478
67.890091605 1008.1057906888608
67.891041601 1008.14049211512
67.891316521 1008.2612922891328
67.918088867 1008.2612922891329
68.238590324 1008.261292289133
69.818516297 1008.2612922891332
70.109463738 1008.3139120579524
70.109598625 1008.3605128066654
70.112921864 1008.3944979472561
70.113036211 1008.4270857854191
70.113133131 1008.4992586479677
70.116888962 1008.5119660639907
70.147992848 1008.5119660639908
71.45342629 1008.5119660639909
72.236582313 1008.5645858328102
72.236689011 1008.6111865815232
72.237608881 1008.6458880077823
72.239895259 1008.6777595602769
72.240353382 1008.696802715952
72.24056333 1008.7499324228255
72.687619013 1008.7499324228256
74.316923319 1008.802552191645
74.317060137 1008.849152940358
74.318009607 1008.8838543666171
74.324075125 1008.929630343958
74.324277504 1008.9454579862402
74.325143395 1008.9557401159719
74.33813987 1008.9736608544016
75.6837979 1008.9736608544017
76.322247023 1009.0262806232209
76.322368432 1009.0728813719339
76.322962154 1009.072881371934
76.323296613 1009.1075827981931
76.325578323 1009.1394543506876
76.334152015 1009.1602097771575
76.334654058 1009.1602097771577
76.338499426 1009.1727360663556
76.34166666 1009.1727360663557
77.533936947 1009.1727360663558
78.31246631 1009.2253558351752
78.312589854 1009.2719565838881
78.313447873 1009.3066580101473
78.318934452 1009.3524339874882
78.319205974 1009.3635093409156
79.329865354 1009.3635093409157
80.202736659 1009.4161291097348
80.202866746 1009.4627298584478
80.203701552 1009.497431284707
80.205802109 1009.5293028372015
80.214655036 1009.5500582636714
80.219693599 1009.5501010706591
80.252719656 1009.5501010706593
80.4311682 1009.5501010706594
81.455964886 1009.5501010706595
82.040648033 1009.6027208394786
82.040790513 1009.6493215881917
82.041829152 1009.6798036231131
82.043612156 1009.6833067287823
82.043722223 1009.7158945669453
82.044230761 1009.7158945669454
82.055956732 1009.7361023870025
82.081737781 1009.7361023870026
82.387961576 1009.7361023870027
83.404623491 1009.7361023870028
83.824587826 1009.788722155822
83.824709194 1009.835322904535
83.831531236 1009.8693080451258
83.835565448 1009.9018958832886
84.022986238 1009.9018958832887
85.446210906 1009.9018958832888
85.548115872 1009.9545156521081
85.548228323 1010.001116400821
85.554397845 1010.0041803642681
85.558928719 1010.0050250210207
87.082728964 1010.0050250210209
87.192547134 1010.0576447898401
87.192672031 1010.1042455385532
87.198654022 1010.1073095020001
87.77923391 1010.1073095020002
88.799226465 1010.1599292708195
88.799342515 1010.2065300195325
88.902658259 1010.2065300195326
89.017793225 1010.2065300195327
90.334645241 1010.2217586250009
90.334860443 1010.2758375183154
90.335406199 1010.2758375183155
90.347578284 1010.2943571194486
90.347615449 1010.2952033692077
90.353916534 1010.305750537065
90.391912665 1010.3057505370651
91.799286276 1010.3209791425336
91.799456578 1010.3750580358478
91.801721939 1010.375058035848
91.803611493 1010.3935776369813
93.202338833 1010.4628851357638
93.380004854 1010.4628851357639
94.416055485 1010.462885135764
94.576534442 1010.5909311686745
95.893902989 1010.5912152184796
95.895796225 1010.6034817332949
95.896226168 1010.6061276339498
95.896944812 1010.6120181832396
95.897495573 1010.6137404228431
95.903418324 1010.632340276236
96.082547995 1010.6323402762362
97.148648604 1010.6326243260414
97.150619201 1010.6448908408565
97.151490145 1010.6475367415114
97.15216734 1010.6534272908013
97.152729552 1010.655149530405
98.352664883 1010.6554335802103
98.354215726 1010.6677000950253
98.354619539 1010.6703459956803
98.355320515 1010.6762365449703
99.499642328 1010.6765205947754
99.501524006 1010.6887871095905
99.502322714 1010.6914330102454
100.321989437 1010.6914330102455
