0.000366715 1000.4206556790631
0.00049012 1000.4915716633699
0.000566827 1000.5114024086917
0.000757427 1000.546852917584
0.001108606 1000.5634111232547
0.001184795 1000.8112684243225
0.010689117 1000.8430570838444
0.025788926 1000.9375712361938
0.032457288 1000.9638181699569
0.048086442 1000.9696268479519
0.048761023 1001.0456592757153
0.080867028 1001.1040539175556
0.080956438 1001.1485091335121
0.081551076 1001.2897630301926
0.088817539 1001.3215516897145
0.100047245 1001.3420229242863
0.100730097 1001.4160658420639
0.10514405 1001.4423127758271
0.13095027 1001.4423127758272
0.13311899 1001.4481214538222
0.178667411 1001.4515081104405
0.254655946 1001.4515081104407
0.300579077 1001.4528572677104
0.422228382 1001.529061579887
0.482787117 1001.5335743026075
0.726027198 1001.5404826689198
1.085712232 1001.5530309928313
1.205777682 1001.5538402441923
1.686615315 1001.5678301407615
1.7469691090000001 1001.5717074676945
3.365217617 1001.6089220658075
3.424180215 1001.6195020609748
4.032067587 1001.6437594847523
4.032583978 1001.7197919125157
4.292099888 1001.7684053634372
4.292164802 1001.7882361087587
4.292302004 1001.8236866176511
4.292564148 1001.840244823322
4.292649244 1001.8426142476811
4.292860163 1001.946848227709
4.293487584 1002.0881021243895
4.300564049 1002.1198907839116
4.311932958 1002.1297820233157
4.312196406 1002.2144049362607
4.342005414 1002.2464605480191
4.918233574 1002.2464605480192
5.021402515 1002.2539433645222
5.195154961 1002.2539433645223
5.705311965 1002.2595895760317
5.93864909 1002.2830547026078
5.96277266 1002.283054702608
6.066103403 1002.2916451877896
6.137412327 1002.2916451877898
6.427217387 1002.2916451877899
7.437473445 1002.2936346977751
7.461226536 1002.2936346977752
7.495624437 1002.2936346977754
8.340165703 1002.4140248485144
8.340216035 1002.4849408328214
8.340268945 1002.5047715781429
8.340407446 1002.5402220870355
8.340671161 1002.5567802927062
8.340755083 1002.5591497170653
8.340894807 1002.6189284811367
8.340987087 1002.6633836970934
8.342488969 1002.6933612140133
8.348458972 1002.7709697295
8.366958943 1002.791235671085
8.385764225 1002.8091028945871
8.49880935 1002.8091028945872
8.725596785 1002.8654879730493
9.041566455 1002.8654879730494
12.274264067 1002.9486635256757
12.27432217 1003.0195795099825
12.274374765 1003.0394102553042
12.274511126 1003.0748607641966
12.274771311 1003.0914189698675
12.274841521 1003.0937883942266
12.27498256 1003.153567158298
12.275074006 1003.1980223742545
12.276550742 1003.2279998911746
12.281710674 1003.3056084066612
12.282469413 1003.3125167729735
12.297604993 1003.3258743482462
12.316807897 1003.3915361650287
16.105652983 1003.504639087433
16.105714038 1003.5755550717398
16.105768154 1003.5953858170616
16.105908054 1003.630836325954
16.106173198 1003.6473945316249
16.106257166 1003.649763955984
16.106469481 1003.7539979360118
16.107960158 1003.7839754529319
16.144087148 1003.8050284665438
16.145319777 1003.8136444787
16.149302898 1003.8997171335058
19.852214758 1004.0306872794123
19.852271126 1004.1016032637193
19.852322753 1004.1214340090411
19.852457789 1004.1568845179335
19.852707891 1004.1734427236041
19.852775043 1004.1758121479633
19.852983654 1004.2800461279913
19.854382608 1004.3100236449112
19.888610329 1004.3310766585231
23.462942566 1004.4620468044296
23.462999873 1004.5329627887367
23.463053201 1004.5527935340584
23.46318584 1004.5882440429508
23.463446267 1004.6048022486215
23.463511732 1004.6071716729806
23.464345856 1004.6507834358832
23.46471258 1004.6827730762847
23.465161896 1004.7413831699286
23.516769599 1004.7413831699288
26.985797114 1004.9432693001421
26.985869427 1004.9631000454639
26.986007197 1004.9985505543563
26.986277623 1005.0151087600271
26.986365857 1005.0174781843863
26.992442755 1005.0186812886303
26.993043693 1005.0634306337262
26.993715388 1005.1303513074143
30.40230179 1005.3322374376279
30.402492214 1005.387518691842
30.40272693 1005.4040768975127
30.402804352 1005.4064463218718
30.408488509 1005.4076494261159
30.424372534 1005.4808652564305
30.424505128 1005.5021721149466
30.434929875 1005.5021721149467
30.472596331 1005.5021721149468
31.671068066 1005.5021721149469
33.755554618 1005.7040582451602
33.75576029 1005.7593394993744
33.756020194 1005.775897705045
33.756815393 1005.7758977050452
33.761813067 1005.7794702336485
33.777329843 1005.8526860639629
37.023137991 1006.0545721941762
37.023319531 1006.1098534483904
37.02356645 1006.1264116540613
37.029120546 1006.1299841826644
37.04581285 1006.1797709719849
37.09197896 1006.179770971985
40.203255813 1006.3816571021982
40.203455974 1006.4369383564124
40.203717208 1006.4534965620833
40.209237396 1006.4570690906864
40.231044267 1006.460826955185
40.380399278 1006.4608269551851
43.361069582 1006.6627130853984
43.361266768 1006.7179943396126
43.361518221 1006.7345525452832
43.362269126 1006.7345525452833
43.36701102 1006.7381250738866
43.959220993 1006.7381250738867
44.760220486 1006.7381250738869
46.548819351 1006.9400112041002
46.549003782 1006.9952924583143
46.54926171 1007.011850663985
46.54997825 1007.0118506639851
46.575527878 1007.0118506639852
49.239674426 1007.0118506639853
49.533264594 1007.2137367941987
49.53343985 1007.2690180484128
49.533662842 1007.2855762540835
49.609438112 1007.2855762540836
50.355674145 1007.2855762540837
52.330299223 1007.2977760215247
52.331060086 1007.3110681172641
52.331596196 1007.3381270787165
52.333424179 1007.3941501821146
52.334103222 1007.3941501821148
52.334372545 1007.4480327373367
52.335006139 1007.4480327373369
52.335537664 1007.4975571069617
52.336164154 1007.4975571069618
52.343912802 1007.5216030145873
52.344268734 1007.5306920512187
52.35533926 1007.5392399162163
52.355765765 1007.5406198354374
52.356918172 1007.5466003996992
55.041578512 1007.5588001671401
55.04223487 1007.5720922628796
55.042770163 1007.5991512243318
55.044507832 1007.65517432773
55.045409374 1007.7090568829522
55.046062188 1007.7090568829524
55.054486921 1007.7094759365734
55.054768253 1007.7294825236036
55.054937599 1007.7917161968342
55.065985164 1007.8002640618317
55.066909872 1007.8016439810528
55.142149799 1007.801643981053
55.919649184 1007.8016439810531
57.653737277 1007.8138437484939
57.654435948 1007.8271358442333
57.656179597 1007.8541948056858
57.657857417 1007.910217909084
57.658746166 1007.9641004643062
57.659863779 1008.0136248339312
57.668041413 1008.0467597781882
57.678844383 1008.0553076431855
57.797588326 1008.0553076431858
60.211135155 1008.0675074106266
60.211187884 1008.0807995063661
60.211675605 1008.1078584678183
60.213327811 1008.1638815712166
60.214220375 1008.2177641264387
60.223157853 1008.2381897670901
60.223343307 1008.3004234403207
61.403968117 1008.3004234403209
62.681556077 1008.3126232077617
62.682159687 1008.3259153035011
62.684047094 1008.3529742649536
62.685604153 1008.4089973683518
62.687124089 1008.4168851759858
62.687204768 1008.4598191340323
62.687536342 1008.512404293199
65.058904218 1008.5378961563794
65.059429811 1008.5649551178316
65.061073625 1008.6209782212298
65.062084218 1008.6288660288641
65.065720702 1008.6654721570716
65.072022517 1008.6667286841631
65.072107646 1008.7060149811783
65.078501043 1008.7107149861891
65.079592242 1008.7107149861894
65.277111191 1008.7107149861895
65.67067281 1008.7107149861896
67.355386332 1008.7362068493698
67.355899902 1008.7632658108222
67.357527337 1008.8192889142205
67.36178168 1008.863782850062
67.37787927 1008.8650393771535
67.37795046 1008.904325674169
67.979982565 1008.9043256741691
69.575844146 1008.9298175373493
69.57638862 1008.9568764988015
69.577934889 1009.0128996021998
69.582041417 1009.0573935380415
69.600023678 1009.081046906536
69.6015811 1009.0829325405283
69.724899175 1009.0829325405284
69.909221572 1009.0829325405285
70.49035868 1009.0829325405286
71.723392773 1009.1084244037089
71.723872716 1009.1354833651611
71.725433578 1009.1915064685594
71.729557858 1009.2360004044011
71.746268435 1009.2596537728956
71.866674999 1009.2596537728957
72.249198122 1009.2596537728958
72.602283863 1009.259653772896
73.789118548 1009.285145636076
73.791100281 1009.3682277009267
73.795081311 1009.4127216367682
73.813995698 1009.4127216367683
73.814191875 1009.41666377751
73.815096495 1009.4180563900157
73.843811316 1009.418056390016
74.297381182 1009.4180563900161
75.794990925 1009.4435482531964
75.796988028 1009.5266303180468
75.800873972 1009.5711242538886
75.818781644 1009.5711242538887
75.989133433 1009.5711242538888
76.952474323 1009.5711242538889
77.782069167 1009.5966161170693
77.784025982 1009.6796981819198
77.801086629 1009.7161270329473
79.67391007 1009.7416188961274
79.675765811 1009.8247009609781
80.039460856 1009.8247009609782
81.50259955 1009.8501928241586
81.506383421 1009.8798092447402
81.507678091 1009.9134931077696
81.515612994 1009.9332748890093
83.259184051 1009.9469259482668
83.260517824 1009.988383172771
83.260919533 1009.9883831727711
83.261753376 1010.0220670358004
84.558331684 1010.0220670358005
84.948181976 1010.0357180950579
84.949519773 1010.0771753195623
84.952721554 1010.088920381611
84.953158109 1010.0889203816113
84.957483769 1010.0891758176084
85.028502026 1010.0891758176085
86.582615812 1010.1028268768658
86.583922203 1010.1442841013701
86.584312856 1010.1442841013702
86.587212562 1010.156029163419
86.601827075 1010.1560291634191
86.602564212 1010.1562845994164
88.171139058 1010.1699356586738
88.172406655 1010.2113928831781
88.172813812 1010.2113928831782
88.542058728 1010.2113928831783
89.705796132 1010.2250439424356
89.707833234 1010.2665011669401
89.81389175 1010.2665011669402
91.160593728 1010.2801522261976
91.163854003 1010.2896529854172
91.175674229 1010.3070726180754
92.557038312 1010.3207236773329
92.560299478 1010.3302244365524
92.600768137 1010.3302244365525
93.916339362 1010.3438754958099
93.924209619 1010.3533762550295
93.957805923 1010.3533762550296
95.225922698 1010.3670273142869
95.237731359 1010.367027314287
