0.000363058 999.993247416364
0.00046382 1000.0858399347426
0.000536132 1000.3425794672667
0.000763947 1000.3906867356379
0.000797421 1000.4161562548047
0.004079043 1000.4196377175635
0.004246654 1000.5220702237957
0.004680751 1000.5259717753181
0.008976248 1000.5666854207125
0.009981807 1000.5666854207126
0.022769125 1000.5708120192633
0.023813526 1000.5708120192634
0.046299706 1000.5728422269074
0.047945268 1000.6588610178485
0.079486084 1000.695186751124
0.079629987 1000.7432940194952
0.079655174 1000.768763538662
0.082071487 1000.7722450014209
0.082196783 1000.874677507653
0.08254424 1000.8785790591754
0.086076001 1000.9192927045698
0.086888008 1000.9192927045699
0.097147717 1000.9234193031206
0.098003806 1000.9234193031207
0.115936039 1000.9254495107645
0.117259055 1001.0114683017056
0.178405535 1001.0154120282648
0.241108315 1001.0154120282649
0.424618772 1001.0159079338633
0.546576117 1001.0160223267745
0.729986862 1001.0192722828128
1.156637476 1001.0229540376281
1.218342678 1001.0229540376283
1.458343766 1001.0253742798118
1.815817704 1001.0305605949825
2.054675171 1001.0350894607284
2.175038111 1001.0350894607285
2.4149799180000002 1001.0496294905315
2.712038632 1001.0518874563115
2.770661443 1001.0518874563116
3.012073994 1001.054900784461
3.130340655 1001.0726856870042
3.191875955 1001.0726856870043
3.368480115 1001.0849466521531
3.429763232 1001.0849466521532
3.488487254 1001.0919392719844
3.611333288 1001.094244687448
3.6715348260000003 1001.0942446874483
3.854771243 1001.0983712859991
4.09112782 1001.1004014936431
4.209105818 1001.1214861322187
4.293787396 1001.2447148497876
4.293960905 1001.2928221181588
4.293990037 1001.3182916373256
4.296447321 1001.3217731000844
4.296581407 1001.3975301534134
4.296918666 1001.428107157839
4.300287095 1001.4688208032334
4.3255889849999996 1001.4729474017843
4.330596521 1001.5609964003694
8.327300772 1001.7511894779474
8.327476418 1001.7992967463186
8.327504525 1001.8247662654854
8.329886761 1001.8282477282443
8.330010583 1001.9306802344764
8.333753668 1001.9752954313932
8.334488387 1001.9752954313933
8.345201555 1001.9794220299441
10.034171691 1001.9963800699691
10.092040137 1001.9963800699692
10.93463771 1002.0005066685198
12.273593942 1002.207657786123
12.273788264 1002.2557650544943
12.273819722 1002.2812345736611
12.276260188 1002.2847160364199
12.276399856 1002.3604730897489
12.277265889 1002.3871485426522
12.280145777 1002.4317637395689
12.30457729 1002.4358903381195
12.401812364 1002.4358903381196
16.127346901 1002.6471680542735
16.127528689 1002.6952753226448
16.127557876 1002.7207448418116
16.129934207 1002.7242263045704
16.130076627 1002.7999833578994
16.130916859 1002.7999833578995
16.13370874 1002.8712740077193
19.875487681 1003.0131677490987
19.875666948 1003.1306589922445
19.875697563 1003.1561285114113
19.878053664 1003.1596099741702
19.878194848 1003.2353670274991
19.892665766 1003.285098676875
19.893439287 1003.2850986768751
23.528403244 1003.4269924182545
23.528578341 1003.5444836614004
23.528606112 1003.5699531805672
23.530857588 1003.573434643326
23.53099711 1003.649191696655
23.545826946 1003.6989233460309
27.071644341 1003.8408170874102
27.071822323 1003.9837778497229
27.072590042 1003.9837778497231
27.074115931 1003.9872593124817
27.074499595 1003.9934310654587
27.075340264 1004.0350701503851
27.076840016 1004.0443924680958
27.078814952 1004.0449353105212
27.079574861 1004.0449353105213
27.099190407 1004.0457410662129
27.102673341 1004.045741066213
30.524405287 1004.1876348075924
30.524604783 1004.3305955699051
30.526930541 1004.3340770326637
30.527773713 1004.3340770326639
30.528126159 1004.3402487856406
30.52818135 1004.3818878705671
30.528946343 1004.3818878705673
30.529670048 1004.3912101882778
30.532381073 1004.3917530307033
30.570621199 1004.3917530307035
30.574464674 1004.392558786395
33.892987805 1004.5344525277744
33.89319256 1004.6774132900871
33.895450107 1004.6808947528459
33.896630726 1004.7287055907493
33.898103362 1004.73802790846
37.158863548 1004.8799216498392
37.15907728 1005.0228824121518
37.161327949 1005.0263638749107
37.162488917 1005.074174712814
38.742475359 1005.0741747128143
40.330315533 1005.1463078704505
40.330484774 1005.3590292165061
40.332606433 1005.3625106792649
40.337604765 1005.3991975326217
40.342235936 1005.4039215315754
40.357788202 1005.4047434681263
40.371453953 1005.4103215171683
43.455804823 1005.4824546748048
43.455970495 1005.6951760208603
43.45811255 1005.6986574836192
43.466979194 1005.7288522642675
43.467652045 1005.7288522642676
43.482068087 1005.7408902724806
43.487302749 1005.7408902724807
46.473487558 1005.813023430117
46.473715644 1006.0257447761726
46.475768601 1006.0292262389314
46.485655889 1006.0594210195796
46.514110954 1006.0594210195799
49.423984873 1006.1315541772161
49.42416742 1006.3442755232717
49.426262365 1006.3477569860305
49.444364018 1006.358900663546
49.45653573 1006.3589006635461
52.413205135 1006.4310338211826
52.413368257 1006.6437551672382
52.417384416 1006.647236629997
55.313533771 1006.7193697876335
55.313731288 1006.932091133689
55.315664181 1006.9355725964479
58.018166052 1006.9372449695511
58.018214969 1006.9424388957539
58.018329649 1007.2204271001397
59.274733502 1007.2204271001399
60.585572299 1007.2220994732431
60.585625098 1007.2272933994461
60.585742535 1007.5052816038317
60.687697185 1007.5052816038319
63.079909627 1007.5735348437322
63.08023831 1007.5869038572039
63.081998228 1007.6792839460834
63.085760875 1007.6902528182334
63.086619703 1007.6973800481499
63.086783473 1007.7039822616605
63.089417894 1007.7062007936147
63.090741822 1007.7560149458448
63.09820299 1007.7866844607177
65.002022024 1007.7866844607178
65.493677286 1007.8270047977301
65.493972771 1007.8683067140898
65.494220252 1007.9606868029693
65.496731456 1007.9622314226865
65.49823574 1007.9716556751191
65.498858642 1007.9716556751192
65.499691409 1007.9787829050356
65.49982798 1007.9853851185463
65.503608722 1008.0374178027306
65.521510956 1008.0650566169468
67.837526484 1008.1053769539592
67.837837948 1008.1466788703187
67.839801274 1008.1693436351645
67.840257841 1008.1896932687041
67.840516536 1008.2406035789154
67.841967156 1008.2500278313482
67.843336267 1008.2571550612647
67.843472379 1008.2637572747752
67.84717268 1008.3157899589595
68.460160311 1008.3157899589596
68.48589998 1008.3157899589597
70.067545127 1008.3561102959719
70.067992173 1008.3974122123315
70.069882259 1008.4200769771772
70.070322033 1008.440426610717
70.070591895 1008.4913369209283
70.073318548 1008.5007611733611
70.0740742 1008.5078884032774
70.090709496 1008.5090333428492
70.092670183 1008.5554059856171
70.493894744 1008.5554059856172
70.863432692 1008.5554059856173
72.230781433 1008.5957263226295
72.231096449 1008.6370282389893
72.233408733 1008.6800426373746
72.233677207 1008.7309529475859
72.23560098 1008.7403772000187
72.236367382 1008.747504429935
72.252949304 1008.7486493695068
72.255532647 1008.7563251754001
72.644297652 1008.7563251754002
73.10148472 1008.7563251754003
74.307873944 1008.7966455124125
74.308238692 1008.8379474287723
74.311896691 1008.8809618271576
74.312160018 1008.9318721373689
74.314153213 1008.9412963898016
74.331768528 1008.9495685592898
76.329939968 1008.989888896302
76.330223925 1009.0311908126617
76.33243095 1009.0742052110471
76.332683656 1009.1251155212584
76.334506576 1009.1345397736911
76.504740866 1009.1345397736912
77.010971085 1009.1345397736914
77.217325759 1009.1345397736915
78.329221914 1009.1748601107037
78.329517973 1009.2161620270634
78.334701598 1009.2303240189025
78.334803184 1009.2459466781135
78.33483711 1009.2663118978061
78.346744438 1009.3100867356599
78.354962863 1009.3100867356601
80.222914076 1009.3100867356603
80.25451066 1009.3504070726723
80.254846263 1009.391708989032
80.259831313 1009.4058709808713
80.25991659499999 1009.4214936400821
80.259948467 1009.4418588597747
80.313303809 1009.4418588597748
80.521252303 1009.4418588597749
82.064000305 1009.441858859775
82.093605213 1009.4821791967872
82.093913068 1009.5234811131468
82.099694258 1009.5635109851466
82.118318651 1009.5736309838895
82.130700741 1009.5736309838896
83.879551597 1009.6139513209018
83.879829604 1009.6552532372616
83.884715574 1009.6952831092615
84.147763634 1009.6952831092616
85.606573793 1009.735603446274
85.606820942 1009.7769053626338
85.6115176 1009.8169352346334
87.255042996 1009.8572555716459
87.25530035 1009.8985574880056
87.26474201 1009.9200618023438
87.271688774 1009.930667016435
88.857514501 1009.9709873534472
88.857764971 1010.012289269807
88.866716988 1010.0337935841451
89.566344899 1010.0337935841453
90.395907644 1010.0741139211575
90.396167532 1010.1154158375173
91.883428642 1010.1557361745297
91.887274997 1010.158162154444
91.8891 1010.165680986639
91.890195527 1010.1896284817913
91.890638677 1010.1896284817914
93.303301618 1010.232374798718
93.305226667 1010.2398936309129
93.306365074 1010.2504201343665
93.312673347 1010.2620024942914
93.319421291 1010.2638411260651
93.327235772 1010.2638411260654
94.671962668 1010.2826868955011
94.673318012 1010.3246327786404
95.991521264 1010.3434785480764
95.998378522 1010.3450181850491
97.250700661 1010.3638639544848
98.466188734 1010.3810117180211
98.469025322 1010.3826018160524
99.621023682 1010.3997495795885
100.289532272 1010.3997495795886
100.503225742 1010.3997495795887
