0.000363816 999.448884197485
0.000466757 1000.0854230182099
0.000537459 1000.1999517540249
0.0011556 1000.225794428659
0.001461219 1000.3302444744178
0.003899333 1000.3659408965966
0.004480776 1000.3755721903179
0.004764231 1000.5150094658537
0.00936374 1000.5435583460139
0.057977315 1000.5647227815975
0.062600348 1000.6341749315858
0.079816304 1000.6513924044569
0.080026938 1000.7558424502157
0.081894897 1000.7915388723944
0.08233209 1000.8011701661159
0.082554983 1000.9406074416518
0.086219442 1000.9691563218117
0.124943256 1000.9903207573956
0.128466033 1001.0597729073837
0.189105751 1001.0600070444941
0.371321909 1001.0622147552741
0.49383513 1001.0668985387315
0.553937741 1001.0693755547385
0.67602485 1001.0712209442831
0.91760409 1001.0742881244156
1.274309337 1001.0848731726722
1.333969246 1001.0848731726724
1.570629279 1001.0899501278157
1.689864223 1001.0943629440719
1.7478983019999998 1001.0945044663937
1.985446333 1001.1008750664818
2.219870773 1001.1138431206142
2.57889859 1001.1223081629335
2.699242362 1001.1371645553568
2.818541205 1001.1376775922561
3.054334176 1001.1486747233946
3.355145629 1001.1637463647924
3.891116282 1001.2339417419295
3.949823968 1001.2339417419296
4.186827815 1001.2836550576733
4.259559779 1001.3792135649086
4.260036556 1001.4050562395427
4.264503857 1001.4597686665774
4.266147107 1001.5346176592235
4.26630741 1001.6240758996004
4.30327124 1001.7439845924813
4.7648871 1001.7503551925694
5.458694898 1001.7633232467018
6.033196707 1001.7866446814444
6.26255106 1001.7871577183437
7.181336014 1001.7981548494822
8.294117953 1002.0286936909962
8.294586971 1002.0545363656303
8.298968399 1002.109248792665
8.300580001 1002.1840977853111
8.300923845 1002.1946828335679
8.303952372 1002.2474872531516
8.32834307 1002.2584843842901
8.414397586 1002.278012966945
12.204255522 1002.4480034012104
12.204328181 1002.5625321370254
12.206817658 1002.7285212795971
12.207277334 1002.7381525733185
12.535671133 1002.7383425017529
12.562383376 1002.7576811559735
16.02037614 1002.9278615186732
16.020685687 1002.9500587014795
16.020763426 1002.9557680408809
16.021273739 1002.9701470962545
16.021350335 1003.0423902544882
16.023067662 1003.0563227392942
16.023160223 1003.0749896958654
16.023404051 1003.1113378359108
16.02348717 1003.2180106907814
19.73058594 1003.5027197892962
19.7353703 1003.583274890965
19.73697287 1003.5990341027475
19.737926706 1003.5995749736485
19.741157012 1003.6416772121815
19.764491336 1003.6436086665792
20.693253064 1003.6436086665793
23.345427592 1003.928317765094
23.350132359 1004.0088728667628
23.35169009 1004.0246320785456
23.352626175 1004.0251729494463
23.355799721 1004.0672751879794
24.385569595 1004.0672751879795
26.859037647 1004.3519842864943
26.863605167 1004.4325393881628
26.864346497 1004.4325393881629
26.866066152 1004.4488394708463
26.904526246 1004.4488394708465
26.915562294 1004.4488394708466
30.275637122 1004.597464279413
30.275794564999998 1004.6412170163526
30.275864829 1004.646926355754
30.27632319 1004.6613054111277
30.276390955 1004.7335485693613
30.280129125 1004.8141036710301
30.280927181 1004.8141036710302
30.292578988 1004.8169188848909
30.299530223 1004.8304037537137
33.595556512 1005.1151128522284
33.599921756 1005.1956679538972
33.611666774 1005.1984831677579
33.630962397 1005.2047178844667
33.677918296 1005.2047178844668
36.824743841 1005.3533426930331
36.824893525 1005.3970954299728
36.824946435 1005.4028047693741
36.825383735 1005.417183824748
36.825448951 1005.4894269829816
36.829035316 1005.5699820846503
36.829749984 1005.5699820846505
39.973889133 1005.7186068932169
39.974064583 1005.7623596301565
39.974139115 1005.7680689695579
39.974600307 1005.7824480249317
39.974675101 1005.8546911831653
39.978172657 1005.9352462848341
40.027432693 1005.9352462848342
43.057378023 1006.0838710934006
43.057523339 1006.1276238303401
43.057587196 1006.1333331697416
43.058001845 1006.1477122251152
43.058065957 1006.219955383349
43.067744364 1006.2242199608495
43.070332746 1006.227094520589
43.086848703 1006.2361070316495
43.087977542 1006.2676435752234
43.095394353 1006.3002113163137
44.771322147 1006.3002113163138
46.040537643 1006.4488361248802
46.040726124 1006.4925888618197
46.042579606 1006.4982982012212
46.043019581 1006.5126772565949
46.051189769 1006.5144708190907
46.051679951 1006.5454636468722
46.053189226 1006.5633413252524
46.053404662 1006.5727278371548
46.056496779 1006.5832508099109
46.05715025 1006.583250809911
46.618358787 1006.5832508099111
48.976277473 1006.7318756184775
48.976432756 1006.7756283554171
48.976497996 1006.7813376948185
48.976927151 1006.7957167501921
48.98602714 1006.8285031404695
48.987434439 1006.8463808188496
48.987633556 1006.8557673307521
48.992098006 1006.8662903035082
51.928084988 1007.0149151120746
51.928222042 1007.0586678490141
51.930015359 1007.0643771884155
51.930419739 1007.0787562437893
51.938214798 1007.1115426340666
51.939633736 1007.1294203124468
51.939825237 1007.1388068243492
51.949126984 1007.1451525270814
52.147473015 1007.1451525270816
52.967652966 1007.1451525270817
54.691906531 1007.293777335648
54.692051594 1007.3375300725875
54.692534001 1007.3576184673626
54.700430738 1007.39040485764
54.701810627 1007.4082825360201
54.702001747 1007.4176690479226
54.739905328 1007.4176690479227
55.358444831 1007.4176690479228
57.331683927 1007.5662938564892
57.331828425 1007.6100465934287
57.332317711 1007.6301349882038
57.340897487 1007.6629213784811
57.342227048 1007.6807990568614
58.249779594 1007.6807990568615
59.905401171 1007.7792895518619
59.905511341 1007.8731766023674
59.905988858 1007.8932649971425
59.913664382 1007.9260513874198
59.915732519 1007.9311422917817
59.916506076 1007.9341269316146
59.975659386 1007.9341269316147
60.796511421 1007.9341269316149
62.360261559 1008.0326174266154
62.360365252 1008.1265044771209
62.362645226 1008.146592871896
62.370535111 1008.1793792621734
62.381613201 1008.1856562822493
64.730974076 1008.2841467772498
64.731101697 1008.3780338277553
64.731541693 1008.3981222225304
64.739701217 1008.4309086128077
64.757458956 1008.434426230142
64.764964569 1008.4371856328836
64.786920813 1008.4371856328837
67.068630803 1008.5356761278841
67.068754926 1008.6295631783896
67.069179277 1008.6496515731648
67.077076607 1008.6824379634421
67.09423991 1008.6859555807763
68.010931301 1008.6859555807764
69.294124686 1008.7844460757768
69.294255473 1008.8783331262823
69.294676358 1008.8984215210575
69.302416825 1008.9312079113347
69.321785151 1008.9313136925875
70.202300463 1008.9313136925877
71.428937907 1009.0298041875881
71.42904613 1009.1236912380936
71.429461854 1009.1437796328687
71.437165582 1009.1544221640678
71.443049158 1009.1557957684786
72.332817709 1009.1557957684787
73.513694068 1009.2542862634791
73.513801016 1009.3481733139846
73.514213592 1009.3682617087597
73.528526947 1009.3771819187544
73.825303397 1009.3771819187546
75.514751065 1009.4756724137551
75.514868742 1009.5695594642606
75.515274028 1009.5896478590357
77.498358141 1009.6584914059075
77.499023141 1009.688988404957
77.5019184 1009.7097116327681
77.503304022 1009.7472423810411
77.503502451 1009.755042334638
77.50382387 1009.7743348401092
77.510012719 1009.7907028621376
77.518849009 1009.7932976669437
78.419701888 1009.7932976669438
79.399594731 1009.8621412138156
79.399739903 1009.892638212865
79.403082382 1009.9133614406762
79.403792649 1009.9779846480172
79.404394248 1009.9951295860419
79.513412864 1009.995129586042
80.272753435 1009.9951295860421
81.232988339 1010.0639731329138
81.233147211 1010.0944701319634
81.236532165 1010.1151933597745
81.237918991 1010.1527241080474
81.238122747 1010.1605240616444
81.244029076 1010.1681615407126
81.244701412 1010.1961845891439
81.975432861 1010.196184589144
82.861202324 1010.1961845891441
83.00349313 1010.2650281360159
83.003660161 1010.2955251350653
83.006926539 1010.3162483628765
83.008298467 1010.3537791111495
83.0084955 1010.3615790647464
83.014007125 1010.3692165438147
84.423459725 1010.3692165438148
84.705164723 1010.4380600906865
84.709689459 1010.5268110658201
84.710236865 1010.5268110658202
84.710333464 1010.5346110194171
84.722733771 1010.5421555115911
85.050647507 1010.5421555115912
86.17252116 1010.5421555115913
86.348877051 1010.610999058463
86.353335578 1010.6997500335966
86.367924282 1010.7004216281791
87.182776847 1010.7004216281792
87.900668901 1010.7004216281794
87.951876976 1010.769265175051
87.956278541 1010.8580161501847
87.95681417 1010.8580161501848
89.413316575 1010.8580161501849
89.476074598 1010.9182215708233
89.476561542 1010.9268596970566
89.481415076 1010.9380076346694
89.486238087 1010.9582140764358
89.495068454 1011.0156106721903
90.754929018 1011.0156106721904
90.941188583 1011.0758160928287
90.946222186 1011.0956021566749
90.950903138 1011.1158085984412
91.292361032 1011.1158085984413
91.672320983 1011.1158085984414
92.344601557 1011.1760140190798
92.349521938 1011.1958000829258
92.361673841 1011.195800082926
93.373253361 1011.1958000829261
93.707084193 1011.2560055035646
93.726379864 1011.2560055035647
95.02926009 1011.2663578261073
95.030387132 1011.2878038522698
95.030511832 1011.2900786729989
95.030648314 1011.290398440244
95.030739705 1011.3162109242032
96.262390985 1011.3212840724275
96.266928685 1011.3493164255275
