0.000366346 999.473273647313
0.00048612 999.5149041532758
0.000576288 999.6555457574399
0.000643297 999.853693226492
0.001036303 999.8939155744532
0.002211625 999.8939155744534
0.011643167 999.9325947001201
0.01232503 999.9370179400943
0.01767828 999.962295081882
0.020201424 1000.01952759164
0.02119365 1000.0195275916402
0.022877983 1000.0816652126174
0.023888631 1000.0816652126176
0.041965907 1000.1044001931576
0.056937723 1000.1044001931579
0.079193076 1000.1075910485816
0.079243335 1000.3057385176338
0.079506644 1000.345960865595
0.080320168 1000.3459608655952
0.087898266 1000.3846399912619
0.088453469 1000.389063231236
0.092683803 1000.4143403730237
0.094662432 1000.4715728827817
0.095477697 1000.471572882782
0.096839141 1000.5337105037592
0.097665649 1000.5337105037594
0.112083879 1000.5564454842994
0.12404913 1000.5564454842996
0.183419091 1000.5646250890949
0.306089251 1000.5646250890951
0.427095565 1000.5660602290139
0.54863496 1000.5689763615238
0.657686858 1000.573782880438
0.717859828 1000.5737828804382
0.790462085 1000.5793754174655
0.90945128 1000.5796049500092
1.1376577270000001 1000.5860792641545
1.2085819 1000.5860792641546
1.330653522 1000.5860792641547
1.4385074709999999 1000.5956053863821
1.450340122 1000.5956053863823
1.5596004159999999 1000.596251535043
1.571328865 1000.5962515350433
1.679721755 1000.597697050575
1.800043947 1000.5986088117037
1.860215385 1000.5986088117039
1.9325760239999998 1000.5997656493472
2.158289425 1000.6033042147618
2.398305468 1000.6077274547357
2.442484106 1000.6102696159832
2.443270673 1000.6102696159834
2.622702112 1000.6215825584337
2.648910582 1000.644317538974
2.695937509 1000.6443175389742
2.873853801 1000.6573830251849
3.110583013 1000.6794801885902
3.229399983 1000.6894639664057
3.240873946 1000.6894639664059
3.358491571 1000.6902371062816
3.597289943 1000.6962056077099
3.769171262 1000.7096615702613
3.892362717 1000.717431042964
3.904231575 1000.7174310429642
3.938828377 1000.7296397467188
3.9651664589999998 1000.752374727259
4.282007269 1000.7546841019292
4.282082843 1000.8953257060933
4.282136334 1001.0934731751455
4.282521957 1001.123053177215
4.290742584 1001.1551496981664
4.291030633 1001.1646758203941
4.291274225 1001.1767978887475
4.29536362 1001.2020750305354
4.319179733 1001.2673890639825
4.322095119 1001.286501476976
4.435418631 1001.2886144992366
4.452121914 1001.3235581835316
5.559762292 1001.3374385005071
5.674281936 1001.3374385005073
6.4966358920000005 1001.3654055770654
8.299581509 1001.4047716582912
8.299674798 1001.5454132624556
8.299729626 1001.7435607315077
8.308042996 1001.7664167124111
8.30830728 1001.8052372545284
8.308576681 1001.8147633767561
8.308690809 1001.8177668020775
8.308835234 1001.8268854451095
8.330762649 1001.9086219567797
8.339414354 1001.936589033338
8.452440441 1001.9504693503135
8.508896208 1001.9504693503137
12.22435504 1001.9900523191105
12.224418114 1002.0316828250731
12.224483499 1002.1723244292374
12.224536677 1002.3704718982896
12.224927573 1002.4000519003588
12.232907776 1002.4321484213102
12.233170422 1002.4416745435382
12.233382836 1002.4537966118916
16.042210714 1002.4933795806884
16.042277996 1002.5350100866509
16.042376152 1002.5835874945036
16.042403909 1002.8737991598674
16.042820895 1002.9033791619366
16.070642305 1002.945647953777
19.764645839 1002.9852309225738
19.764706253 1003.0268614285366
19.764797467 1003.0754388363893
19.764823638 1003.3656505017528
19.765203917 1003.3952305038223
19.851348163 1003.3952305038225
23.378532432 1003.4348134726193
23.37859243 1003.4764439785819
23.378687029 1003.5250213864346
23.378715803 1003.8152330517984
26.881682973 1003.872657289348
26.882852757 1003.91759382607
26.882896121 1003.9776177066811
26.883719141 1004.1130522565501
26.885292193 1004.1829830195985
26.897830152 1004.2027814486531
26.906906536 1004.2065898987731
26.909033011 1004.2203976158345
26.928394006 1004.2249458211128
27.103295577 1004.224945821113
30.316807468 1004.225791634355
30.317321287 1004.2565726412607
30.317825174 1004.2823700586624
30.318043719 1004.3273065953841
30.318088529 1004.3873304759953
30.318132013 1004.5227650258645
30.320495109 1004.5926957889129
30.331393264 1004.6124942179673
30.332126748 1004.6124942179675
30.357864563 1004.6301103851489
32.570123057 1004.6301103851491
33.688202563 1004.6617372052968
33.68890177 1004.6815689499157
33.688976457 1004.7324711594202
33.689019982 1004.7924950400314
33.68988018 1004.9279295899004
33.691449296 1004.9978603529488
33.70385387 1005.0176587820034
33.797772849 1005.0176587820037
34.54246362 1005.0176587820039
36.968942466 1005.0450019067597
36.969124274 1005.1589262141603
36.970006531 1005.1800434368862
36.972214395 1005.232104898694
36.972304181 1005.3854087498038
37.294912197 1005.385408749804
40.169938382 1005.417035569952
40.170538953 1005.4368673145708
40.170611509 1005.4877695240754
40.17065471 1005.5477934046866
40.175609575 1005.6874439498118
40.179915374 1005.7237613414758
40.185771708 1005.7531587176039
41.0482903 1005.7531587176042
43.273873134 1005.7847855377519
43.274490033 1005.8046172823709
43.274578441 1005.8555194918755
43.274620149 1005.9155433724865
43.27919453 1006.0551939176117
43.284231958 1006.0915113092757
43.287454511 1006.0915113092759
43.301849696 1006.1187067890147
43.345159813 1006.1187067890149
46.291411573 1006.1503336091629
46.292028287 1006.1701653537815
46.292100803 1006.2210675632863
46.292144183 1006.2810914438975
46.296818261 1006.4207419890228
46.300909919 1006.4570593806865
46.301627403 1006.4570593806867
46.304153497 1006.4570593806869
49.445512685 1006.4886862008349
49.446071955 1006.5085179454537
49.446142426 1006.5594201549583
49.446182768 1006.6194440355695
49.450539354 1006.7590945806948
49.454527391 1006.7954119723587
50.211114863 1006.7954119723589
52.227425733 1006.8270387925069
52.227995887 1006.8468705371257
52.229438997 1006.9577966272415
52.233791025 1007.0974471723665
52.245687789 1007.10449355713
52.2483535 1007.1223302781972
52.25889836 1007.1223302781974
54.921487894 1007.1539570983454
54.922065978 1007.173788842964
54.922160807 1007.2847149330797
54.922867157 1007.28471493308
54.926485214 1007.4243654782052
54.938297161 1007.4314118629685
54.952572583 1007.445190124787
57.564903317 1007.476816944935
57.565466652 1007.4966486895538
57.566959423 1007.6075747796696
57.571130488 1007.7472253247948
57.580540759 1007.7542717095581
58.089060891 1007.7542717095583
60.121404994 1007.8057302743251
60.121518463 1007.9166563644409
60.122238996 1007.9166563644411
60.12558767 1008.0563069095662
60.147277945 1008.0628305030274
60.182856498 1008.0628305030276
62.581825313 1008.1142890677944
62.581941557 1008.2252151579102
62.590429491 1008.2877918646619
62.594967119 1008.2947320560539
62.595146792 1008.3090839542828
62.605197532 1008.3639767040369
64.946091731 1008.4154352688039
64.946232407 1008.5263613589196
64.953073854 1008.5889380656714
64.957449716 1008.5958782570634
64.958147445 1008.610230155292
65.253606633 1008.6102301552922
67.256511586 1008.661688720059
67.256632226 1008.7726148101748
67.265793275 1008.7845948867474
67.271860446 1008.8126489413022
67.278245392 1008.8315428650361
69.235097124 1008.8315428650362
69.467974349 1008.883001429803
69.468086697 1008.9939275199188
70.089440967 1008.9939275199189
71.608105924 1009.1168540854705
71.613787551 1009.1455243132436
71.615991219 1009.1563121748013
71.943045069 1009.1563121748014
73.67588904 1009.1791208049514
73.678360205 1009.2191695645437
73.678512131 1009.2212899781788
73.679405739 1009.2261250977714
73.681441179 1009.3079089681261
73.696721505 1009.3079089681263
73.726723011 1009.3079089681264
74.213502324 1009.3079089681265
75.677061676 1009.3307175982765
75.679483761 1009.3707663578688
75.680508437 1009.3777218910965
75.682555675 1009.3971050067174
75.68545974 1009.4004177469266
75.6867584 1009.4525308685498
76.882285918 1009.45253086855
77.183092365 1009.4525308685501
77.670793617 1009.4644186753318
77.670931027 1009.4652739916718
77.671078042 1009.4753394987
77.672949657 1009.5153882582923
77.67399194 1009.52234379152
77.676041752 1009.5417269071412
77.682516217 1009.5852800742888
77.696175143 1009.5971527689734
77.950270546 1009.5971527689735
79.328249804 1009.5971527689736
79.546058021 1009.6090405757552
79.546196323 1009.6098958920952
79.548141996 1009.6600101587157
79.549170035 1009.6669656919432
79.551181245 1009.6863488075644
79.557416949 1009.7299019747122
80.107824644 1009.7299019747123
81.376181565 1009.7417897814939
81.376304622 1009.7426450978344
81.378315929 1009.7927593644545
81.378783761 1009.7927593644547
81.379358978 1009.7997148976824
81.381304665 1009.8190980133033
81.393504654 1009.8209249693982
81.393930263 1009.8545390480974
81.397542779 1009.8587655097247
81.448052928 1009.8587655097248
81.778049282 1009.8587655097249
82.550495015 1009.858765509725
83.180654516 1009.8706533165065
83.182645816 1009.921622899467
83.183102639 1009.9216228994673
83.19366831 1009.9279637122858
83.200495095 1009.927963712286
83.243575287 1009.9279637122861
83.705670325 1009.9279637122862
84.882895117 1009.9388557026753
84.882985723 1009.9908211020286
84.890723318 1009.9953735059146
84.914933794 1009.9953735059148
86.518193412 1010.0062654963037
86.518268418 1010.0582308956571
86.790895645 1010.0582308956573
88.110428337 1010.0691228860462
88.110544732 1010.1210882853998
89.637931518 1010.1282876600055
89.639783771 1010.1375483130614
89.639975868 1010.1662547095787
89.643607472 1010.1685593014793
89.645566871 1010.1763620467987
89.688399423 1010.1763620467989
91.1139659 1010.183561421405
91.11573365 1010.1928220744608
91.115909479 1010.221528470978
91.119928713 1010.2238330628788
91.124891243 1010.231635808198
92.528155735 1010.2388351828041
92.529677245 1010.2768022323771
92.532234684 1010.2791068242777
92.532697933 1010.2791068242778
92.660885759 1010.279106824278
93.925396673 1010.2863061988841
93.927126209 1010.2955668519398
93.935969045 1010.3110360194692
93.941457041 1010.3110360194693
94.142221008 1010.3110360194694
95.241171126 1010.3182353940754
95.242817718 1010.3274960471311
95.248818704 1010.3383791442251
95.251146281 1010.3429652146605
95.340807607 1010.3429652146607
96.494485294 1010.3501645892668
96.496077026 1010.3594252423223
96.504752206 1010.3703083394165
97.188062577 1010.3703083394166
97.695989 1010.3775077140228
97.697565801 1010.3867683670784
98.499347086 1010.3867683670785
98.839646329 1010.3939677416847
99.941265258 1010.39832738672
99.949619383 1010.3983273867201
99.965298948 1010.3983273867202
100.595198484 1010.3983273867203
