0.000363935 997.7222973724878
0.000565534 997.8588514074204
0.000788079 997.8665092741996
0.000822107 998.0000707570968
0.002373159 998.1598253337057
0.002995054 998.2503811642919
0.003463866 998.2544740236013
0.008687916 998.2693249092471
0.012130471 998.2933321955335
0.013188223 998.2933321955336
0.015163612 998.305395834394
0.016182873 998.3053958343941
0.027665087 998.3740365666415
0.080191847 998.439112202527
0.081007056 998.4391122025271
0.081301699 998.598866779136
0.081756507 998.6894226097221
0.08211752 998.6935154690318
0.086249614 998.7083663546773
0.087109219 998.7083663546774
0.089013612 998.7323736409637
0.091296523 998.7444372798243
0.101335999 998.8130780120719
0.222992987 998.8155360829505
0.826730466 998.8328871502973
0.949451003 998.8521360928655
1.311322751 998.863811713301
1.371219257 998.8638117133012
1.5509259640000002 998.867902090198
1.61167881 998.8679020901981
1.79119654 998.8727809054066
1.851642073 998.8748570995934
1.882124869 998.8748570995936
1.911079819 998.8748570995937
2.120264454 998.878029006381
2.149832485 998.8780290063812
2.328779043 998.8817755770726
2.388837352 998.8817755770729
2.567256331 998.9009621151519
2.627651792 998.900962115152
2.688204247 998.9060919135368
3.164493776 998.9186355215163
3.2239922659999998 998.9250356584919
3.464634384 998.9338766760285
3.642496612 998.9338766760286
3.701536426 998.9490429447784
3.939111794 998.9611065836389
4.116619833 998.961106583639
4.277642437 999.0466175035605
4.277829915 999.1878368532367
4.278985372 999.3475914298458
4.280358511 999.4381472604318
4.283862462 999.4570910053872
4.287342947 999.4810982916734
4.289516332 999.493161930534
4.332835315 999.4931619305341
4.636157364 999.5000420366285
4.636948003 999.5000420366287
4.638403693 999.512105675489
4.639158718 999.5121056754891
4.696814177 999.5121056754894
5.564629352 999.5209466930257
5.5654265160000005 999.5209466930258
5.737495365 999.520946693026
6.485054269 999.5361129617758
7.447813952 999.5481766006361
7.462894821 999.5481766006362
8.316548087 999.6766385517993
8.316764221 999.8178579014757
8.317664375 999.8178579014758
8.317985363 999.9776124780847
8.318879409000001 999.9949635454316
8.322828378 1000.087112053626
8.325854128 1000.0871120536261
8.342177467 1000.0959530711626
8.342944249 1000.0959530711627
11.365870064 1000.0991756924865
11.385230405 1000.1080167100231
11.554458167 1000.1080167100232
12.263301386 1000.1684013130206
12.26343582 1000.3809206321866
12.264513311 1000.5406752087955
12.265346238 1000.5580262761422
12.269961805 1000.6261012409968
12.270152778 1000.6501747843369
12.288515425 1000.6590158018736
12.618990599 1000.6678568194101
12.734283395 1000.6678568194102
16.093459157 1000.7282414224075
16.093611658 1000.9407607415736
16.094903757 1000.9865705545928
16.094936041 1001.0636006648785
16.094990335 1001.0650908342437
16.095045642 1001.0781998700571
16.095159166 1001.0902138825535
16.095598922 1001.1178663855292
16.119744287 1001.2188559112604
16.201845085 1001.2188559112606
19.844872619 1001.2228274663515
19.845009164 1001.3593815012842
19.845177591 1001.3670393680634
19.845207822 1001.5006008509605
19.846510148 1001.5815896814884
19.846557966 1001.6234407742655
19.846615299 1001.6249309436306
19.846772775 1001.6500539919404
19.847232881 1001.6777064949163
19.853841148 1001.7698550031108
20.219841264 1001.7698550031109
23.471459809 1001.7738265582017
23.471643739 1001.8390806236446
23.471771549 1002.0515999428108
23.473104965 1002.09740975583
23.473138602 1002.1744398661157
23.473196647 1002.1759300354809
23.473355807 1002.2010530837906
23.473803135 1002.2287055867664
24.33599664 1002.2287055867666
27.012861319 1002.2979312073004
27.012987596 1002.3768890435693
27.013015801 1002.5104505264665
27.013795532 1002.5104505264666
27.017027133 1002.518670133435
27.020847033 1002.5441499482837
27.021573137 1002.5441499482838
27.022910609 1002.6334359441383
27.023630166 1002.6334359441385
27.031357873 1002.6529019136676
27.038050932 1002.6638350343317
27.039647219 1002.6657617619094
27.923250364 1002.6657617619095
29.509023024 1002.6657617619096
30.463609165 1002.7349873824434
30.463767246 1002.8139452187123
30.463795059 1002.9475067016094
30.467698177 1002.9557263085779
30.472446459 1002.9812061234267
30.474448904 1003.0704921192813
30.482922092 1003.0899580888106
30.489476823 1003.1008912094748
30.491666904 1003.1028179370524
30.561577239000002 1003.1028179370525
33.822232355 1003.1720435575863
33.82236248 1003.2510013938553
33.822390016 1003.3845628767524
33.826289485 1003.3927824837209
33.831020607 1003.4182622985696
33.832943883 1003.5075482944243
33.841103565 1003.5270142639536
33.847538587 1003.5379473846176
33.854875282 1003.5379473846177
35.723893975 1003.5379473846178
37.10221046 1003.6071730051516
37.102331228 1003.6861308414205
37.102356705 1003.8196923243177
37.106168056 1003.827911931286
37.109704388 1003.8533917461349
37.11166143 1003.9426777419894
37.11967321 1003.9621437115187
37.148378989 1003.9621437115188
38.097976347 1003.9621437115189
40.134621235 1003.962143711519
40.273777038 1004.0313693320527
40.273910469 1004.1103271683216
40.273938124 1004.2438886512188
40.277689237 1004.2521082581873
40.282243787 1004.277588073036
40.284115538 1004.3668740688906
40.292456566 1004.3863400384199
40.362351999 1004.38634003842
41.169127684 1004.3863400384201
43.402552509 1004.4555656589539
43.402684085 1004.5345234952229
43.402889191 1004.5402174018913
43.403619129 1004.5402174018914
43.40381246 1004.5880658215355
43.404560762 1004.5880658215356
43.406124991 1004.6007649313411
43.406300242 1004.6179198898711
43.406398482 1004.6368161942846
43.406498169 1004.6763045850885
43.410907238 1004.7017843999371
43.412716586 1004.7910703957917
43.42593122 1004.7910703957918
43.954112424 1004.791070395792
46.132084297 1004.7910703957922
46.439379778 1004.8602960163258
46.439683538 1004.9449477592633
46.440578518 1004.9927961789074
46.44129241 1004.9927961789075
46.443021357 1005.0226502472431
46.443116253 1005.0415465516566
46.443217289 1005.0810349424604
46.451780109 1005.1302441304302
46.452918291 1005.130456887627
46.452995599 1005.138473918787
46.453405302 1005.1391409283725
46.455335812 1005.1423447366817
46.465612213 1005.1543115777506
46.472406917 1005.1679587063751
46.476216374 1005.1860513221815
46.499346881 1005.1860513221816
49.100214424 1005.1860513221817
49.447143566 1005.2552769427153
49.447470052 1005.3399286856529
49.448384407 1005.387777105297
49.450877511 1005.4176311736326
49.450977396 1005.4365274780462
49.451081553 1005.4760158688499
49.459412392 1005.5252250568197
49.460535555 1005.5254378140166
49.460610727 1005.5334548451765
49.461010643 1005.534121854762
49.462976144 1005.5373256630712
49.473568642 1005.5492925041402
50.438222213 1005.5492925041403
52.123151668 1005.5492925041405
52.434003958 1005.6185181246741
52.434943785 1005.7031698676117
52.435145884 1005.7510182872558
52.4374744 1005.7808723555913
52.437568849 1005.7997686600049
52.437700507 1005.8114894045698
52.442493376 1005.8153754863121
52.443482237 1005.8373027333669
52.445904629 1005.8884662387785
52.447016499 1005.8966960271352
52.447401416 1005.8973630367208
52.449916624 1005.90056684503
52.529633208999996 1005.9005668450301
54.700846983 1005.9005668450302
55.332505934 1005.9697924655641
55.333682423 1006.1022926281456
55.33601492 1006.1321466964812
55.336115735 1006.1510430008948
55.336259199 1006.1627637454596
55.341911095 1006.1885770742567
55.342562479 1006.1885770742568
55.3443033 1006.2397405796685
55.345408414 1006.2479703680251
55.345797786 1006.2486373776106
57.286275895 1006.2486373776107
58.067404494 1006.3178629981445
58.068554103 1006.450363160726
58.07087789 1006.4802172290616
58.070976807 1006.4991135334752
58.071124073 1006.5108342780401
58.076539118 1006.5366476068372
58.078962748 1006.5477072569769
58.084706123 1006.547707256977
58.490891615 1006.5477072569771
60.369804024 1006.5477072569772
60.630322632 1006.6169328775111
60.631399962 1006.7494330400928
60.633613564 1006.7792871084283
60.63370705 1006.7981834128418
60.633833433 1006.8099041574067
60.639101799 1006.8357174862039
60.641447311 1006.8467771363436
63.08466319 1006.9160027568773
63.085913528 1006.9415857799687
63.088279007 1006.9689171511867
63.088391971 1007.0075274378888
63.088639907 1007.0783569877946
63.088732775 1007.097253292208
63.088858682 1007.1089740367729
63.192261551 1007.108974036773
64.074550326 1007.1089740367731
65.479962919 1007.178199657307
65.481172161 1007.2037826803984
65.486207168 1007.3084341688422
65.487891433 1007.3405759680334
65.489380261 1007.3484678432397
65.499107291 1007.3507619308965
65.507482219 1007.3594501926377
65.639683617 1007.3594501926378
67.800227546 1007.4286758131717
67.80147206 1007.4542588362631
67.806162233 1007.5589103247069
67.807813695 1007.5910521238981
67.809286656 1007.5989439991044
67.818610332 1007.6012380867612
68.463757998 1007.6012380867613
70.053853077 1007.6704637072952
70.055604471 1007.6960467303865
70.059362837 1007.8006982188303
70.060919696 1007.8328400180216
70.062373132 1007.8407318932279
70.073319501 1007.8430259808847
72.201834545 1007.9122516014186
72.206165591 1007.9195245967686
72.207178183 1008.0424861129538
72.20867738 1008.074627912145
72.2100788 1008.0825197873514
74.282508533 1008.1517454078853
74.286798662 1008.1590184032353
74.287304466 1008.1590184032355
74.287806109 1008.2819799194206
74.289240806 1008.3141217186118
74.304079746 1008.3142605333395
74.304314891 1008.3200678466384
76.288702903 1008.3892934671723
76.292841949 1008.3965664625223
76.293810745 1008.5195279787074
76.295292371 1008.5516697778986
76.312854886 1008.5516697778987
78.298045464 1008.6208953984326
78.302154684 1008.6281683937826
78.302651931 1008.6281683937827
78.304140599 1008.728099469029
78.309173364 1008.737928570781
78.325557862 1008.7379285707812
80.229326488 1008.807154191315
80.233411985 1008.8144271866651
80.237655887 1008.9143582619114
80.243648656 1008.9241873636635
80.737729894 1008.9241873636636
82.073019738 1008.9934129841973
82.073620958 1008.9934129841974
82.078865855 1009.1006170547937
82.207464469 1009.1006170547938
83.86939454 1009.1174298336588
83.869736987 1009.1698426753277
83.877147136 1009.1986980938717
83.882376916 1009.2141136486815
83.882510482 1009.2237659324098
83.885399579 1009.2765570565529
83.891981488 1009.276557056553
85.452065169 1009.2765570565531
85.579719807 1009.345782677087
85.588043842 1009.374638095631
85.593173153 1009.3900536504408
85.593302422 1009.3997059341691
85.596367593 1009.4058499579871
85.596465613 1009.4417024156859
85.59844638 1009.4503210493009
85.599433523 1009.4619576096719
85.948540759 1009.461957609672
87.239264004 1009.478770388537
87.239575454 1009.5311832302058
87.248864114 1009.5600386487499
87.253343913 1009.5754542035597
87.253480546 1009.585106487288
87.256061919 1009.5912505111061
87.256174526 1009.6271029688048
87.25815534 1009.6357216024198
88.570599292 1009.63572160242
88.857937695 1009.7049472229537
88.864684572 1009.7338026414978
88.869096914 1009.7492181963075
88.869216739 1009.7588704800359
88.871913887 1009.8008669615526
88.876191256 1009.8008669615527
88.899157924 1009.8008669615529
90.144403808 1009.800866961553
90.41979337 1009.8700925820868
90.427499521 1009.898948000631
90.431704901 1009.9143635554407
90.431805089 1009.924015839169
91.31562066 1009.9240158391691
91.889496631 1009.993241459703
91.90075923 1010.0113926481907
91.900786296 1010.0375124330568
92.771935338 1010.0375124330569
93.305875392 1010.1067380535907
93.326981103 1010.1067380535908
94.6836258 1010.1557513597716
94.697871785 1010.1600610868868
95.998837417 1010.2090743930676
96.090794682 1010.2090743930677
97.254616674 1010.2580876992484
98.454862557 1010.3071010054292
99.610245225 1010.3073753536937
99.614731637 1010.3426179178039
99.619895626 1010.3503464991644
99.872942261 1010.3503464991645
