0.000363948 998.9624580596646
0.000469337 999.0107466436184
0.000539348 999.0740198354924
0.000590575 999.1733249555791
0.000618401 999.1820074358388
0.000721423 999.2269126959654
0.000882922 999.240256278606
0.001187703 999.3873538277005
0.002574355 999.4820891736806
0.008860751 999.651235852129
0.080100748 999.6590801266598
0.080576006 999.7074896879346
0.081173328 999.7217012105623
0.081299569 999.9009130217344
0.086215346 1000.0700597001828
0.156884516 1000.0755331604462
0.27775727 1000.0775258760148
0.389856818 1000.0775258760149
0.511937768 1000.077811665934
0.632906651 1000.0808659480028
0.693858592 1000.0845790334574
0.754214623 1000.0853944824291
0.802452552 1000.0853944824294
0.876218911 1000.0933310618113
0.936792593 1000.0944977817726
0.937588401 1000.0944977817728
1.056633564 1000.1032942152895
1.057442056 1000.1032942152897
1.176159569 1000.1053548968794
1.2944009570000001 1000.1100904906564
1.354172408 1000.1100904906566
1.416091165 1000.113594349124
1.653881042 1000.1154226443855
1.773408594 1000.1154226443856
1.8921607169999999 1000.1172934330352
2.008921245 1000.1195360319953
2.129509773 1000.1232198280478
2.130308649 1000.123219828048
2.190055804 1000.1233049349319
2.42684717 1000.1305126735169
2.659945403 1000.1343329913263
2.706991233 1000.1343329913266
2.778115957 1000.1358105781461
3.013968216 1000.1370588598772
3.023350134 1000.1370588598775
3.133275876 1000.1402467092821
3.3698752450000002 1000.1479176454543
3.430870324 1000.1591326004598
3.431676032 1000.15913260046
3.491204001 1000.1651300917531
3.5528519210000002 1000.1816108597307
3.731369249 1000.192884394201
3.851024739 1000.2329155109146
3.910989055 1000.2368902328501
4.032555504 1000.2996593519651
4.267388915 1000.3107593125683
4.267428575 1000.319441792828
4.267605978 1000.3776906355952
4.267850475 1000.5247881846897
4.271994558 1000.6085468891483
4.285698666 1000.624821435299
4.286476356 1000.6248214352992
4.303491741 1000.6541409489062
4.304437808 1000.7219263680677
4.42105379 1000.7219263680679
4.848451725 1000.7963411452906
5.356032032 1000.8075561002961
5.768260033 1000.8135535915894
7.149305465 1000.8813390107509
8.294439101 1000.9532690944491
8.294480951 1000.9619515747086
8.294654308 1001.020200417476
8.295162245 1001.0686099787506
8.296244527 1001.125092391592
8.298010745 1001.1316888576384
8.298973111 1001.2510566710289
8.311409542 1001.2673312171796
8.312175042 1001.2673312171797
8.329815771 1001.3644361499482
8.499115592 1001.3644361499485
8.668157582 1001.365913736768
9.175117139 1001.3659137367681
9.567835641 1001.3780208040762
10.240010229 1001.3892357590819
12.223757004 1001.5364263400544
12.223802538 1001.5451088203139
12.223973336 1001.6033576630813
12.225843564 1001.7504552121756
12.229801099 1001.8342139166342
12.245174271 1001.8490108759655
12.251150168 1001.8504884627849
12.26034548 1001.8738104850989
13.463206495 1001.8859175524071
16.055375568 1002.0443230883853
16.055430753 1002.0530055686448
16.055612691 1002.1112544114122
16.056130576 1002.1596639726869
16.057232448 1002.2161463855283
16.058168257 1002.2227428515745
16.058950561 1002.2227428515747
16.05987459 1002.3421106649652
16.072013557 1002.3583852111159
16.101757553 1002.3704922784242
17.244873827 1002.3704922784243
19.790621301 1002.3784265697498
19.790720052 1002.5410048817107
19.790747657 1002.5496873619702
19.790939233 1002.6079362047376
19.79169412 1002.6079362047377
19.792113672 1002.6291084483767
19.792493106 1002.6394209660632
19.792520868 1002.7128281788537
19.793443427 1002.7194246448998
19.794195318 1002.7194246449001
19.802572353 1002.8046509087244
19.807570098 1002.8225506415849
19.808893505 1002.8550670044414
23.423299701 1002.8630012957668
23.423405412 1003.0255796077278
23.42343333 1003.0342620879873
23.423627018 1003.0925109307547
23.424430013 1003.0925109307548
23.424859283 1003.1136831743937
23.425237256 1003.12399569208
23.425265217 1003.1974029048707
23.426202191 1003.2039993709169
23.426968251 1003.2039993709171
23.434950491 1003.2892256347417
23.439954382 1003.307125367602
23.443374035 1003.3139216429687
23.460492442 1003.3139216429689
26.963001674 1003.3218559342944
26.963096827 1003.4844342462553
26.963123216 1003.4931167265148
26.963291301 1003.5513655692822
26.964414203 1003.5725378129213
26.964773433 1003.5828503306076
26.964963418 1003.5949275271186
26.965699806 1003.6628540094445
26.975057051 1003.6716093534634
26.975667475 1003.709443909701
26.978316576 1003.7659800061296
30.417958109 1003.773914297455
30.418058419 1003.936492609416
30.418085743 1003.9451750896754
30.418270861 1004.0034239324428
30.419614021 1004.0129569333416
30.419794257 1004.0349086937684
30.420685625 1004.1149123726051
30.429813977 1004.123667716624
30.430402218 1004.1615022728619
33.774592115 1004.1694365641873
33.774699239 1004.3320148761483
33.774727576 1004.3406973564078
33.774912954 1004.3989461991749
33.776269644 1004.4084792000739
33.776447523 1004.4304309605005
33.777351022 1004.5104346393374
33.792797542 1004.54518520218
37.032514203 1004.5531194935055
37.032609763 1004.7156978054664
37.032634861 1004.7243802857262
37.032813327 1004.7826291284933
37.034078755 1004.7921621293921
37.034246898 1004.8141138898189
37.035309639 1004.8695171211738
37.05343576 1004.9143578575064
37.104488368 1004.9143578575065
40.246621205 1004.9222921488318
40.246745435 1005.0848704607928
40.246771831 1005.0935529410523
40.247073784 1005.0976774963968
40.247695149 1005.1518017838195
40.248299287 1005.1613347847184
40.248468328 1005.183286545145
40.249533089 1005.2386897765001
40.273266835 1005.2835305128326
41.977804494 1005.2835305128328
43.379438738 1005.2914648041581
43.379533608 1005.454043116119
43.379560046 1005.4627255963787
43.379816737 1005.4668501517231
43.38042043 1005.5209744391459
43.381124296 1005.5524592004715
43.382153953 1005.6078624318263
43.410854009 1005.624724425111
43.415247248 1005.6437959542832
46.597353108 1005.6517302456084
46.597475325 1005.8143085575693
46.597502927 1005.8229910378291
46.597788504 1005.8271155931736
46.598406893 1005.8812398805962
46.599149145 1005.9127246419218
46.600185865 1005.9681278732767
48.007999245 1005.9681278732769
49.601589198 1005.9725042216694
49.601661687000004 1006.1386404765633
49.601688503 1006.1473229568228
49.601922415 1006.1514475121674
49.602527893 1006.2055717995902
49.603194556 1006.2370565609158
49.605288573 1006.2700854999489
49.622650076 1006.2808293879177
49.627954452 1006.2924597922706
52.588863108 1006.2968361406629
52.588938739 1006.4629723955568
52.588964961 1006.4716548758165
52.589227338 1006.4757794311608
52.58983407 1006.5299037185837
52.590512908 1006.5613884799093
52.592327192 1006.5944174189424
52.592957188 1006.5944174189425
53.055398457 1006.5944174189426
55.413707987 1006.598793767335
55.413787801 1006.7649300222289
55.413812577 1006.7736125024886
55.414067784 1006.777737057833
55.414686865 1006.8318613452558
55.415350696 1006.8633461065814
55.417172808 1006.8963750456145
58.076319018 1006.9007513940068
58.076396321 1007.0668876489007
58.076422851 1007.0755701291604
58.077259919 1007.1338189719276
58.077938051 1007.1653037332532
58.083436826 1007.1720477116875
58.083687154 1007.1731520582676
58.085368329 1007.1888644751231
58.158508018 1007.1888644751233
60.623851236 1007.1932408235158
60.62393914 1007.3593770784097
60.623963492 1007.3680595586692
60.625043002 1007.3858622217471
60.625363942 1007.4577931627622
60.630746457 1007.4645371411963
60.666570174 1007.4645371411965
63.060059594 1007.4689134895888
63.060130527 1007.6350497444827
63.060154476 1007.6437322247424
63.061236079 1007.6615348878203
63.061554044 1007.7334658288352
63.946956998 1007.7334658288354
65.427338908 1007.7378421772279
65.427421208 1007.9126609123813
65.428477017 1007.9304635754592
65.43129816 1007.9692282136717
65.435830288 1007.9826886523946
65.444159788 1007.9867950121883
67.697570915 1007.9911713605807
67.697655265 1008.1659900957341
67.701350302 1008.2225573970245
67.70582018 1008.2360178357474
67.713931036 1008.2401241955411
69.924979389 1008.2445005439334
69.925076885 1008.4193192790868
69.925782793 1008.4193192790871
69.926171235 1008.4371219421647
69.926874201 1008.4371219421649
69.928902847 1008.4758865803773
69.933224973 1008.4893470191001
69.933858447 1008.4893470191004
72.066307994 1008.4937233674927
72.066405139 1008.6685421026464
72.067401083 1008.6863447657242
72.070053287 1008.7251094039366
72.077048785 1008.7385698426594
73.340649367 1008.7385698426596
74.13719229 1008.7429461910518
74.13728155 1008.9177649262055
74.140819178 1008.9743322274957
74.156099377 1008.9743322274959
76.130728475 1008.9787085758883
76.130832136 1009.1535273110417
76.134379288 1009.2100946123321
76.24634149 1009.2100946123322
78.080422508 1009.3892896958781
78.096940418 1009.3897691687852
78.099085708 1009.4030679348983
78.101502977 1009.4030679348986
78.104194321 1009.4097552951215
78.105263666 1009.4161551581791
78.105359114 1009.4298567308985
78.479724783 1009.4298567308986
79.963748359 1009.6090518144445
79.980316479 1009.6095312873513
79.982417316 1009.6228300534647
79.984365986 1009.6228300534649
79.986761625 1009.6295174136878
80.040042841 1009.629517413688
81.758684896 1009.6295174136881
81.791149927 1009.808712497234
81.807326687 1009.8091919701408
81.809022564 1009.8224907362544
81.913348233 1009.8224907362545
83.567649547 1010.0016858198004
83.58291689 1010.0021652927072
83.587175372 1010.0030916976424
83.927748712 1010.0030916976425
85.268667098 1010.1822867811884
85.387910692 1010.1822867811885
86.879621791 1010.1822867811886
86.905903369 1010.3614818647346
88.505171781 1010.3972452618303
88.505346472 1010.4121087019386
88.508216008 1010.4972478948799
88.515111541 1010.5272014213048
88.541468686 1010.5272014213049
88.602805847 1010.527201421305
90.033378122 1010.577828258509
90.035977193 1010.6629674514503
90.050458702 1010.67553864167
90.064271058 1010.6755386416701
91.491666402 1010.6824733127792
91.491920977 1010.6930792965761
91.492409712 1010.7481212484249
91.502333774 1010.7894561701155
91.522293937 1010.7894561701156
91.684378036 1010.7894561701157
92.899412334 1010.7963908412248
92.89965713 1010.8069968250218
92.9028589 1010.8400830073197
92.915820771 1010.8405523597241
92.974633313 1010.8405523597244
94.281640105 1010.8474870308335
94.281879727 1010.8580930146304
94.289421633 1010.8645646363545
94.291620072 1010.8645646363547
94.68497289 1010.8645646363548
95.596644121 1010.8714993074639
95.596746484 1010.9093655908534
95.631746752 1010.9093655908537
95.768126741 1010.9093655908538
