0.00036616 1001.6590249282805
0.000489564 1001.6885897493981
0.000541446 1001.8069482658024
0.000707557 1001.8332672165014
0.000762214 1001.9623206758472
0.001272168 1001.9743003052396
0.004982173 1002.0491434967978
0.016636757 1002.0520919706825
0.022759415 1002.1386936898108
0.046488904 1002.1471065969653
0.053582855 1002.1477811290672
0.080041227 1002.162384254471
0.080153142 1002.1887032051701
0.080428911 1002.2100238035117
0.080514872 1002.2419450756595
0.080543013 1002.3297362939082
0.083396966 1002.4045794854662
0.09258876 1002.4075279593509
0.101658817 1002.4941296784793
0.116764341 1002.5025425856339
0.122139415 1002.5032171177357
0.243347163 1002.5032171177359
0.358607958 1002.5045279039781
0.364160798 1002.50520243608
0.419825102 1002.5116043832834
0.425345176 1002.5122789153852
0.486818009 1002.5122789153854
0.663377942 1002.5177347278532
0.668875139 1002.5184092599551
0.790307547 1002.5184092599552
0.905752085 1002.5211181712942
0.911223558 1002.5217927033962
1.026149622 1002.5227107264055
1.086134283 1002.5234070450283
1.091724379 1002.5240815771302
1.3246039 1002.528561262314
1.330036272 1002.529235794416
1.5667255 1002.5312163267721
1.572283032 1002.531890858874
1.7504033890000001 1002.5318908588741
1.804810035 1002.5358713354458
1.810285063 1002.5365458675477
1.925348854 1002.5376328156422
1.930632296 1002.538307347744
1.9906838100000002 1002.5383073477441
2.110104717 1002.5383073477442
2.268889878 1002.5389927497762
2.283120381 1002.5474056569308
2.288436072 1002.5480801890326
2.348695106 1002.5480801890327
2.40405194 1002.5507217166436
2.40945001 1002.5513962487455
2.523054061 1002.5526239520145
2.628629253 1002.553246046334
2.642642804 1002.5616589534885
2.647232674 1002.5623334855904
2.761239913 1002.5705381848926
2.881418906 1002.5712491392177
2.999882104 1002.5741976131022
3.005192889 1002.574872145204
3.064728606 1002.5748721452043
3.123010389 1002.5770469842801
3.183623837 1002.5770469842802
3.360944373 1002.5777081682381
3.405057035 1002.5945473635362
3.42324888 1002.6029602706906
3.484287367 1002.6195461354234
3.489527242 1002.6202206675252
3.528411823 1002.641874554649
3.542673051 1002.6502874618036
3.54784437 1002.6509619939054
3.608308381 1002.6509619939055
3.784018371 1002.6510744763021
3.8448860910000002 1002.6510744763023
3.882473919 1002.6523864250761
3.900091503 1002.6607993322307
3.905717574 1002.6614738643325
3.965014425 1002.6614738643326
4.294756417 1002.6760110107809
4.2948102089999995 1002.7055758318986
4.294849135 1002.8239343483028
4.294971102 1002.8502532990019
4.295270357 1002.8715738973436
4.295361872 1002.9034951694914
4.29538667 1002.99128638774
4.298234464 1003.0661295792981
4.307253936 1003.0690780531828
4.318084487 1003.0712528922587
4.329458744 1003.1640926794656
4.334927756 1003.1647672115676
4.393383813 1003.1647672115677
6.746970155 1003.1744920674959
6.752110236 1003.1751665995978
6.865161484 1003.175166599598
8.332282344 1003.1986787029059
8.332338047 1003.2282435240236
8.332378585 1003.3466020404278
8.332504574 1003.3729209911269
8.332817377 1003.3942415894686
8.33291117 1003.4261628616164
8.333755077 1003.4545827302338
8.334393931 1003.4671939783071
8.338595184 1003.490595792069
8.339019574 1003.5461093945197
8.33920361 1003.5534194676515
8.344601301 1003.5917457453079
8.355218762 1003.5939205843838
8.356033331999999 1003.5939205843839
9.032083749 1003.5940330667804
9.032868362 1003.5940330667805
9.958602525 1003.5940330667806
10.246507314 1003.5986346097484
10.25517026 1003.601583083633
10.267120443 1003.603757922709
10.283477105 1003.6303457412213
10.957749884 1003.6303457412214
12.271242657 1003.6384564285459
12.271300271 1003.6680212496635
12.271339296 1003.7863797660677
12.271462713 1003.8126987167668
12.271826235 1003.8659405872562
12.272648965 1003.8943604558738
12.273265564999999 1003.906971703947
12.277365665 1003.930373517709
12.277768305 1003.9858871201595
12.277948094 1003.9931971932913
12.283299613 1004.0315234709477
12.317809074 1004.0315234709478
12.326471617 1004.0336983100237
12.405561254 1004.0336983100239
13.505419676 1004.0343594939818
14.304159221 1004.0343594939819
14.809792215 1004.0574367573583
14.82117004 1004.0596115964343
15.814929772 1004.0596115964344
16.110773013 1004.0914607310934
16.110829955 1004.1210255522111
16.110868396 1004.2393840686153
16.110995893 1004.2657030193144
16.111314302 1004.2870236176561
16.111405753 1004.3189448898039
16.112188154 1004.3473647584213
16.112853965 1004.3599760064945
16.11690646 1004.3833778202566
16.117336807 1004.4388914227072
16.134132763 1004.4867026125713
16.732284976 1004.4867026125714
19.845062796 1004.5207265863064
19.845121932 1004.5502914074241
19.845159701 1004.6686499238283
19.845280248999998 1004.6949688745274
19.845662996 1004.7482107450169
19.846437585 1004.7766306136343
19.847060876 1004.7892418617075
19.851151088 1004.8126436754695
19.851551451 1004.8681572779202
19.872689437 1004.8903177322497
23.476943706 1004.9243417059847
23.477011218 1004.9539065271024
23.477050962 1005.0722650435066
23.477178573 1005.0985839942057
23.477573296 1005.1518258646951
23.478363303 1005.1802457333126
23.478998315 1005.1928569813858
23.483045576 1005.2162587951478
23.483456737 1005.2717723975984
23.51489924 1005.2717723975985
26.140996746 1005.2717723975986
27.021696601 1005.3057963713336
27.02175401 1005.3353611924513
27.021862667 1005.347470444432
27.021917756 1005.4800386595546
27.022311605 1005.533280530044
27.023073282 1005.5617003986615
27.023697545 1005.5743116467346
27.032682832 1005.5774213326291
27.033203937 1005.5977134604966
27.04002139 1005.5977574741493
27.042600075 1005.6424005284865
30.476200669 1005.6764245022216
30.476263496 1005.7059893233393
30.476302847 1005.8243478397435
30.476424437 1005.8506667904426
30.476811468 1005.903908660932
30.477542432 1005.9323285295495
30.478157467 1005.9449397776226
30.481958087 1005.9683415913847
30.494306439 1005.9683856050373
30.506089019 1006.0068983148047
33.846432481 1006.0409222885398
33.846494816 1006.0704871096575
33.846599092 1006.0825963616383
33.846652175 1006.2151645767608
33.847014134 1006.2684064472502
33.847745236 1006.2968263158677
33.848341882 1006.3094375639408
33.857245729 1006.3125472498353
33.857728257 1006.3328393777028
33.865109499 1006.3328833913554
33.877824566 1006.3492504044709
37.114909643 1006.383274378206
37.114995399 1006.4128391993237
37.115035148 1006.5311977157279
37.115156771 1006.557516666427
37.115539432 1006.6107585369164
37.116239766 1006.6391784055339
37.116844538 1006.651789653607
37.1205553 1006.6751914673691
37.13268037 1006.6752354810217
37.139702329 1006.6896415087081
40.284975785 1006.723665482443
40.285039616 1006.7532303035607
40.285077515 1006.8715888199649
40.28519209 1006.897907770664
40.285570771 1006.9511496411534
40.286248506 1006.979569509771
40.290390104 1007.0155825716062
40.302927506 1007.0156265852587
40.901958766999996 1007.0156265852588
43.391124621 1007.0496505589937
43.391184516 1007.0792153801115
43.39122225 1007.1975738965156
43.391337234 1007.2238928472146
43.391700863 1007.2771347177041
43.392358703 1007.3055545863217
43.396442294 1007.3415676481569
44.437194608 1007.341567648157
46.40252425 1007.375591621892
46.402582088 1007.4051564430097
46.402727164 1007.549833910113
46.403088763 1007.6030757806025
46.403731893 1007.63149564922
46.434205209 1007.6482439367855
48.24447379 1007.6482439367857
49.400326902 1007.6822679105206
49.400382376 1007.7118327316383
49.400522625 1007.8565101987415
49.400888867 1007.909752069231
49.401535148 1007.9381719378486
49.442552868 1007.9381719378487
52.257553109 1008.0017607327014
52.257703867 1008.1464381998047
52.258045788 1008.1996800702942
52.261519063 1008.2280999389117
55.021246791 1008.2383354928912
55.021326574 1008.2586600930316
55.021351894 1008.2840556050379
55.021374647 1008.4363662008676
55.021726307 1008.4896080713571
55.037058092 1008.4903229048275
55.128187696 1008.4903229048276
57.68776094 1008.5005584588072
57.687806502 1008.5208830589474
57.687830087 1008.5462785709539
57.68785484 1008.6985891667836
57.688197731 1008.7518310372731
57.829615143 1008.7518310372732
60.426834727 1008.7620665912528
60.42689319 1008.7823911913931
60.426917891 1008.8077867033995
60.426947216 1008.9600972992291
60.452137537 1009.0037786062948
60.486448365 1009.0037786062949
62.938845607 1009.0140141602743
62.938918372 1009.0343387604147
62.938954523 1009.059734272421
62.938979294 1009.2120448682507
62.984485301 1009.2120448682508
65.000214837 1009.2120448682509
65.434396589 1009.2675626608126
65.434498458 1009.286580795824
65.434846698 1009.303504849347
65.434904798 1009.3534041608192
65.43840804 1009.4028839680074
65.798998389 1009.4028839680075
67.714667881 1009.458401760569
67.714751326 1009.4774198955804
67.715094115 1009.4943439491034
67.715135028 1009.5442432605757
67.720568973 1009.5805598231095
67.73114163 1009.5808375031806
67.764434527 1009.5808375031808
69.934233809 1009.6363552957424
69.934331118 1009.6553734307537
69.934671882 1009.6722974842768
69.934726312 1009.7221967957491
69.94016473 1009.7585133582829
71.43620442 1009.758513358283
72.075559135 1009.7829874778242
72.07702462 1009.8140311508446
72.077097704 1009.833049285856
72.077441946 1009.8499733393791
72.077493219 1009.8998726508513
72.095486939 1009.9178316312076
72.100650295 1009.923069750277
72.10373953 1009.930484441543
74.171657506 1009.9860022341046
74.171751314 1010.0050203691159
74.172097081 1010.021944422639
74.172151772 1010.0718437341113
74.189542355 1010.0898027144675
74.24879327 1010.0898027144676
76.178798175 1010.1453205070292
76.178877782 1010.1643386420405
76.179224162 1010.1812626955636
76.179280577 1010.2311620070359
76.236630388 1010.231162007036
77.08110866 1010.2311620070361
78.16002054 1010.2556361265773
78.161449666 1010.2866797995978
78.161533331 1010.3056979346092
78.161845645 1010.3226219881321
78.168766826 1010.3471995661938
78.174547749 1010.3570631206848
79.893444174 1010.3570631206849
80.046247199 1010.3975655462579
80.046386205 1010.4097019161472
80.046872459 1010.4097019161474
80.051374806 1010.4408032252747
80.053027759 1010.4731006798426
80.063769699 1010.4750561192715
80.07022947 1010.4829642343334
80.375224737 1010.4829642343335
81.874524734 1010.5356030297959
81.875057481 1010.535603029796
81.880688737 1010.5667043389233
81.886781888 1010.5913523739329
81.892642978 1010.6009572329201
82.968553602 1010.6009572329202
83.676054728 1010.6564750254817
83.676172763 1010.675493160493
83.676514332 1010.6924172140161
83.687876363 1010.7093453725196
83.823381743 1010.7093453725197
84.766903593 1010.7093453725198
85.393220818 1010.7648631650814
85.393313876 1010.7838813000927
85.393623128 1010.8008053536158
86.400150832 1010.8008053536159
87.048097648 1010.8773819992388
87.26362727 1010.8773819992389
88.654654822 1010.9178844248119
88.660227831 1010.9462413451164
88.704985142 1010.9462413451165
90.187784334 1010.9553715081133
90.190742478 1011.0067459104702
90.526825175 1011.0067459104703
91.664145659 1011.015876073467
91.668417797 1011.0183842771743
91.671830212 1011.0232096070511
91.794078005 1011.0232096070512
93.083711664 1011.0323397700479
93.087839594 1011.0348479737552
93.228209645 1011.0348479737553
94.484525595 1011.0439781367521
94.490011658 1011.0457189041136
94.509794251 1011.0457189041138
95.806186583 1011.0548490671105
95.818242811 1011.0548490671106
96.339721275 1011.0548490671107
