0.000365436 1000.9127548441326
0.000467764 1001.3676338726972
0.001139686 1001.4878712639505
0.026012677 1001.5433904425065
0.078791235 1001.583032149307
0.079193848 1001.5864396204184
0.080038292 1001.7077752816446
0.081521729 1001.719051134126
0.081550445 1001.7293608763018
0.081604835 1001.8121049373119
0.099193423 1001.9011972660574
0.341557591 1001.9043956187816
0.661827314 1001.9094047056481
0.763787709 1001.9107851809036
1.002220801 1001.9133350749096
1.12140388 1001.9147053609574
1.361075055 1001.9184862050016
1.420480479 1001.9184862050017
1.479991444 1001.9205932698143
1.598164895 1001.9240877603413
1.775205226 1001.924671279329
1.89434082 1001.9279386624083
2.011807439 1001.9317546071618
2.192957233 1001.9378477639776
2.311798896 1001.9399118842501
2.372276963 1001.9399118842503
2.429839881 1001.9439784814318
2.6672660280000002 1001.9586060982871
2.84436997 1001.9708463662259
2.9205937950000003 1001.970846366226
3.08210921 1001.9756341479869
3.199837612 1001.9889171629175
3.2591679239999998 1001.9960432054656
3.496583147 1002.0048953351608
3.554855159 1002.0147235185699
3.613994141 1002.0166965422983
3.732274518 1002.0236765825687
4.256635934 1002.338241104623
4.257266637 1002.3459421287212
4.25730663 1002.3714344051511
4.257446749 1002.4030900717063
4.257471656 1002.4421794422892
4.27835902 1002.4511325062881
4.313248436 1002.4511325062882
4.507900878 1002.4559202880489
4.623121542 1002.455920288049
4.967842105 1002.4560985366674
5.002853213 1002.4560985366675
5.082779537 1002.458071560396
5.347370268 1002.4650516006664
5.983929544 1002.4673762815288
6.00503481 1002.4763293455277
6.12093993 1002.4763293455278
6.463492778 1002.4851814752229
6.69367095 1002.4950096586318
6.807814993 1002.495009658632
6.842785524 1002.4950096586321
6.922277518 1002.4969826823603
7.0719956 1002.4969826823605
7.387743391 1002.5039627226307
7.722852778 1002.5039627226308
8.273977206 1002.8643774207575
8.274640132 1002.8720784448556
8.274682594 1002.8975707212857
8.274811264 1002.9292263878407
8.274836163 1002.9683157584237
8.303920432 1002.9772688224225
9.765763026 1002.9772688224226
12.209752122 1003.3446635608196
12.210449265 1003.3523645849177
12.210493405 1003.3778568613477
12.210629027 1003.4095125279028
12.210655802 1003.4486018984858
12.265738522 1003.4486018984859
16.012508791 1003.4741757183251
16.012591067 1003.563469308541
16.012772554 1003.7983312222794
16.015449647 1003.8199168169367
16.016734993 1003.8369660631411
16.031854867 1003.8760578222053
16.033071236 1003.9012546614449
16.053070953 1003.9101067911402
17.69001175 1003.9101067911403
19.721740293 1003.9356806109795
19.721826571 1004.0249742011954
19.722018095 1004.2598361149338
19.72473271 1004.2711119674152
19.724765364 1004.2814217095911
19.726040642 1004.2984709557954
19.740782785 1004.3375627148597
19.742005593000002 1004.3627595540993
21.339692866 1004.3627595540994
23.337369372 1004.3883333739386
23.337463359 1004.4776269641545
23.337664583 1004.712488877893
23.340374095 1004.7340744725502
23.341617874 1004.7511237187547
23.361381084 1004.7572168755704
23.365046083 1004.7902154778188
26.844447691 1004.8157892976581
26.844526197 1004.905082887874
26.844704193 1005.1399448016124
26.847259098 1005.1512206540938
26.847288761 1005.1615303962697
26.84847749 1005.1785796424741
26.867684935 1005.1846727992898
26.877810851 1005.2054311335994
30.24958896 1005.2310049534387
30.249679585 1005.3202985436546
30.250662491 1005.555160457393
30.252533308 1005.5664363098745
30.252565843 1005.5767460520503
33.569508262 1005.6916134621056
33.570410697 1005.9264753758439
33.598939953 1005.9377512283254
33.611555484 1005.9480609705013
36.790240996 1006.0629283805564
36.79046167 1006.2977902942947
36.808743458 1006.2977902942948
38.86008546 1006.2977902942949
39.916344509 1006.4126577043501
39.917375516 1006.4758629450743
39.920307794 1006.5321949028831
39.920898973 1006.6230202558918
39.923994263 1006.6363614458566
39.924689649 1006.6363614458567
42.393061694 1006.6363614458568
42.996208931 1006.7512288559119
42.997277314 1006.8144340966361
42.998868279 1006.870766054445
42.999433733000004 1006.9615914074536
43.011563193 1006.9749325974185
46.008632142 1007.0898000074736
46.009613839 1007.1530052481978
46.012144851 1007.2093372060067
46.012711897 1007.3001625590153
46.034845111 1007.3103655770674
46.324057745 1007.3103655770675
48.895235251 1007.4252329871226
48.896220336 1007.4884382278468
48.898780512 1007.5447701856557
48.899324281 1007.6355955386643
50.081578509 1007.6355955386645
51.766966377 1007.7504629487196
51.770165832 1007.7540200090481
51.770199875 1007.7557267261317
51.770380139 1007.7822855654451
51.770516252 1007.7930970263869
51.770565909 1007.8700001472527
51.773200461 1007.9284417710023
51.785424777 1007.9525661037303
51.786720899 1007.9588461688181
54.500803215 1008.0737135788734
54.503936452 1008.0772706392019
54.503967405 1008.0789773562855
54.504267556 1008.1163476565407
54.504317059 1008.1932507774064
54.506906025 1008.2516924011561
54.519495174 1008.2758167338841
54.538803114 1008.2820967989718
57.130251206 1008.3969642090269
57.134193295 1008.4230749195965
57.134840225 1008.4230749195966
57.136030383 1008.4710929643096
57.136149694 1008.5749430313098
57.148015079 1008.5990673640376
57.154448532 1008.5990673640378
59.655910352 1008.7139347740929
59.658931412 1008.7174918344214
59.658962103 1008.719198551505
59.659263394999996 1008.7565688517603
59.65931657 1008.833471972626
59.664347495 1008.8476750786804
59.682138356 1008.8630363328338
59.686911876 1008.8939470992246
62.075899135 1009.0088145092799
62.079624366 1009.0349252198495
62.081314092 1009.0829432645626
62.088152478 1009.1220397940618
62.088619268 1009.127894862569
62.099988724 1009.1283517078128
62.100277635 1009.1579160680207
62.904576456 1009.1579160680208
64.432693213 1009.2727834780759
64.435534205 1009.2763405384044
64.43556401 1009.278047255488
64.43585273 1009.3154175557432
64.43818268 1009.3469122333586
64.444729139 1009.3918638313651
66.252265675 1009.3918638313652
66.715271123 1009.5067312414203
66.718142098 1009.5102883017488
66.718171969 1009.5119950188324
66.718467381 1009.5493653190877
66.720806309 1009.580859996703
66.727166618 1009.6199565262023
68.919305592 1009.7348239362574
68.924442453 1009.8089526915401
69.048247246 1009.8089526915402
71.048283373 1009.8541966161282
71.048794022 1009.8861566205477
71.048867526 1009.9238201015953
71.050931741 1009.9273771619239
71.050959707 1009.9290838790075
71.051457477 1009.9315958792777
71.05531645 1009.9603310117652
71.066779569 1009.9853680512954
71.076735431 1009.9979488568781
73.105034509 1010.0431927814661
73.105575928 1010.0751527858855
73.107684548 1010.1163733272617
73.107713974 1010.1180800443453
73.108223778 1010.1205920446156
73.111770238 1010.1493271771031
73.127226124 1010.1583221602868
73.130251096 1010.1676820280292
73.673029892 1010.1676820280293
75.098562872 1010.2129259526173
75.101091212 1010.2239965340653
75.101131299 1010.2861064984129
75.101156331 1010.2878132154965
75.158358684 1010.2878132154966
77.08520769 1010.3330571400846
77.087921689 1010.3369157708539
77.089126884 1010.3929284043151
77.099378894 1010.3999634961835
77.436873207 1010.3999634961837
78.963419416 1010.4452074207717
78.966018181 1010.4490660515409
78.967046531 1010.5050786850022
78.977580448 1010.5121137768705
79.003077874 1010.5121137768706
80.785356806 1010.5573577014586
80.788861213 1010.6172289656892
82.540670364 1010.6624728902772
82.547495387 1010.6633822749903
82.548542508 1010.6787532781633
82.555323473 1010.7168617727546
82.55660194 1010.7198340525144
82.561980369 1010.7198340525146
84.239309 1010.7650779771026
84.245988364 1010.7659873618157
84.247009798 1010.7813583649887
84.253641344 1010.8194668595801
85.866337545 1010.8647107841682
85.872807367 1010.8656201688813
85.873815992 1010.8809911720543
87.441809165 1010.9262350966422
87.448104538 1010.9271444813554
87.459167099 1010.9369751706016
88.281139482 1010.9369751706017
88.960041466 1010.9822190951897
88.966207063 1010.9831284799028
89.092043037 1010.9831284799029
89.256732575 1010.983128479903
90.413404266 1011.0283724044907
90.434236735 1011.0283724044908
90.474852173 1011.0283724044909
91.059189269 1011.028372404491
91.823503483 1011.0619983351027
91.843370373 1011.0619983351028
93.164237372 1011.0754433963801
93.168592403 1011.0816165531962
93.188326691 1011.0816165531963
94.464262822 1011.0950616144736
94.47363959 1011.0975739528933
94.476347386 1011.0975739528934
94.565960454 1011.0975739528935
94.940267408 1011.0975739528936
95.709275811 1011.111019014171
96.154562893 1011.1110190141711
96.916555936 1011.1114812188933
96.919641052 1011.1150954182605
96.969436223 1011.1150954182606
97.543842123 1011.1150954182607
98.061953813 1011.115557622983
99.145623912 1011.1155576229831
99.150915239 1011.1160198277055
