0.000367043 998.1342361044221
0.000469028 998.1701857253074
0.000501094 998.3421185342074
0.000547716 998.446413164354
0.000708095 998.4938410159768
0.003963055 998.5841965292573
0.004538697 998.6133586349144
0.005754141 998.6324796246913
0.008692962 998.651564836008
0.009220404 998.6725190035102
0.010501453 998.7783038107914
0.01153389 998.7783038107915
0.012267054 998.7843606618203
0.020831644 998.7990678822864
0.020912508 998.8969162915057
0.082255739 998.9718895091092
0.082713398 999.0010516147664
0.083712045 999.0201726045433
0.086126718 999.03925781586
0.086578942 999.0602119833621
0.087599269 999.1659967906436
0.089014538 999.1720536416723
0.095932547 999.1867608621384
0.095998929 999.2846092713577
0.1580291 999.2875349651665
0.25145637 999.2904579152196
0.340686323 999.2927233583124
0.586738921 999.2930902853268
0.70943058 999.29875269491
0.82855671 999.2996046589433
0.950741248 999.2998313068366
1.191384527 999.3015192429598
1.312760628 999.3051363872517
1.373731147 999.3089385676367
1.434269601 999.3103835354475
1.6750005 999.3182424104089
1.7343747999999999 999.318242410409
1.913512967 999.3259264865851
2.151674434 999.3342525119785
2.2721760939999998 999.3342525119787
2.390722647 999.3357185456603
2.451705196 999.3436382731352
2.511401058 999.3436382731353
2.570957295 999.3451939810483
2.69213543 999.3569153574318
2.751656631 999.356915357432
2.932393663 999.3637215616177
3.053839967 999.3825736680957
3.173890674 999.3825736680958
3.293178471 999.3968346313502
3.411195471 999.4073040502412
3.650112063 999.4133609012698
3.710490341 999.4133609012699
3.770478934 999.4160807334569
3.889145031 999.428068121736
4.010237595 999.4439899050735
4.300241949 999.5404486521472
4.301059617 999.5404486521475
4.301193481 999.5878765037703
4.302815245 999.6782320170507
4.303271064 999.7073941227077
4.305053244 999.7265151124845
4.306590388 999.7456003238015
4.308051195 999.8723392985848
4.308883153 999.872339298585
4.340698144 999.9090251534174
4.572619586 999.9107951751855
5.011555612 999.9508435476414
6.075021422 999.954377663809
6.422834379 999.9543776638092
6.999829403 999.9604345148376
7.057514691 999.9604345148379
7.462625742 999.9631543470247
7.63672994 999.9631543470248
7.926019702 999.9751417353039
8.35188599 1000.0285801459605
8.351945469 1000.1328747761071
8.352070036 1000.1803026277299
8.354557648 1000.2706581410104
8.35502143 1000.2998202466673
8.35599185 1000.3189412364444
8.358346408 1000.3380264477611
8.358798901 1000.358980615263
8.360998422 1000.3757037827123
8.36109628 1000.4708222735732
8.367739164 1000.4855294940393
8.509148872 1000.4855294940394
9.861201463 1000.4855294940395
10.062394725 1000.4915863450682
10.96266484 1000.4943061772551
12.310442103 1000.5597319761908
12.310496258 1000.6640266063374
12.312108062 1000.6688054713157
12.312990204 1000.8018099712409
12.313444419 1000.8309720768979
12.316712085 1000.8691782779914
12.317152756 1000.8901324454936
12.319280151 1000.9068556129426
12.319375441 1001.0019741038037
12.34354934 1001.0046939359905
12.348673636000001 1001.0046939359906
16.149008834 1001.0788964181419
16.149073817 1001.1831910482884
16.149909891 1001.1831910482887
16.150750215 1001.1879699132668
16.151628922 1001.320974413192
16.152087896 1001.3501365188489
16.155289063 1001.3883427199424
16.156114829 1001.3883427199426
16.158333798 1001.3883427199427
16.158702951 1001.4260200548938
16.170795899 1001.4646930019169
16.174053692 1001.5150816947261
16.586250536 1001.5150816947262
19.897375212 1001.5892841768775
19.897452149 1001.6935788070241
19.899102062 1001.6983576720022
19.899940713 1001.8313621719274
19.900407665 1001.8605242775843
19.903564121 1001.8987304786781
19.904377644 1001.8987304786782
19.906069776 1001.9364078136291
19.917713213 1001.9750807606522
21.489931364 1001.9750807606524
23.544421687 1002.0492832428037
23.544479657 1002.1535778729502
23.546076209 1002.1583567379283
23.546816781 1002.1583567379286
23.546923519 1002.2913612378535
23.547365164 1002.3205233435107
23.550451297 1002.3587295446042
23.551257106 1002.3587295446043
23.60274268 1002.3587295446044
27.08121523 1002.4329320267557
27.081289534 1002.5372266569022
27.082922528 1002.5420055218806
27.083729295 1002.6750100218057
27.084186493 1002.7041721274627
27.087776296 1002.7169426340772
27.087995866 1002.7423783285564
27.140217408 1002.7423783285565
30.537601723 1002.8165808107076
30.537697876 1002.9091304096091
30.538443831 1002.9091304096092
30.539158637 1002.9256543058325
30.540209251 1002.9409349877974
30.540388616 1003.0878209114146
30.546960233 1003.1033119621419
30.596363653 1003.103311962142
31.502278117 1003.1033119621421
33.886324261 1003.1775144442933
33.886455136 1003.2188906026062
33.887936619 1003.2865879394182
33.889015235 1003.301868621383
33.889201533 1003.4487545450003
34.029759602 1003.4487545450004
34.913199411 1003.4487545450005
37.142049675 1003.5229570271517
37.142179958 1003.5643331854646
37.145568319 1003.6320305222766
37.146553959 1003.6473112042415
37.146834905 1003.647727758457
37.147007501 1003.6770508864323
37.147579611 1003.7142447341043
37.147759966 1003.7495910735861
37.148071667 1003.7722616794155
38.862390939 1003.7722616794156
40.307530009 1003.8878403198797
40.308950176 1003.9555376566917
40.30997182 1003.9708183386564
40.310267956 1003.9712348928721
40.310440086 1004.0005580208472
40.312693924 1004.0400770328171
40.318942775 1004.0957139785152
40.319630075 1004.0957139785153
40.329393907 1004.0957139785154
40.58545104 1004.0957139785155
43.414319596 1004.1699164606669
43.415098172 1004.2112926189798
43.41576451 1004.2789899557918
43.417571838 1004.3612041676192
43.41774823 1004.3965505071012
43.434905375 1004.4080376353254
43.434986262 1004.4096285303781
43.4356628 1004.4096285303783
43.445621576 1004.4107686117625
43.455419269 1004.4191662776153
46.442209914 1004.4933687597667
46.443701155 1004.6024422548916
46.445538555 1004.684656466719
46.445745637 1004.720002806201
46.462347546 1004.7314899344252
46.462426882 1004.7330808294779
46.463061446 1004.7330808294781
46.47270022 1004.7342209108623
49.405377445 1004.8084233930136
49.406788668 1004.9174968881385
49.408558223 1004.9997110999662
49.408733553 1005.035057439448
49.425012122 1005.0465445676724
49.425090234 1005.0481354627251
52.485807296 1005.1223379448764
52.487243102 1005.2314114400014
52.488952273 1005.313625651829
52.489153758 1005.3489719913108
52.507162805 1005.360459119535
52.510389823 1005.3620500145879
55.337621512 1005.4362524967393
55.340530428 1005.5390553408971
55.34071007 1005.6275402036919
55.340947631 1005.640962403009
55.341569974 1005.6409624030091
58.036288174 1005.6936312901883
58.036422108 1005.7145197391367
58.04015186 1005.7187141605391
58.040268928 1005.7435054187415
58.040294647 1005.8254247153995
58.040660204 1005.9087777564107
58.060519082 1005.918304213777
58.926295605 1005.9183042137771
60.750462034 1005.9709731009564
60.750868228 1005.9813398644388
60.755680176 1005.996055971307
60.755793624 1006.0208472295094
60.755816845 1006.1027665261674
60.756141077 1006.1861195671788
63.3042519 1006.2387884543581
63.304677818 1006.2491552178407
63.308911167 1006.2535466109763
63.30895003 1006.4162345917132
63.314730204 1006.4276315694937
63.318164496 1006.4490137627033
65.729306885 1006.5016826498825
65.729697529 1006.5120494133652
65.733542134 1006.5164408065007
65.733579526 1006.6791287872377
65.739245518 1006.6905257650182
65.742653212 1006.7012860536224
65.755539599 1006.7021619094788
68.055626352 1006.754830796658
68.056029512 1006.7651975601407
68.059880605 1006.7695889532762
68.059921532 1006.9322769340132
68.070871304 1006.9394884366117
68.073433845 1006.9397590508551
68.198724731 1006.9397590508552
70.27313421 1006.9924279380342
70.273524669 1007.0027947015168
70.277213822 1007.0071860946524
70.277254431 1007.1698740753894
70.287982925 1007.1770855779878
70.299430218 1007.177085577988
71.687829423 1007.1770855779881
72.43432964 1007.2297544651672
72.434673872 1007.2401212286499
72.438270845 1007.2445126217854
72.438825581 1007.4072006025224
72.469486339 1007.4072006025225
74.52236817 1007.4598694897016
74.522807606 1007.4702362531842
74.525659549 1007.4849523600525
74.525776883 1007.5916629149128
74.549394719 1007.6354969439543
76.528443559 1007.6881658311335
76.528838643 1007.6985325946162
76.53163536 1007.7132487014843
76.531746119 1007.8199592563446
77.041168067 1007.8199592563448
78.506521425 1007.86603143646
78.506777548 1007.8726281435239
78.507142895 1007.8829949070064
78.509990437 1007.9452028100494
78.519147347 1007.9595439970585
78.519178875 1007.9774865190801
78.525947802 1007.9884130113919
78.52625633 1007.9886675115891
78.52640477 1008.0039279996671
78.636222372 1008.0039279996672
80.394467701 1008.0565968868464
80.39485791 1008.0669636503291
80.398387818 1008.0713550434646
80.398958426 1008.1044439306174
80.400675113 1008.1186065973742
80.401445723 1008.1256186879323
80.406876935 1008.143512740381
80.406901149 1008.1614552624026
80.421460901 1008.1614552624027
80.972643181 1008.1614552624028
82.235404636 1008.2075274425182
82.235655028 1008.2141241495821
82.235998726 1008.2244909130646
82.238667966 1008.2866988161076
82.247534443 1008.3010400031167
82.247562616 1008.3189825251383
84.024483996 1008.3650547052537
84.024759207 1008.3716514123175
84.025100496 1008.3820181758001
84.027826284 1008.3932660030309
84.028412582 1008.4194984560885
84.030565915 1008.4336611228453
84.03132301 1008.4406732134033
84.040781972 1008.4714244656543
84.047804598 1008.4740512471045
84.268590024 1008.4740512471046
85.752834055 1008.52012342722
85.753106119 1008.5267201342839
85.753444358 1008.5370868977665
85.756129457 1008.5483347249973
85.757970173 1008.5745671780548
85.758765426 1008.5887298448116
85.759507422 1008.5957419353697
85.768524406 1008.6264931876207
85.984208242 1008.6264931876208
87.394967471 1008.6725653677362
87.395247894 1008.6791620748
87.395566583 1008.6895288382827
87.398217666 1008.7007766655136
87.398798513 1008.727009118571
87.400809957 1008.7411717853279
87.401517583 1008.748183875886
87.410008144 1008.7789351281369
88.992242507 1008.8250073082523
88.99249881 1008.8316040153162
88.992815949 1008.8419707787988
88.997311584 1008.845094774343
88.99752986 1008.8794510590872
88.997832569 1008.8936137258439
88.998237467 1008.893613725844
88.99853471 1008.900625816402
89.749101938 1008.9006258164021
90.528358808 1008.9466979965175
90.528603033 1008.9532947035813
90.528922597 1008.9636614670638
90.532210337 1008.9667854626081
90.532448533 1009.0011417473522
90.533896711 1009.0153044141091
90.536417941 1009.0208105326019
90.547413183 1009.020810532602
91.260835457 1009.0208105326021
92.000422298 1009.0668827127174
92.000673113 1009.0734794197813
92.000970733 1009.0838461832637
92.003949969 1009.1213264635522
92.00579989 1009.135489130309
92.013738927 1009.1363353212502
92.054801196 1009.1363353212503
93.419552366 1009.1824075013657
93.419815832 1009.1890042084295
93.42013824 1009.1993709719121
93.424160642 1009.2368512522005
93.424862375 1009.2510139189573
93.445412837 1009.2510139189574
93.445757656 1009.2510139189575
94.814686416 1009.2970860990728
94.815010535 1009.3036828061366
94.815390712 1009.3140495696192
94.819454295 1009.3515298499076
94.82999428 1009.3656925166644
94.878558842 1009.3656925166645
96.149547003 1009.4117646967798
96.150083413 1009.4287281673262
96.15277356 1009.4662084476146
97.090813314 1009.4662084476147
97.422342026 1009.51228062773
97.422842044 1009.5292440982763
97.425490203 1009.5443627672339
97.430835114 1009.563512210012
97.434776686 1009.5666231025023
97.555732235 1009.5666231025024
98.333040043 1009.5666231025025
98.625567696 1009.6126952826179
98.626132453 1009.6296587531642
98.629662022 1009.6447774221218
98.633859677 1009.6639268649
99.795470672 1009.7099990450154
99.795977496 1009.7269625155618
99.798415416 1009.7420811845193
99.814843301 1009.7420811845194
