0.000364054 997.4339361658479
0.000468033 997.6753882941041
0.000979532 997.7002406411495
0.001346411 997.752300998681
0.002459355 997.7784858765554
0.002538371 997.8340987665588
0.002779989 998.0453992106345
0.00347355 998.0584354978748
0.01198843 998.2454043828095
0.072860753 998.2454043828096
0.081719466 998.2650332412554
0.081908371 998.4763336853312
0.082445694 998.4893699725715
0.089342785 998.6763388575062
0.150937115 998.6790081144112
0.198415779 998.6790081144113
0.319161044 998.6790081144114
0.394984716 998.6804253126973
0.56214599 998.6804253126974
0.635729454 998.6896575906064
0.743536984 998.6896575906065
0.863310642 998.6896575906067
0.876704723 998.6925651198078
1.103092097 998.6925651198079
1.116743915 998.694360530249
1.162033892 998.6943605302491
1.343813642 998.6943605302492
1.35819222 998.6944573158174
1.404424995 998.6944573158175
1.5841872879999999 998.6944573158178
1.597789482 998.694491571171
1.598593038 998.6944915711713
1.703605171 998.6944915711714
1.8365966870000001 998.6961939554352
1.8833912050000001 998.6961939554353
1.957113455 998.7010989670006
2.003801061 998.7010989670007
2.063049011 998.7010989670008
2.196200812 998.7049167662695
2.242862426 998.7049167662697
2.314570228 998.7056014070481
2.331708072 998.7056014070482
2.3738040209999998 998.7056014070483
2.433888048 998.7113450599045
2.479629345 998.7113450599046
2.4932349670000002 998.7175123750371
2.61090905 998.7180353674624
2.670896696 998.7180353674626
2.731394677 998.7187937131973
2.775804153 998.7187937131974
2.789549199 998.7187937131976
2.847574733 998.7237303121588
2.894492445 998.7237303121589
2.907871647 998.7359016890546
2.954784756 998.7359016890547
2.967821618 998.7359016890548
3.027854463 998.7537625236561
3.086682829 998.7537625236562
3.148977834 998.7658362784567
3.149764123 998.765836278457
3.209265897 998.7999478684468
3.255817708 998.7999478684469
3.316558195 998.799947868447
3.43876874 998.7999478684471
3.452153384 998.8088143702369
3.513854709 998.808814370237
3.681530673 998.8088143702371
3.695538131 998.8125951559659
3.742687794 998.812595155966
3.75636518 998.8408230119229
3.8041938220000002 998.840823011923
3.880176305 998.8620985502034
3.988969007 998.8620985502035
4.064923675 998.8925702919827
4.228012498 998.8925702919829
4.295844934 998.9019500359601
4.296103701 998.9540103934917
4.29689993 998.980195271366
4.296958184 999.0358081613695
4.297147558 999.2471086054452
4.297688818 999.2601448926856
4.30443782 999.4471137776202
4.477926874 999.4471137776203
4.695868795 999.4471137776204
6.023408754 999.4597610651392
6.295993558 999.4597610651393
6.7097955559999996 999.4879889210961
6.825531449 999.4879889210962
6.986674062 999.4879889210963
8.312268368 999.5064391438277
8.312633601 999.5312914908732
8.313068964 999.5780582009106
8.313729868 999.609536726279
8.313787104 999.6651496162824
8.314506454 999.8894863475987
8.341553214 999.9497212190073
8.680710904 1000.0425324067336
8.793482219 1000.0425324067337
9.466870403 1000.0425324067338
10.256459648 1000.0551796942527
12.244305171 1000.1196822272016
12.244700881 1000.144534574247
12.245147033 1000.1913012842845
12.245802166 1000.2227798096529
12.245863843 1000.2783926996564
12.246592947 1000.5027294309724
12.27433194 1000.5970758923712
12.41035543 1000.5970758923713
16.075056842 1000.6173788860046
16.076120249 1000.6234348544426
16.076169497 1000.6956241214106
16.076228275 1000.751237011414
16.077115137 1000.7512370114141
16.077664868 1000.774174736314
16.077692677 1000.8092471092946
16.077789298 1000.8900815338607
16.078969931 1000.9329413171927
16.082328369 1000.9489804500932
16.091661571 1000.9596299262884
16.094551123 1000.9710713026826
16.102642275 1000.9748891019516
18.631271537 1001.0572729166099
19.104856302 1001.05727291661
19.812403519 1001.1299202970303
19.813119968 1001.2015393541132
19.8137239 1001.2330178794816
19.813783852 1001.288630769485
19.814455848 1001.5129675008011
19.857705013 1001.5129675008012
20.022800462 1001.5167853000701
23.447362175 1001.5939351205378
23.448675848 1001.6248434360211
23.448720356 1001.6970327029891
23.448779766 1001.7526455929926
23.450167491 1001.7755833178925
23.450197456 1001.8106556908731
23.450986943 1001.8106556908732
23.451794074 1001.8344872273029
23.452311403 1001.9093112863119
23.455238137 1001.909311286312
23.468106652 1001.9124427005546
24.779069664 1001.9124427005547
26.987994831 1001.9895925210224
26.989277546 1002.0205008365058
26.989322823 1002.0926901034737
26.989383783 1002.1483029934772
26.990735322 1002.1712407183771
26.990765048 1002.2063130913577
26.992290201 1002.2301446277874
26.992804581 1002.3049686867964
27.008411831 1002.3081001010393
30.461836312 1002.3852499215069
30.462676875 1002.385249921507
30.464359362 1002.4372832803009
30.464483332 1002.447103733359
30.464545358 1002.4814014504972
30.46464721 1002.6019704918423
30.466274155 1002.6258020282721
30.466812253 1002.7006260872811
30.803660115 1002.7006260872812
33.8158672 1002.777775907749
33.817134924 1002.8808734902002
33.817195383 1002.9364863802037
33.81854637 1002.9944964780843
33.820070275 1003.0183280145139
33.826813437 1003.01982352829
33.827116082 1003.0526628942213
33.830789961 1003.0884210775065
33.85968478 1003.093152073523
37.105207346 1003.1703018939909
37.107557154 1003.2223352527848
37.107670046 1003.2321557058428
37.107728758 1003.2664534229812
37.107829576 1003.3870224643262
37.109396592 1003.4108540007559
37.116762012 1003.4123495145319
37.117061548 1003.4451888804632
37.120623243 1003.4809470637484
40.296519037 1003.5580968842162
40.2978178 1003.6611944666674
40.297876071 1003.716807356671
40.299192856 1003.7748174545516
40.3006654 1003.7986489909813
40.308104558 1003.8329838706886
40.312540285 1003.8508216045954
40.315248056 1003.8538260681686
40.321240378 1003.8568792447837
43.422618731 1003.9340290652516
43.424904187 1003.9860624240455
43.425023986 1003.9958828771036
43.425161943 1004.1507496355869
43.426682672 1004.1745811720166
43.433971182 1004.2089160517239
43.43811113 1004.2267537856308
43.440847346 1004.2297582492039
43.456384663 1004.229758249204
43.879332941 1004.2297582492041
46.454641818 1004.3069080696719
46.456903929 1004.3589414284658
46.457017056 1004.3687618815238
46.457153034 1004.5236286400071
46.458640563 1004.5474601764369
46.465858202 1004.5817950561442
46.469817776 1004.599632790051
46.474799286 1004.6000241178874
46.491522396 1004.6000241178876
48.765318535 1004.6000241178878
49.485140519 1004.6771739383555
49.487363842 1004.7292072971494
49.487477957 1004.7390277502075
49.487624381 1004.8938945086908
49.493361268 1004.9157594516001
49.496085305 1004.9520609248278
49.499970284 1004.9698986587347
51.757286199 1004.9698986587348
52.445038863 1005.0470484792024
52.446264227 1005.1501460616538
52.446322994 1005.2057589516572
52.447122079 1005.2057589516573
52.447634498 1005.2414444413888
52.448317981 1005.2637690495378
52.452406107 1005.2856339924472
52.455108478 1005.3219354656749
52.459616963 1005.3397731995817
55.165877829 1005.4169230200496
55.168029037 1005.4689563788435
55.168143023 1005.4787768319015
55.168289673 1005.6113189822358
55.173714821 1005.6555085332942
55.17632335 1005.6918100065218
55.192450703 1005.6918100065219
55.266862471 1005.691810006522
57.812738492 1005.7689598269898
57.813885693 1005.872057409441
57.813942075 1005.9276702994446
57.815145014 1005.963355789176
57.819668987 1006.0075453402344
57.822655838 1006.0110074475308
57.831765161 1006.0114615032509
60.050027444 1006.011461503251
60.460957191 1006.0886113237186
60.462085535 1006.19170890617
60.462143634 1006.2473217961734
60.463334346 1006.283007285905
60.467691973 1006.3271968369634
60.47060735 1006.3306589442597
60.531617327 1006.3306589442598
62.96806297 1006.4078087647274
62.969141064 1006.5109063471787
62.969946428 1006.5110805070366
62.970312864 1006.6022047269137
62.974521415 1006.6463942779721
63.415814727 1006.6463942779723
64.372383234 1006.6463942779724
65.367305067 1006.7235440984401
65.368427663 1006.8227911909016
65.370250058 1006.8266416808914
65.370393636 1006.8268158407493
65.370725555 1006.9179400606264
65.379516762 1006.9554485505874
65.38546448 1006.9560839200346
65.390262111 1006.9621296116848
65.705504689 1006.9621296116849
67.705012143 1007.0392794321525
67.706081379 1007.138526524614
67.70623119 1007.1425511744617
67.707229456 1007.2336753943388
67.718638289 1007.2357966413338
67.720426898 1007.2471485168302
67.722281983 1007.271819253747
67.786599234 1007.2718192537471
69.287396235 1007.2718192537473
69.938944909 1007.3489690742149
69.940000095 1007.4482161666764
69.940139358 1007.4522408165242
69.941139487 1007.5433650364013
69.951887677 1007.5454862833961
69.953671111 1007.5568381588927
69.964044409 1007.5739350336079
71.135911549 1007.573935033608
72.092945482 1007.6510848540756
72.0940449 1007.7503319465371
72.094740035 1007.7503319465372
72.094847339 1007.7543565963848
72.095206172 1007.845480816262
72.105931624 1007.8476020632569
72.10806716 1007.8589539387534
73.232324899 1007.8589539387535
74.170895148 1007.9361037592212
74.172710384 1007.9881371180151
74.172814128 1007.9979575710731
74.175316188 1008.0020960309107
74.178162061 1008.030432037635
74.178398206 1008.0744853506669
74.17910671 1008.105152934299
74.184301081 1008.1326209684024
74.193743777 1008.1326209684025
75.759218054 1008.1326209684026
76.20744535 1008.2097707888703
76.209207001 1008.2618041476642
76.209304053 1008.2716246007222
76.21178233 1008.2757630605598
76.214552957 1008.3040990672841
76.214755064 1008.348152380316
76.215431697 1008.3788199639481
76.221202462 1008.4034159729583
78.204419863 1008.4805657934262
78.206225843 1008.5325991522201
78.206328552 1008.5424196052782
78.211650943 1008.5544834699608
78.211736182 1008.618947384872
78.212421217 1008.649614968504
80.100780051 1008.7267647889718
80.102467494 1008.7787981477657
80.102563294 1008.7886186008237
80.107841403 1008.8006824655065
80.107906955 1008.8651463804175
81.376849412 1008.8651463804176
81.952499792 1008.9422962008854
81.954179529 1008.9943295596793
81.954283517 1009.0041500127373
81.960164133 1009.0588376537096
81.960240976 1009.0799684807956
82.842662415 1009.0799684807957
83.762898391 1009.1571183012634
83.76348499 1009.1571183012635
83.765843515 1009.2507096014298
83.772915601 1009.2943571112927
84.614890059 1009.2943571112928
85.423198721 1009.2943571112929
85.477970028 1009.3715069317605
85.478536504 1009.3715069317606
85.47957084 1009.4650982319268
85.488615907 1009.4808255081739
85.488950037 1009.4941366932745
85.536813251 1009.4941366932746
86.196352518 1009.4941366932748
87.132944729 1009.5712865137424
87.134514487 1009.6233198725363
87.134611816 1009.6331403255944
87.139310353 1009.6452041902771
87.141712356 1009.6707821486328
87.143751521 1009.6806050901558
87.235282641 1009.680605090156
88.636451208 1009.6806050901561
88.733320883 1009.7577549106237
88.733946096 1009.7577549106238
88.734875747 1009.8097882694177
88.734972936 1009.8196087224757
88.739752195 1009.8316725871583
88.742196181 1009.8572505455141
89.648147774 1009.8572505455143
90.286942453 1009.9344003659819
90.287564878 1009.934400365982
90.288545712 1009.9864337247759
90.288640308 1009.9962541778339
90.289222406 1009.9962541778341
90.293184382 1010.0083180425165
90.387527056 1010.0083180425166
91.574767124 1010.0083180425167
91.760595912 1010.0854678629845
91.762084808 1010.1375012217784
91.762180705 1010.1473216748365
91.768256754 1010.1566351657337
92.275955124 1010.1566351657339
93.181652464 1010.2337849862015
93.182243845 1010.2337849862016
93.183125957 1010.2858183449955
93.183226904 1010.2956387980535
93.189358769 1010.2956387980536
93.189424553 1010.3049522889509
94.3830639 1010.304952288951
94.551606162 1010.3821021094185
94.552156529 1010.3821021094186
94.553008035 1010.4341354682125
94.574503175 1010.4341354682126
95.833885489 1010.4341354682127
95.869113744 1010.5112852886805
95.871197818 1010.5256462097932
95.879261676 1010.5333967497295
95.887018862 1010.5633186474744
97.113323732 1010.6095873336195
97.113509976 1010.6381125723029
97.113594266 1010.6548293890548
97.121014343 1010.6625799289911
97.363519714 1010.6625799289912
98.307363068 1010.7088486151363
98.307543545 1010.7373738538199
98.307623624 1010.7540906705718
98.316940118 1010.7611103395878
99.456542235 1010.7785298526138
99.457698483 1010.8359042644163
99.457768742 1010.8526210811682
99.474164091 1010.8526210811683
100.446837122 1010.8526210811684
