0.000361819 1001.1443723670927
0.000501478 1001.2786398012174
0.000533749 1001.412467706939
0.000564161 1001.5145761267688
0.000818974 1001.5342204443821
0.00141695 1001.5830809230247
0.00733752 1001.6599227267611
0.008415487 1001.6599227267612
0.013340222 1001.6967077211627
0.013475069 1001.7430775339219
0.013975396 1001.7643659537441
0.036331176 1001.7814182574441
0.080440191 1001.8928301655794
0.080826284 1001.9416906442223
0.085503174 1002.0185324479587
0.086361591 1002.0185324479588
0.090407096 1002.0553174423601
0.090522988 1002.1016872551195
0.090906095 1002.1229756749417
0.108556505 1002.1400279786415
0.169131754 1002.1400279786417
0.352274984 1002.1483097767
0.412933552 1002.1483097767001
0.594449592 1002.1532757897876
0.654772774 1002.1558722439744
0.716013192 1002.1601490542616
0.836338737 1002.1606308061362
0.958955171 1002.161390032425
1.019457069 1002.1613900324251
1.079359402 1002.1629775183087
1.139645333 1002.1629775183088
1.199794649 1002.1629775183089
1.440715969 1002.1659587964577
1.682255241 1002.1666005835771
1.743520645 1002.1666005835772
1.864665075 1002.1666005835773
1.985492456 1002.1721989978203
2.106201632 1002.1735972039864
2.224382117 1002.1798693702005
2.28320474 1002.1842396653888
2.462000679 1002.1912906302837
2.522724878 1002.2033855779787
2.76252904 1002.2076923149748
2.822762522 1002.2076923149749
2.942087243 1002.207692314975
3.002210248 1002.2084182130704
3.122186277 1002.2084182130706
3.242025149 1002.2183760935679
3.362008255 1002.2315086820042
3.484755272 1002.2328013058257
3.544361547 1002.2344972955311
3.604846061 1002.237882132935
3.664228073 1002.2378821329353
3.787819518 1002.2497553907378
4.087420459 1002.2710438105603
4.304266485 1002.3551722981422
4.304305591 1002.4572807179718
4.304493902 1002.476925035585
4.30492849 1002.5257855142279
4.309426498 1002.6026273179643
4.324937479 1002.639412312366
4.327297179 1002.6437190493621
4.328496569 1002.6675354163915
4.331303809 1002.7241228486471
4.910715748 1002.7275076860512
5.840825765 1002.739380943854
8.351844384 1002.8601541652527
8.351899071 1002.9622625850823
8.352107299 1002.9819069026955
8.353992648 1003.003551068759
8.354053944 1003.0052739484634
8.357075677 1003.0192671575844
8.357166843 1003.1076091850748
8.358004703 1003.1076091850749
8.37272381 1003.1443941794764
8.375109805 1003.1487009164725
8.375894101 1003.1487009164726
8.376332899 1003.172517283502
8.38365077 1003.1755058970289
8.392765068 1003.1788907344328
8.405296641 1003.1907639922356
8.518696295 1003.1924599819408
12.288235028999999 1003.1946633928249
12.28828303 1003.3284912985464
12.288309394 1003.430599718376
12.288493211 1003.4502440359893
12.289297736 1003.4502440359895
12.290306311 1003.4718882020527
12.290359435 1003.4736110817569
12.293330749 1003.4876042908782
12.293414275 1003.5759463183686
12.310921313 1003.6170380497663
12.31212125 1003.6408544167957
12.319462413 1003.6438430303224
12.37480184 1003.6438430303226
16.129243004 1003.6477424309116
16.129298545 1003.7815703366334
16.129323849 1003.883678756463
16.129516633 1003.9033230740763
16.131357276 1003.9249672401397
16.131413312 1003.9266901198441
16.134296673 1003.9406833289652
16.134371429 1004.0290253564553
16.135220495 1004.0290253564557
16.151687042 1004.0701170878533
16.152883198 1004.0939334548827
19.848459218 1004.0978328554718
19.848520762 1004.2316607611936
19.848548023 1004.3337691810232
19.848756752 1004.3534134986364
19.850623109 1004.3750576646996
19.850678431 1004.376780544404
19.853593028 1004.3907737535253
19.853680375 1004.4791157810155
19.854511709 1004.4791157810156
19.870717816 1004.5202075124134
19.875016377 1004.5209334105089
19.877385511 1004.520933410509
22.623955362 1004.5209334105091
23.490506134 1004.5248328110982
23.490566405 1004.6586607168198
23.490592748 1004.7607691366494
23.492666353 1004.7804134542629
23.494360405 1004.8020576203259
23.494412023 1004.8037805000303
23.497200409 1004.8177737091515
23.497672461 1004.8491996548909
23.498062182 1004.9061157366418
23.513747902 1004.9472074680397
23.519327812 1004.9479333661352
23.646575255 1004.9479333661353
25.36998028 1004.9479333661354
27.04391 1004.9518327667245
27.043966135 1005.085660672446
27.043992154 1005.1877690922756
27.044192372 1005.2074134098891
27.045961744 1005.2290575759523
27.046015396 1005.2307804556567
27.048785584 1005.2447736647778
27.049265885 1005.2761996105173
27.050867801 1005.3324739051488
27.980348505 1005.332473905149
28.817561283 1005.3324739051491
30.48828214 1005.336373305738
30.488339606 1005.4702012114598
30.488517599 1005.5919539489026
30.490173157 1005.613598114966
30.490227081 1005.6153209946704
30.492880082 1005.6293142037915
30.493349401 1005.6607401495309
30.499064129 1005.6628105550798
30.49979121 1005.6628105550799
30.509957019 1005.6728037210652
30.522969023 1005.6728037210653
30.533949655 1005.7170144441625
33.839020785 1005.7209138447515
33.839089723 1005.8547417504733
33.839276653 1005.9764944879162
33.840061343 1005.9764944879164
33.840993095 1005.9981386539796
33.841048264 1005.999861533684
33.843740234 1006.013854742805
33.844212902 1006.0452806885444
33.849611798 1006.0473510940933
33.850307978000004 1006.0473510940935
33.86025561 1006.0573442600787
33.872556025 1006.0573442600789
37.111976378 1006.061243660668
37.112025459 1006.1950715663896
37.112210816 1006.3168243038326
37.113852579 1006.3384684698959
37.113906981 1006.3401913496003
37.116561557 1006.3541845587214
37.117027408 1006.3856105044608
37.122573869 1006.3876809100097
37.123288357 1006.3876809100099
37.215330208 1006.38768091001
40.284610393 1006.3915803105992
40.284657062 1006.5254082163208
40.284851424 1006.6471609537637
40.286475511 1006.6688051198271
40.286531115 1006.6705279995315
40.289092186 1006.6845212086525
40.289552609 1006.7159471543919
40.295674603 1006.7180175599408
43.396639483 1006.72191696053
43.396714053 1006.8557448662516
43.396904114 1006.9774976036947
43.398553549 1006.9991417697579
43.398614922 1007.0008646494623
43.401581041 1007.0462838043229
46.429568004 1007.0501832049122
46.42961361 1007.1840111106337
46.429793324 1007.3057638480766
46.431433097 1007.3291308938444
46.446978535 1007.3670337023925
46.506517887 1007.3670337023927
49.385594594 1007.3709331029818
49.385645957 1007.5047610087033
49.38581974 1007.6265137461464
49.387394629 1007.649880791914
49.419368777 1007.6767434792712
50.865357881 1007.6767434792714
52.243884835 1007.6806428798604
52.243931466 1007.8144707855822
52.244126253 1007.9362235230251
52.248735065 1007.9579077503731
55.048746117 1008.0956350566838
55.048938388 1008.2173877941268
55.074281089 1008.2278623077829
55.077852407 1008.2372690693171
56.333426134 1008.2372690693172
57.764235378 1008.3749963756279
57.764446866 1008.496749113071
57.789139965 1008.5072236267271
59.020499845 1008.5072236267272
60.468147798 1008.6449509330378
60.468339193 1008.7667036704809
61.019074679 1008.766703670481
63.185365381 1008.8123222874358
63.185508749 1008.8341679551127
63.185590025 1008.86482403053
63.189165494 1008.8706125215465
63.189548743 1008.9044309767918
63.192439945 1008.9609715414592
63.198302985 1008.9626879127384
63.200037135 1009.0261837142348
65.655187847 1009.0718023311896
65.655332434 1009.0936479988665
65.657205332 1009.1243040742838
65.660712764 1009.1300925653003
65.66376589 1009.1523604542878
65.663833731 1009.220451585213
65.669554373 1009.2221679564922
68.101892521 1009.2677865734469
68.102053635 1009.2896322411239
68.102455788 1009.292835310811
68.102674911 1009.3184704652328
68.102856877 1009.3202883165411
68.105688881 1009.3260768075577
68.108769448 1009.3483446965452
68.108833117 1009.4164358274703
68.120978218 1009.4181521987495
68.185049175 1009.4181521987496
70.499985246 1009.4637708157043
70.500121923 1009.4856164833811
70.500471247 1009.4888195530684
70.500705223 1009.5144547074902
70.50349149 1009.5154950752711
70.503646062 1009.522061049815
70.506609725 1009.5443289388024
70.506668462 1009.6124200697277
71.947566194 1009.6124200697278
72.675374942 1009.6580386866824
72.675507694 1009.6798843543594
72.675871312 1009.6830874240466
72.676094095 1009.7087225784684
72.678925477 1009.7163289207932
72.688393672 1009.7551386993475
72.688442606 1009.7979175488201
72.6911005 1009.8066879407058
72.742404963 1009.806687940706
74.751808862 1009.8523065576607
74.751972556 1009.8741522253375
74.752347233 1009.8773552950248
74.752552209 1009.9029904494466
74.755361888 1009.9105967917714
74.765208155 1009.9494065703257
74.765257509 1009.9921854197983
75.140143655 1009.9921854197984
76.758770426 1010.0378040367532
76.758886425 1010.0596497044301
76.75922193 1010.0628527741173
76.759420682 1010.088487928539
76.76222741 1010.0960942708639
76.77315908 1010.1675450573728
76.857236198 1010.1675450573729
78.747190042 1010.2131636743276
78.747328638 1010.2350093420044
78.747675351 1010.2382124116917
78.747880274 1010.2638475661134
78.758244423 1010.2669148179175
78.766081679 1010.2907686109053
80.292882182 1010.2907686109054
80.656199851 1010.3363872278601
80.656321875 1010.358232895537
80.656682873 1010.3614359652242
80.65689492 1010.387071119646
80.666494376 1010.39013837145
81.768075804 1010.3901383714501
82.495193731 1010.4357569884048
82.495317387 1010.4576026560817
82.495666688 1010.460805725769
82.495856106 1010.4864408801908
82.507037699 1010.4885901887492
82.518406401 1010.4885901887493
83.232545043 1010.4885901887494
84.292009047 1010.534208805704
84.292126801 1010.556054473381
84.292450897 1010.5592575430683
84.292649358 1010.58489269749
84.318317 1010.5848926974901
86.009697278 1010.5854289259119
86.013095226 1010.6811816250519
86.02500635 1010.681181625052
86.435501241 1010.6811816250521
87.650659883 1010.6817178534739
87.653703589 1010.7774705526139
87.745760856 1010.777470552614
89.233367224 1010.8284069058934
89.237385334 1010.8643354629454
89.237793482 1010.8643354629455
89.288756512 1010.8643354629456
90.371898537 1010.8643354629457
90.779560723 1010.9152718162252
90.783471692 1010.9208345349442
90.783773521 1010.9512003732773
90.839252419 1010.9512003732774
92.251177807 1011.0021367265568
92.256723204 1011.0351056012165
92.358319398 1011.0351056012166
93.653459653 1011.0860419544963
93.662973522 1011.0954241693036
93.66534404 1011.1054610522546
95.015520418 1011.1563974055342
95.024833509 1011.1563974055343
96.333622388 1011.156439856897
97.511874312 1011.1564398568971
