0.000363429 1000.2343291238592
0.000550933 1000.2544188864463
0.00060316 1000.3224490821992
0.000913852 1000.3599325318032
0.001171735 1000.5214597659783
0.07871369 1000.6166787925563
0.078791982 1000.6367685551435
0.078829391 1000.7047987508963
0.079028493 1000.7422822005004
0.079201347 1000.9038094346754
0.116300277 1000.9038094346755
0.176537321 1000.9038094346756
0.200201699 1000.9057528723756
0.296815009 1000.9057528723758
0.440296098 1000.9084727323167
0.477575553 1000.9084727323168
0.803961814 1000.913405264103
1.098894284 1000.9201635455804
1.134590662 1000.9201635455805
1.2176563790000001 1000.9212982272113
1.253612473 1000.9212982272115
1.373268945 1000.9220439186731
1.574091515 1000.924110145098
1.670693039 1000.9241101450982
1.81053412 1000.9272958368981
1.8474560819999999 1000.9272958368983
1.929115775 1000.9275813688218
2.02475042 1000.9275813688221
2.048046107 1000.9289017380379
2.166918374 1000.9309202070349
2.202808464 1000.9309202070351
2.318411326 1000.932204896467
2.400601494 1000.9432363219798
2.6341234140000003 1000.9469368676777
2.670873821 1000.9469368676778
2.809580381 1000.952694926083
2.84720574 1000.9526949260833
2.927765176 1000.9590462722638
2.965077863 1000.959046272264
3.048340076 1000.9763240564646
3.084039953 1000.9763240564648
3.106742244 1000.9808676232028
3.322846554 1000.980867623203
3.381855618 1000.9811743800326
3.464283506 1000.9861158683614
3.5008963250000003 1000.9861158683616
3.699255825 1001.024771192959
3.7963856529999997 1001.0247711929592
3.973621344 1001.0343247459955
4.239349787 1001.0842200390875
4.239504077 1001.2659559303752
4.240866829 1001.3151232198134
4.248083317 1001.3187771952391
4.249578192 1001.3433393786613
4.252333282 1001.3509917703884
4.252756126 1001.3902814323687
4.263257184 1001.4184541294883
4.269481356 1001.4623576992444
4.286929713 1001.471911252281
4.356715405 1001.4719112522811
4.70237289 1001.476107871792
4.845874766 1001.4796354834455
4.862940422 1001.4891890364818
4.933283214 1001.489189036482
5.049203186 1001.49373260322
6.238293455 1001.4989808483786
6.421082158 1001.5147631963894
6.534981406 1001.5147631963896
7.110065009 1001.5376361729761
8.254480764 1001.5588599857911
8.255215924 1001.6991937950745
8.25580699 1001.727454777377
8.255923326 1001.7827371039909
8.256125796 1001.79022051732
8.256252784 1001.8109363444466
8.25667812 1001.870840143939
8.262933028 1001.8744941193647
8.264450498 1001.8990563027869
8.267138722 1001.906708694514
8.267583927 1001.9459983564943
8.278056324 1001.9741710536139
8.285851055 1002.0180746233702
9.537736674 1002.0409475999568
12.182628426 1002.3142477714275
12.182740476 1002.3343375340146
12.182783285 1002.4023677297675
12.18302722 1002.4398511793715
12.183273781 1002.4777892374243
13.419598348 1002.4785341062425
13.430009794 1002.4958118904433
15.994701708000001 1002.5014117355456
15.994748796 1002.5490351322483
15.994774988 1002.5683581703918
15.99479872 1002.6475943659434
15.995184306 1002.6912256872299
15.995478044 1002.7539914271731
15.995576441 1002.830229092227
16.002107537 1002.8382650292176
16.002861533 1002.8382650292177
16.006185772 1002.8704796043669
16.006615246 1002.9097692663474
16.036794997 1002.933398396729
19.71829753 1002.9414841698006
19.718551453 1003.0585721635525
19.719694247 1003.1024586564299
19.720096175 1003.1460899777164
19.72037419 1003.2088557176594
19.720475817 1003.2850933827133
19.726912831 1003.2931293197041
19.730858428 1003.3253438948534
19.73621023 1003.3395199995723
19.750465131 1003.3588754984281
19.955845625 1003.3588754984282
23.337198153 1003.3817531277315
23.337246741 1003.4293765244341
23.337274666 1003.4486995625776
23.337299897 1003.5279357581293
23.337912002 1003.5534816203299
23.337970692 1003.634332819359
23.338049641 1003.7105704844129
23.348220155 1003.7508209965528
23.353398706 1003.7649971012719
26.855982897 1003.7730828743435
26.856203877 1003.8901708680954
26.857003166 1003.8901708680955
26.857285628 1003.9340573609728
26.857879569 1003.9596032231735
26.857932445 1004.0404544222025
26.85802735 1004.1166920872564
26.867989674 1004.1569425993963
26.868751287 1004.1569425993964
27.552688632 1004.1569425993965
30.283251487 1004.1798202286999
30.283301127 1004.2274436254023
30.283325972 1004.2467666635458
30.283350428 1004.3260028590975
30.283958316 1004.351548721298
30.284019005 1004.4323999203272
30.284099396 1004.508637585381
30.293902698 1004.548888097521
33.609781391 1004.5717657268243
33.609840452 1004.619389123527
33.609866872 1004.6387121616705
33.609892952 1004.7179483572221
33.610518906 1004.7434942194226
33.610580348 1004.8243454184518
33.610661721 1004.9005830835057
33.628286343 1004.9026542086082
36.845917088 1004.9255318379113
36.845969198 1004.973155234614
36.845997331 1004.9924782727575
36.846021433 1005.0717144683091
36.846659784 1005.0972603305097
36.84671793 1005.1781115295388
36.846799263 1005.2543491945927
36.885817249 1005.2543491945928
36.893223826 1005.2543491945929
39.990706247 1005.2772268238961
39.99075156 1005.3248502205985
39.99077852 1005.344173258742
39.990803395 1005.4234094542936
39.991395367 1005.4489553164946
39.99145254 1005.5298065155233
40.008419634 1005.5594282175886
40.010487489 1005.5962688946171
41.016932357 1005.5962688946172
42.590874116 1005.5962688946173
43.052695045 1005.6191465239206
43.052746378 1005.666769920623
43.052770215 1005.6860929587665
43.052794155 1005.7653291543181
43.053402318 1005.7908750165187
43.053464106 1005.8717262155478
43.071622544 1005.9009942450859
43.073471248 1005.9381885946415
43.16094067 1005.9381885946416
46.061875214 1005.9820252748184
46.061959657 1006.0257591151153
46.062171257 1006.0887755186895
46.064164604 1006.1283099569791
46.065110785 1006.1625619261347
46.066641705 1006.1645267091724
46.067036681 1006.1800641860698
46.067495605 1006.1896317848168
46.068120639 1006.2040061725238
46.078733136 1006.2429139451101
46.093725109 1006.243267617637
46.58035199 1006.2432676176371
48.116825696 1006.2432676176372
49.00203912 1006.287104297814
49.00212203 1006.330838138111
49.002338475 1006.3938545416852
49.004293484 1006.4333889799748
49.005228625 1006.4676409491303
49.006752371 1006.469605732168
49.007133498 1006.4851432090654
49.00819963 1006.5090851955194
49.01859279 1006.5479929681057
50.134218047 1006.5479929681059
51.057533289 1006.547992968106
51.924464033 1006.5560787411774
51.925525353 1006.570870597409
51.92555416 1006.6184939941116
51.925580135 1006.6378170322552
51.925603506 1006.7170532278068
51.9263801 1006.7170532278069
51.928673938 1006.7381143304436
51.929536912 1006.772366299599
51.931059295 1006.7743310826368
51.931397323 1006.7898685595343
51.932453807 1006.8138105459883
53.039011866 1006.8138105459884
54.67387871 1006.8576472261652
54.674153296 1006.9643974700364
54.675977661 1007.003931908326
54.676835980999996 1007.0381838774815
54.678314949 1007.0401486605192
54.679283159 1007.0556861374166
54.718801198 1007.0556861374167
54.876673142 1007.0556861374168
57.312018644 1007.0995228175937
57.312303074 1007.2062730614646
57.315589368 1007.2458074997544
57.316427218 1007.2800594689097
57.317878897 1007.2820242519476
57.947117941 1007.2820242519477
59.805286103 1007.2820242519479
59.847425469 1007.304901881251
59.847462 1007.3525252779536
59.847519211 1007.3798004392261
59.847569735 1007.4507286641049
59.848238732 1007.4510845116487
59.850385555 1007.4721456142854
59.851674646 1007.473420824166
59.851859944 1007.5063975834408
62.119814704 1007.506397583441
62.29178628 1007.529275212744
62.291825192 1007.5768986094466
62.291848997 1007.5962216475901
62.291887441 1007.6041737707191
62.291941042 1007.6751019955981
62.294729952 1007.6965189457786
62.296036649 1007.6977941556593
62.307843929 1007.7025919596255
62.309632723 1007.7025919596256
62.309659171 1007.7145026374073
63.090843113 1007.7145026374076
64.668790653 1007.7373802667107
64.668831903 1007.7850036634131
64.668857685 1007.8043267015569
64.6688951 1007.8122788246858
64.668947459 1007.8832070495646
64.669676497 1007.8832070495647
64.671719678 1007.9046239997451
64.673373642 1007.9058992096258
64.698821394 1007.9178576034553
66.663498402 1007.9178576034554
66.82719259 1007.9178576034556
66.964113165 1007.9407352327587
66.964170816 1007.9883586294611
66.964205144 1008.0076816676049
66.964245617 1008.0156337907338
66.9643018 1008.0865620156126
66.965027461 1008.0865620156127
66.967078768 1008.1079789657931
66.96830969 1008.1092541756738
69.010417343 1008.1092541756739
69.019775728 1008.109254175674
69.175456037 1008.1321318049771
69.175585749 1008.2070303629522
69.175639248 1008.277958587831
69.176344248 1008.2779585878311
69.178281383 1008.2993755380118
71.303426635 1008.3222531673149
71.303524559 1008.389199602161
71.303566411 1008.39715172529
71.303618118 1008.4680799501688
71.304300045 1008.4680799501689
71.306471142 1008.481703422458
72.08896704 1008.4817034224582
73.362340162 1008.5715274866074
73.362435277 1008.5794796097363
73.362486281 1008.6504078346151
73.36312102 1008.6504078346152
73.376883136 1008.6556928347446
73.436860045 1008.6556928347447
73.552543344 1008.6556928347449
75.123851242 1008.655692834745
75.353983945 1008.7455168988944
75.354050218 1008.7534690220233
75.354102084 1008.8243972469021
75.354724675 1008.8243972469022
75.367916098 1008.8296822470317
77.286365331 1008.919506311181
77.286444371 1008.9274584343099
77.286496171 1008.9983866591887
77.287123824 1008.9983866591888
77.58764293 1008.9983866591889
77.985238598 1008.998386659189
79.147558897 1009.0164639889765
79.147678471 1009.0258567636472
79.148250458 1009.0258567636473
79.149388287 1009.0365149338381
79.149555718 1009.1583059778477
79.157822451 1009.16317252072
80.530384208 1009.1631725207201
80.964784178 1009.1812498505076
80.964885884 1009.1906426251783
80.965459978 1009.1906426251784
80.967795413 1009.2061568346326
80.96782206 1009.2230783176853
80.967954171 1009.2335917383114
80.968450131 1009.2451540174563
80.97192695 1009.3026806862042
80.972408041 1009.3026806862043
80.982086712 1009.3028656749411
80.984126963 1009.3230918393788
81.3201128 1009.3230918393789
82.725640833 1009.3411691691664
82.725753681 1009.3505619438371
82.726321011 1009.3505619438372
82.728738132 1009.3935110569702
82.728848744 1009.4050733361152
82.732687107 1009.4626000048632
83.151393475 1009.4626000048634
84.426088993 1009.480677334651
84.426170394 1009.4900701093218
84.43010924 1009.5330192224548
84.432222567 1009.576052855229
84.438689908 1009.6021081703477
86.04219189 1009.6201855001354
86.04570633 1009.6279692232742
86.046110985 1009.672527387939
86.048195952 1009.7155610207135
86.833120358 1009.7155610207136
87.614876393 1009.7336383505011
87.617582611 1009.7859802383049
87.617686206 1009.7975425174499
87.62216377 1009.8071491171281
88.076341144 1009.8071491171282
89.130222799 1009.8252264469157
89.133962196 1009.8775683347195
89.149363132 1009.8891306138645
89.243717197 1009.8891306138647
90.57457342 1009.8895995117791
90.576146823 1009.9349584997748
90.576276615 1009.9357325077525
90.87477203 1009.9357325077526
91.98133474 1009.9644519380018
91.984372305 1009.9815603936626
91.988801291 1009.9823344016403
92.03474464 1009.9823344016404
93.360913477 1010.0110538318897
93.368861895 1010.0151967902751
93.370209991 1010.0151967902752
94.674439295 1010.0156656881895
94.677596366 1010.0439162205246
94.684769375 1010.0450787856768
95.927001292 1010.063938593927
97.146286955 1010.0644074918414
97.155229504 1010.0644672718564
98.316798983 1010.0649361697707
98.402767831 1010.0649361697708
98.694060805 1010.0649361697709
