0.000364271 998.8981887713346
0.000479427 999.028577427214
0.000511982 999.2674136979205
0.000807959 999.2690729031801
0.001027414 999.3092907698289
0.003939014 999.3908218353255
0.004958889 999.4221775245608
0.006058037 999.4696302020319
0.006553537 999.5198509465407
0.011645304 999.57063428469
0.028350854 999.5706342846901
0.079229464 999.6767430197822
0.079420093 999.6784022250417
0.079569297 999.7186200916906
0.081758763 999.8001511571872
0.082593821 999.8315068464225
0.083494 999.8789595238936
0.083887922 999.9291802684023
0.088774627 999.9799636065517
0.270006647 999.9827940075544
0.283225919 999.9827940075545
0.392372035 999.9860950695027
0.528374015 999.9860950695028
0.635450957 999.9870893976957
0.696318142 999.9870893976959
0.878295083 999.9891419881808
0.998823286 999.9954028694087
1.012339126 999.9954028694088
1.118299179 999.9966546429408
1.236735934 999.9980660317361
1.250111062 999.9980660317362
1.357032869 999.9993123516555
1.370520342 999.9993123516556
1.478139147 1000.0006131697302
1.478935609 1000.0006131697303
1.539231735 1000.0006131697304
1.7216384759999999 1000.0028136924615
1.734924514 1000.0028136924616
1.8427029849999998 1000.003736273967
1.8554364049999998 1000.0037362739671
1.902518715 1000.0071431488362
1.903318315 1000.0071431488363
1.976515539 1000.0071431488365
2.141974927 1000.0112131121701
2.258926006 1000.0141966727211
2.271773921 1000.0141966727213
2.331600139 1000.0141966727214
2.495917786 1000.0248579757829
2.735471463 1000.0402867008656
2.807434798 1000.0402867008657
2.970953474 1000.057363893345
2.984178674 1000.0573638933452
3.090430432 1000.0585045025274
3.103432007 1000.0585045025275
3.21230096 1000.0658216687876
3.449808947 1000.0673625308148
3.46309068 1000.0673625308149
3.570019318 1000.0675636978225
3.629093317 1000.0675636978226
3.690848293 1000.0700731069055
3.704563862 1000.0700731069056
3.816311106 1000.0790583758031
4.060093823 1000.1081472314943
4.135821092 1000.1081472314944
4.295390587 1000.2927968625623
4.295605464 1000.2944560678219
4.295763058 1000.3346739344707
4.297907993 1000.4162049999674
4.298728389 1000.4475606892026
4.299598318 1000.4950133666738
4.29998905 1000.5452341111825
4.304833947 1000.5960174493318
6.273084707 1000.6075860537098
6.739808741 1000.60758605371
8.332579901999999 1000.8127895580534
8.332812893 1000.8144487633131
8.333791395 1000.8546666299618
8.335177342 1000.9361976954584
8.33598604 1000.9675533846937
8.33688111 1001.0150060621648
8.337268686 1001.0652268066735
8.353178474 1001.0663674158559
8.409879246 1001.066367415856
8.466475451 1001.0663674158561
9.929246871 1001.0827470579867
9.938069907 1001.0943156623648
9.954959785 1001.0943156623649
10.29174206 1001.094315662365
10.387415879 1001.0954562715473
10.742234277 1001.0954562715474
12.275601319 1001.3286080223999
12.275853805 1001.3302672276594
12.278022669 1001.3704850943083
12.280159085 1001.4520161598049
12.281841124 1001.4724892088047
12.281885935 1001.5308245265113
12.282707155 1001.5308245265114
12.289521918 1001.5378780503963
12.297791966 1001.5821858802024
12.325081971 1001.5821858802025
16.106917824 1001.8164782402372
16.107930411 1001.8181374454969
16.108091152 1001.8583553121456
16.109409576 1001.9398863776422
16.111025953 1001.9603594266422
16.111067254 1002.0186947443487
16.119277133 1002.0257482682337
16.138460448 1002.0364095712952
16.24574776 1002.0364095712953
19.838924946 1002.1423050544194
19.839045363 1002.1527865092651
19.839087403 1002.2635338942732
19.839183985 1002.2723611365897
19.841562393 1002.2732895109898
19.841595956 1002.2819239146437
19.841749127 1002.2881669093389
19.842147817 1002.3127771705085
19.842317762 1002.3163715267324
19.84242877 1002.394110068735
19.849081021 1002.4055701378917
19.850473911999998 1002.4272391857248
19.850645498 1002.4485692941596
19.850723767 1002.4611781560141
19.868142221 1002.4769883987752
19.983335306 1002.4769883987753
23.480616926 1002.5828838818994
23.480727592 1002.5933653367453
23.480769378 1002.7041127217534
23.480859433 1002.7129399640697
23.483148943 1002.7138683384699
23.483181135 1002.7225027421238
23.483326113 1002.7287457368191
23.48385984 1002.7569503542126
23.483972955 1002.8346888962152
23.491016493 1002.8461489653718
23.49238335 1002.867818013205
23.492614782 1002.9017569834941
23.51299405 1002.9134972629216
23.528918581 1002.9134972629217
27.021775493 1003.0193927460458
27.021895997 1003.0298742008916
27.021937868 1003.1406215858997
27.022036579 1003.1494488282161
27.024308475 1003.1503772026163
27.024339261 1003.1590116062702
27.024487188 1003.1652546009653
27.025010557 1003.193459218359
27.026733568 1003.2473746131305
27.031360634 1003.2601690414103
27.03188649 1003.2826578295181
27.033447588 1003.3382658476405
27.062930381 1003.3465992521988
30.475129326 1003.4524947353228
30.475252553 1003.4629761901687
30.475295191 1003.5737235751768
30.475390474 1003.5825508174931
30.477687473 1003.5834791918933
30.477719739 1003.5921135955472
30.477869659 1003.5983565902425
30.478395013 1003.626561207636
30.480066366 1003.6804766024076
30.484937318 1003.7157598187952
30.486951876 1003.7374288666284
33.817209431 1003.8433243497526
33.817326345 1003.8538058045983
33.817367647 1003.9645531896065
33.817457313 1003.9733804319228
33.819645635 1003.9743088063229
33.819677514 1003.9829432099768
33.81982931 1003.9891862046721
33.82034519 1004.0173908220656
33.821944855 1004.0713062168372
33.826752277 1004.1065894332248
37.084703497 1004.212484916349
37.084846044 1004.3337137562029
37.084941439 1004.3425409985193
37.087294103 1004.3583467712685
37.087823275 1004.386551388662
37.089427048 1004.4404667834336
37.101330241 1004.4467270262426
37.101452985 1004.4517349715293
37.102183511 1004.4517349715294
40.273107231 1004.5576304546535
40.273242218 1004.6788592945074
40.273845974 1004.6849483299284
40.275431642 1004.6886149112239
40.275592655 1004.703492309573
40.276115991 1004.7316969269666
40.277728697 1004.7803155290834
40.292452857 1004.7803155290835
40.302745315 1004.7901181115932
43.475662821 1004.8960135947173
43.475804786 1005.0172424345712
43.476427534 1005.0233314699921
43.478168187 1005.0418754496368
43.478658334 1005.0700800670303
43.480249284 1005.1186986691473
46.656632437 1005.1600673199438
46.656750456 1005.3458229921251
46.657341466 1005.3519120275461
46.658887561 1005.3555786088417
46.659305669 1005.3665148404506
46.659509881 1005.3986606245843
46.665610125 1005.4408171510358
46.69640625 1005.4472792267012
46.874664548 1005.4472792267013
49.614581334 1005.4886478774978
49.61472325 1005.6744035496791
49.615329699 1005.6804925851002
49.617266107 1005.6950953980047
49.617466865 1005.7272411821384
49.624836975 1005.7693977085898
49.787869585 1005.76939770859
52.430339547 1005.8107663593865
52.43046853 1005.9965220315679
52.431091384 1006.002611066989
52.433032967 1006.0172138798933
52.433247804 1006.0493596640271
52.458488138 1006.0656573214935
52.57540146 1006.0656573214936
55.122397484 1006.1070259722901
55.12251227 1006.2927816444716
55.123120916 1006.2988706798925
55.125004521 1006.3134734927969
55.125211596 1006.3456192769307
55.430789913 1006.3456192769308
57.840437827 1006.3869879277274
57.840544771 1006.5727435999089
57.842881943 1006.5788326353298
57.847263459 1006.5908800357402
57.86608188 1006.6133395866254
57.879538491 1006.6133395866256
60.425235664 1006.6547082374221
60.42537097 1006.8404639096035
60.425954101 1006.8465529450244
60.427766778 1006.8611557579289
60.449136894 1006.8810598963202
60.484658127 1006.8810598963203
62.872163576 1006.9224285471167
62.872270418 1007.1081842192982
62.874880191 1007.1142732547191
62.878901259 1007.1263206551296
62.899467566 1007.1335927470078
65.2560107 1007.1749613978044
65.256141746 1007.3607170699858
65.256683353 1007.3668061054068
65.260746881 1007.3788535058171
67.554314736 1007.6059778287952
67.554903376 1007.6120668642161
67.570797028 1007.613871810806
67.57504573 1007.6241142646263
67.624205311 1007.6241142646264
69.755519544 1007.8512385876044
69.756075964 1007.8573276230254
69.771165681 1007.8591325696153
70.082892635 1007.8591325696154
71.902725799 1008.0862568925935
71.903271915 1008.0923459280144
71.920693401 1008.0941508746043
72.112619604 1008.0941508746045
73.97391422 1008.3212751975823
73.974460523 1008.3273642330033
74.149924026 1008.3273642330034
75.981507063 1008.4989311221066
75.982220521 1008.4995852124871
75.982653261 1008.5411331312241
75.986784931 1008.5495964460482
75.989805143 1008.5544885559814
76.860103552 1008.5544885559815
77.976209118 1008.7260554450846
77.981397667 1008.7767207690263
78.954774503 1008.7767207690264
79.867216348 1008.9482876581296
79.87227042 1008.9989529820713
81.69594858 1009.1705198711744
81.704493438 1009.2126276292564
81.716465628 1009.212721880292
82.209939516 1009.2127218802921
83.501841033 1009.3842887693952
83.510342389 1009.4263965274772
84.489718183 1009.4263965274773
85.21744862 1009.5979634165803
85.232120627 1009.5979634165805
85.232726001 1009.6298125980652
86.690488298 1009.6298125980653
86.869039933 1009.8013794871684
86.886775877 1009.8121147974525
86.888033232 1009.8150612601962
88.309936839 1009.8150612601963
88.475746667 1009.9866281492995
89.837254836 1009.9866281492996
90.016977542 1010.0472670926731
90.022823521 1010.144593420928
90.444367147 1010.1445934209281
91.489400138 1010.1537769967301
91.494837631 1010.258270849718
91.496925303 1010.2904936364818
91.667461664 1010.2904936364819
92.615539683 1010.290493636482
92.903943637 1010.3511325798555
92.909783969 1010.4041710652718
92.914175466 1010.4131944271124
92.919988762 1010.4253650608815
94.01003318 1010.4253650608816
94.305807698 1010.4768990556755
94.305993576 1010.524900424036
94.308529689 1010.5281722506734
94.309750791 1010.548065851512
94.314171356 1010.5480658515121
95.359578617 1010.5480658515122
95.635504736 1010.6087047948857
95.643460761 1010.6508730413041
96.363993937 1010.6508730413042
96.907562934 1010.6600566171062
96.911297069 1010.7257894042677
96.912467456 1010.7504084044585
96.93962488 1010.7504084044587
98.127019329 1010.8253247674222
98.150075671 1010.8253247674223
99.278491569 1010.885963710796
99.292830428 1010.8895680409194
