0.000365429 998.2744373128339
0.000465551 998.3609490910372
0.000497856 998.5784495943773
0.000614894 998.6093538250692
0.000667037 998.6580007810496
0.000696087 998.7879982932454
0.001645455 998.8094386290993
0.005580216 998.811905940651
0.01023759 998.9081032423684
0.011011274 998.9152167145219
0.030997796 998.9256565044278
0.079488752 998.9851509752418
0.079562717 999.0160552059336
0.079596885 999.0647021619142
0.079618616 999.1946996741099
0.080250204 999.2161400099637
0.083117353 999.2186073215154
0.086845571 999.3148046232328
0.087460827 999.3219180953863
0.103362728 999.3323578852923
0.225126175 999.3323743594245
0.286868544 999.3323743594246
0.347806857 999.3362829974293
0.592964518 999.3418232634932
0.653540705 999.3418232634933
0.715177249 999.3474880073642
1.017172798 999.3545033057574
1.077712361 999.3545033057575
1.138336639 999.3552502595762
1.199244948 999.3552502595763
1.380149436 999.3638050797357
1.501757019 999.3654325821118
1.607234131 999.3662508055241
1.622437581 999.3766905954302
1.6826198749999999 999.3771539719662
1.7430855589999998 999.3774398671032
1.803467151 999.3791579069818
2.044472626 999.3798674557202
2.287229911 999.3822226798649
2.40685085 999.3856146473548
2.466595349 999.3856146473549
2.5271633 999.3867135625252
2.764494045 999.3934207842342
2.884154606 999.3973439294157
3.004735101 999.4055783991674
3.076106671 999.4130105107458
3.123171418 999.413010510746
3.303852217 999.4170318437435
3.364124796 999.4180057679708
3.486337344 999.4219718635309
3.6672444730000002 999.421971863531
3.712729341 999.4649154187932
3.72876542 999.4753552086992
3.7881972619999997 999.4753552086993
3.970587694 999.4824686808528
4.092167688 999.4929084707587
4.317176197 999.6420169198113
4.317266356 999.6729211505033
4.317307749 999.7215681064837
4.317774965 999.726652515405
4.317989658 999.8730059545333
4.320913439 999.875473266085
4.32508958 999.9787840399558
4.375263535 999.9892238298618
4.61057478 999.9892238298619
4.693360472 1000.0250539129706
4.808449741 1000.0250539129707
4.926377807 1000.0321673851241
5.042248651 1000.0321673851242
5.402588966 1000.0426071750301
5.796457239 1000.0426071750302
7.260964229 1000.0497206471836
7.30619322 1000.0497206471837
8.386635502 1000.2626522313104
8.386736695 1000.2935564620024
8.386779134 1000.3422034179828
8.387292332 1000.3472878269041
8.387528241 1000.4936412660323
8.390370584 1000.496108577584
8.394640916 1000.5994193514549
8.660894934 1000.599419351455
10.023800557 1000.5994193514551
12.348779411 1000.6019639043955
12.348832126 1000.8194644077355
12.348912965 1000.8503686384274
12.348953807000001 1000.8990155944078
12.349475106 1000.9041000033292
12.349709855 1001.0504534424574
12.358257726 1001.0536303027474
12.361188348 1001.0604764095524
12.372168079 1001.0957347105582
14.296340744 1001.0957347105583
16.203967753 1001.0982792634986
16.204016782 1001.3157797668387
16.204097753 1001.3466839975306
16.205937747 1001.395330953511
16.206416094 1001.4004153624325
16.206643 1001.5467688015606
16.214998436 1001.5499456618505
16.230989552 1001.5556928534853
18.760648056 1001.5556928534854
19.985702375 1001.5582374064257
19.985746947 1001.7757379097658
19.985827112 1001.8066421404577
19.985867612 1001.8552890964381
19.986340077 1001.8603735053595
19.986564557 1002.0067269444877
19.994816955 1002.0099038047777
23.020047783 1002.0099038047778
23.643131784 1002.0124483577181
23.643174631 1002.2299488610581
23.643284275 1002.3095000477305
23.643770745 1002.3145844566518
23.643983226 1002.46093789578
23.656851912 1002.46411475607
26.021869694 1002.4641147560701
27.198917494 1002.4666593090103
27.198966818 1002.6841598123503
27.199081342 1002.7637109990227
27.199606598 1002.7687954079441
27.199834597 1002.9151488470724
27.232460099 1002.9158981187454
30.654457235 1002.9184426716857
30.65450186 1003.1359431750258
30.654605339 1003.2154943616981
30.655056126 1003.2205787706196
30.65524486 1003.3669322097478
34.025908868 1003.3778344421232
34.027689706 1003.4032351185567
34.027789357 1003.4474570478566
34.027999809 1003.484265173213
34.028068 1003.5210543737301
34.028917795 1003.5826743071065
34.029026125 1003.6312969086856
34.02917036 1003.6444071920653
34.029285427 1003.6871326912536
34.030400696 1003.7243033951888
34.036201701 1003.7330104896105
34.036432861 1003.7343437423627
34.040751223 1003.748227271605
34.044572922 1003.7830989688132
34.607144684 1003.7830989688133
37.310686313 1003.8194018776223
37.310797432 1003.8636238069222
37.311056791 1003.9372211327957
37.311882295 1003.9988410661721
37.311984487 1004.0474636677512
37.312121227 1004.0605739511309
37.312228331 1004.1032994503192
37.313792278 1004.1176139993139
37.314012883 1004.1404701542544
37.319007611 1004.1491772486761
37.319242383 1004.1505105014284
37.323607704 1004.1643940306706
37.336994356 1004.1663262757928
40.514335843 1004.2026291846018
40.514480061 1004.2468511139017
40.514738654 1004.3204484397752
40.515599956 1004.3820683731515
40.515701457 1004.4306909747307
40.51583107 1004.4438012581103
40.515939705 1004.4865267572986
40.517517097 1004.5008413062934
40.517742267 1004.523697461234
40.52263344 1004.5324045556555
40.52286355 1004.5337378084079
40.526306359 1004.54762133765
40.531938592 1004.5476213376501
43.673284947 1004.5839242464591
43.67339816 1004.628146175759
43.673655708 1004.7017435016324
43.674383253 1004.7017435016326
43.674475197 1004.7633634350088
43.674569806 1004.811986036588
43.674707729 1004.8250963199677
43.674818275 1004.867821819156
43.676362282 1004.8821363681508
43.676568275 1004.9049925230912
43.681303117 1004.9136996175129
43.681534136 1004.9150328702651
43.701170372 1004.9150328702652
46.753157944 1004.9513357790742
46.753411764 1004.9754892287873
46.753540671 1005.0691550342475
46.754346298 1005.1307749676239
46.754581018 1005.1925078525827
46.754674821 1005.2352333517711
46.756231597 1005.2495479007657
46.756446613 1005.2724040557063
46.769250591 1005.2811111501278
46.833976276 1005.2811111501279
46.933097429 1005.281111150128
49.729562051 1005.317414058937
49.729907554 1005.4352333141103
49.730609267 1005.4352333141104
49.73070613 1005.4968532474866
49.730969811 1005.5205474271467
49.73102369 1005.6013116316338
49.732505329 1005.6156261806286
49.732704216 1005.638482335569
49.753082548 1005.6428244057582
49.84682908 1005.6428244057583
51.639697629 1005.6428244057585
52.652834871 1005.6791273145674
52.653160663 1005.7969465697406
52.653928235 1005.858566503117
52.654175254 1005.882260682777
52.654229609 1005.9630248872642
52.655667638 1005.9773394362588
52.655883341 1006.0001955911994
53.066176201 1006.0001955911995
54.906492388 1006.0001955911996
55.474106329 1006.0364985000085
55.474430463 1006.1543177551819
55.475184379 1006.2159376885583
55.475433479 1006.2396318682182
55.475484571 1006.3203960727053
55.492232192 1006.3203960727054
55.654309 1006.3203960727055
58.361782677 1006.3566989815145
58.362139457 1006.4745182366878
58.362864296 1006.5361381700642
58.363142071 1006.5598323497243
58.363305028 1006.5715693366756
58.363459615 1006.6066521315819
58.363875295 1006.6405965542112
58.663770595 1006.6405965542114
60.915926822 1006.6768994630203
60.916223506 1006.7947187181936
60.917164086 1006.824135487097
60.918039678 1006.8592769811074
60.91816807 1006.9290272505993
60.918374081 1006.9385613713004
60.938206005 1006.9564178018474
60.963019956 1006.9564178018475
61.06833613 1006.9564178018476
63.376699514 1006.9927207106566
63.377020437 1007.11053996583
63.377943324 1007.1399567347333
63.378826921 1007.1750982287438
63.378944137 1007.2448484982357
63.37915918 1007.2543826189367
63.400487455 1007.2650959537245
65.764616888 1007.3013988625335
65.76494626 1007.4192181177069
65.76585274 1007.4486348866103
65.766684144 1007.4837763806207
65.766812763 1007.5535266501126
65.767003052 1007.5630607708136
66.563697251 1007.5630607708138
68.096858945 1007.7171829347961
68.097785234 1007.7465997036994
68.101468673 1007.8143599959103
68.104435256 1007.819720081935
68.106003008 1007.8468898096679
68.119010042 1007.846889809668
68.921408418 1007.8468898096681
70.338641252 1008.0010119736505
70.339512037 1008.0304287425538
70.34280543 1008.0981890347647
70.345730035 1008.1035491207894
70.355142599 1008.1085856407204
72.249691349 1008.1085856407205
72.504125533 1008.2627078047028
72.504986886 1008.2921245736062
72.508229712 1008.3598848658171
72.511056376 1008.3652449518418
74.097284202 1008.3652449518419
74.604147887 1008.4872553913943
74.604640051 1008.5037088885545
74.604790979 1008.5487838847275
74.607943791 1008.6165441769384
74.623078854 1008.6165441769385
76.645711778 1008.738554616491
76.646182745 1008.7550081136511
76.646336064 1008.8000831098243
76.652169756 1008.8132344307597
76.654549219 1008.8361609445776
76.662401799 1008.8446455417894
77.056166063 1008.8446455417895
78.620181742 1008.966655981342
78.620761381 1009.0281844746752
78.628048821 1009.0642623094286
78.655993501 1009.0642623094287
79.309983917 1009.0642623094288
80.52838142 1009.2027262461413
80.528547007 1009.2478012423144
80.53168748 1009.2523343196626
80.540845071 1009.2730246849821
80.621200548 1009.2730246849823
81.097055975 1009.2730246849824
82.38786568 1009.315505461894
82.388017457 1009.411488621695
82.388112542 1009.456563617868
82.390660165 1009.4610966952163
82.433038628 1009.4610966952164
83.956068174 1009.4610966952165
84.199841977 1009.5035774721279
84.199979758 1009.5995606319289
84.200076437 1009.6446356281019
84.225781846 1009.644635628102
84.746987225 1009.6446356281022
85.814619857 1009.6446356281023
85.941076775 1009.6774498815281
85.94178457 1009.7289364772184
85.944064685 1009.7546795525992
85.944773033 1009.783099564815
85.944870277 1009.8218874132812
87.57986097 1009.8218874132813
87.609129349 1009.854701666707
87.609827485 1009.9061882623973
87.611992157 1009.9319313377781
87.613578281 1009.9620308960834
87.616263219 1009.9677684360976
87.61916854 1009.9875147507965
87.624642282 1009.9875147507967
89.20688389 1009.9875147507968
89.221899673 1010.0203290042226
89.222580154 1010.071815599913
89.224722577 1010.0975586752937
89.227549249 1010.1067975134357
89.22804163 1010.1122286808994
89.228673352 1010.1333957736131
89.232749775 1010.1333957736132
90.758223645 1010.1333957736133
90.785525283 1010.1758765505249
90.787462272 1010.2176966227295
90.792361497 1010.2526785362522
90.79283591 1010.2581097037158
90.793439203 1010.2792767964296
91.397824458 1010.2792767964297
92.27122635 1010.3217575733412
92.273124695 1010.3635776455459
92.278193274 1010.3985595590685
92.441047757 1010.3985595590686
93.617071721 1010.3985595590688
93.696557672 1010.4313738124946
93.697224072 1010.4828604081849
93.702769494 1010.4848711523686
93.702879002 1010.4850184551211
93.708894355 1010.5060295381094
94.681812331 1010.5060295381095
95.086612362 1010.5388437915352
95.087261026 1010.5903303872255
95.092579836 1010.5923411314092
95.092676721 1010.5924884341619
95.102884306 1010.592488434162
96.299831307 1010.5924884341621
96.4211621 1010.6253026875878
96.421777072 1010.6767892832781
96.426868057 1010.6788000274618
96.453354598 1010.6788000274619
97.638849735 1010.678800027462
97.689686196 1010.7116142808877
97.690291865 1010.763100876578
97.864943588 1010.7631008765782
98.196466297 1010.7631008765783
98.924691261 1010.7937045468539
98.927680599 1010.8164368102038
98.961558362 1010.8164368102039
100.069215095 1010.816436810204
