0.00036433 999.0158570975802
0.000467961 999.0807271818181
0.00050034 999.1737030503543
0.000606881 999.3199710855558
0.000636644 999.3232649951942
0.000664677 999.457130302828
0.005502023 999.4988175622634
0.006020352 999.6142223802974
0.006568053 999.702212707756
0.044012999 999.7156114254053
0.078814276 999.7353993120576
0.078840926 999.7386932216959
0.078861872 999.8725585293297
0.082499233 999.9142457887651
0.082908752 1000.0296506067991
0.083320163 1000.1176409342576
0.113094762 1000.131039651907
0.233606087 1000.1311298820406
0.294137386 1000.1311298820407
0.489456091 1000.1363218871941
0.67165412 1000.1363218871942
0.717404792 1000.1364585483981
0.898622355 1000.1364585483982
0.971454725 1000.1427027081365
1.151469419 1000.1427027081367
1.167568824 1000.1441128856852
1.197012772 1000.1575116033346
1.316054629 1000.1609371855684
1.553442032 1000.1749887460777
1.9057586930000001 1000.1805509032417
2.038005859 1000.1852276490746
2.082656641 1000.1852276490747
2.141998371 1000.1892248041378
2.20089939 1000.1892248041379
2.383085833 1000.1907483028064
2.502319726 1000.1928080492314
2.620478516 1000.1943305401994
2.79837386 1000.2066077182835
3.036781667 1000.2175508784267
3.097163766 1000.2240869260378
3.33696745 1000.2365940204372
3.576787407 1000.2368177457865
3.694905492 1000.2368177457867
3.784818934 1000.2504542701075
3.814025521 1000.2638529877569
3.874483278 1000.263852987757
4.023312269 1000.2895029069864
4.112639603 1000.3248080732451
4.262485824 1000.455502847138
4.2625232220000004 1000.4587967567763
4.262549671 1000.5926620644101
4.266236874 1000.6343493238455
4.266659748 1000.7497541418795
4.267092757 1000.837744469338
4.497073929 1000.8377444693381
4.729818589 1000.845790668277
6.590715902 1000.8730496355967
8.278065768 1001.0727456939167
8.27811483 1001.0760396035552
8.278139686 1001.2099049111888
8.287492848 1001.3940322306286
8.344285348 1001.3940322306287
9.513167813 1001.4212911979482
12.177070196 1001.6242811659068
12.177485664 1001.6456617265027
12.177582477 1001.7489411716333
12.177978083 1001.7581464735405
12.18743746 1001.7790468456836
12.187607908 1001.793777977954
12.187678274 1001.8691691080297
12.190587115 1001.902507731261
12.228540884 1001.9422737929802
15.970720576 1002.1725227282583
15.97111624 1002.1939032888542
15.971202354 1002.2971827339848
15.971533491 1002.3063880358919
15.980814958 1002.3272884080352
15.981032931 1002.4174106703813
15.983091069 1002.4507492936126
16.004909865 1002.463256388012
16.300280714 1002.4632563880122
19.662750356 1002.6935053232902
19.66317238 1002.7148858838862
19.663267879 1002.8181653290167
19.672810169 1002.8482710030671
19.672977215 1002.8630021353374
19.673046442 1002.9383932654132
19.69695155 1002.9651958410334
19.748847217 1002.9651958410335
23.26752098 1003.1954447763115
23.268053309 1003.320104782038
23.277686896 1003.3502104560885
23.278609826 1003.3649415883588
23.288225176 1003.3859063028221
23.28917197 1003.3860429640262
23.290980063 1003.4105216011965
23.302181588 1003.4348120647027
23.502353382 1003.4348120647028
26.815061652 1003.6650609999808
26.815533329 1003.7897210057074
26.824773734 1003.8198266797577
26.825560228 1003.8198266797579
26.83452076 1003.8296477008823
26.837480565 1003.8801378248658
26.84137165 1003.8801378248659
30.249831339 1004.110386760144
30.250318675 1004.2350467658705
30.259554125 1004.2651524399209
30.269106948 1004.2749734610454
30.271560767 1004.2756982847877
30.271990743 1004.3254635850288
30.394796133 1004.325463585029
33.594027906 1004.5557125203069
33.594467056 1004.6803725260335
33.612811865 1004.7202992212084
33.798423299 1004.7202992212085
35.94181005 1004.7202992212086
36.830710546 1004.9505481564867
36.83117665 1005.0752081622131
36.849946447 1005.0944983812609
36.85467714 1005.0988605279921
36.899543977 1005.0988605279922
39.974605246 1005.3291094632702
39.975026642 1005.4537694689967
39.99305749 1005.4730596880445
41.535313446 1005.4730596880446
43.050871252 1005.7033086233226
43.059641534 1005.7352216327505
43.059845657 1005.7682610987464
43.060114052 1005.8174176785077
43.060265432 1005.8277601549587
43.069387373 1005.8278924699928
44.934695757 1005.8278924699929
46.045573559 1006.0581414052708
46.054119199 1006.0900544146987
46.054289677 1006.1230938806946
46.054330816 1006.1757221614978
46.060989408 1006.1815843026288
46.152801635 1006.181584302629
46.951212663 1006.1815843026291
49.030230955 1006.4118332379071
49.038814131 1006.443746247335
49.038984959 1006.4767857133309
49.039230327 1006.525942293092
49.043372077 1006.5289704664166
49.145090876 1006.5289704664167
51.861499667 1006.7592194016947
51.862198629 1006.7592194016948
51.869700704 1006.7911324111225
51.869876643 1006.8241718771185
51.870113918 1006.8733284568798
52.40744223 1006.8733284568799
54.601519913 1007.103577392158
54.609815534 1007.1685298675817
54.61020008 1007.1841589130244
54.615542478 1007.2072957136174
57.049331084 1007.2072957136176
57.336099899 1007.4375446488956
57.3441895 1007.5024971243193
57.344555654 1007.5181261697619
57.354917042 1007.5376900905007
57.372609856 1007.5376900905009
57.836680698 1007.537690090501
59.88976094 1007.6288629996023
59.889947932 1007.761964494675
59.892231334 1007.767939025779
59.906738927 1007.7680121906847
59.906829475 1007.7703410671302
59.907214941 1007.7853817182856
59.909829866 1007.8680844673843
61.965296957 1007.8680844673844
62.36630711 1008.0983334026623
62.374026658 1008.1296810169147
62.374346935 1008.1789149235287
63.57609286 1008.1789149235289
64.743645487 1008.2700878326301
64.743976862 1008.304891668751
64.744054661 1008.3253353092267
64.744188806 1008.3617960899094
64.755137148 1008.3788889436975
64.755177814 1008.4566041106607
64.763932278 1008.4571199857827
64.764441676 1008.4587102229539
64.797191736 1008.458710222954
65.289598548 1008.4587102229541
67.045076525 1008.5498831320554
67.045443148 1008.5846869681762
67.045526333 1008.605130608652
67.04565397 1008.6415913893346
67.056317995 1008.7363994100859
67.22580179 1008.736399410086
69.263105295 1008.8275723191874
69.263401483 1008.8623761553083
69.263465613 1008.882819795784
69.263588854 1008.9192805764667
69.277184752 1008.9667215102698
69.277259438 1008.9690503867153
69.277643019 1008.9840910378707
69.340489646 1008.9840910378708
71.414006358 1009.0752639469722
71.414351593 1009.1100677830931
71.41443362 1009.1305114235687
71.414577833 1009.1669722042514
71.624177855 1009.1669722042515
71.653769937 1009.1669722042516
73.48044983 1009.258145113353
73.480777649 1009.2929489494738
73.4808553 1009.3133925899496
73.488836684 1009.3138079052776
73.489298311 1009.3354373620417
73.497389315 1009.3440308856171
73.957317875 1009.3440308856173
75.49082017 1009.3858232675333
75.490976495 1009.390469035275
75.492194349 1009.4430407396799
75.494015739 1009.4448216718755
75.494619114 1009.4507723565519
75.494723985 1009.467410853546
75.494903688 1009.4853110830232
75.498245278 1009.4908665866434
75.498733412 1009.5124960434075
77.481040153 1009.5542884253235
77.481219273 1009.5589341930653
77.484155171 1009.6132868296658
77.484797428 1009.6192375143421
77.484906799 1009.6358760113362
77.48509228 1009.6537762408135
77.48832423 1009.6593317444336
77.501634737 1009.6606854619521
79.37152768 1009.7071236116099
79.374995397 1009.7614762482103
79.375219598 1009.7840654298809
79.375377821 1009.8019656593582
79.397108787 1009.8075211629782
81.205324207 1009.8493135448941
81.205480516 1009.853959312636
81.209027822 1009.9309011309069
81.209214049 1009.9488013603842
81.224287051 1009.9488013603843
82.093732679 1009.9488013603844
82.991320112 1009.9952395100421
82.99480761 1010.072181328313
83.027567361 1010.0721813283131
84.28035886 1010.0721813283133
84.689006478 1010.1139737102291
84.689155427 1010.1186194779709
84.696526924 1010.167419455036
84.696857096 1010.1758415160389
84.700008628 1010.1781844901739
84.704734592 1010.1952667067245
84.987512986 1010.1952667067246
86.325724992 1010.2032513793772
86.325818457 1010.286439615826
86.325915541 1010.2989268944503
86.328967436 1010.3012698685853
86.756691926 1010.3012698685855
87.916490016 1010.309254541238
87.916573427 1010.3924427776868
87.916672945 1010.4049300563112
88.875835072 1010.4049300563114
89.455449248 1010.429367601447
89.455576245 1010.4919463862498
89.704934224 1010.4919463862499
90.703873003 1010.49194638625
90.913160782 1010.5163839313856
90.913464269 1010.5700822880857
90.954262369 1010.5700822880858
91.816655337 1010.5700822880859
92.319538631 1010.573748981821
92.32084459 1010.6306377343338
92.326543466 1010.6425294476059
92.756594976 1010.642529447606
93.20129794 1010.6425294476061
93.681305362 1010.6461961413413
93.682622586 1010.703084893854
94.092512523 1010.7030848938541
94.148821187 1010.7030848938542
94.9844838 1010.7067515875895
94.989316282 1010.709027822309
95.167891644 1010.7090278223092
96.225988814 1010.7126945160444
