0.000363769 999.2647588548114
0.00048477 999.4200336046501
0.000634268 999.5254294761246
0.000996508 999.5278882804794
0.005596649 999.6254697743236
0.005953335 999.6266932729111
0.014450769 999.6748821143881
0.022273258 999.7005283650669
0.056759104 999.7485615110606
0.080085228 999.7914969403012
0.080182412 999.8968928117754
0.080427901 999.8993516161302
0.0838991 999.9969331099746
0.084188175 999.9981566085621
0.091110335 1000.0463454500389
0.097420175 1000.071991700718
0.124655624 1000.1200248467117
0.305620156 1000.123225164017
0.364758643 1000.1232251640172
0.669958097 1000.1253542018833
0.908610178 1000.1325105377603
1.2659946180000001 1000.1352249364477
1.50553542 1000.1364836601601
1.624315712 1000.1389654641334
1.683464831 1000.1411734528242
1.8031051919999999 1000.1412904925746
1.921599259 1000.1417608284189
2.162568745 1000.1429843270064
2.400119219 1000.1439703359126
2.759126195 1000.1621337076665
3.113506647 1000.1655636907428
3.234625017 1000.1754250504684
3.353213323 1000.1796349378058
3.536156663 1000.1911731684831
3.714491555 1000.1911731684834
3.772837243 1000.1938316459155
3.891913109 1000.1981701109457
4.266393983 1000.3317334835974
4.2665218 1000.4371293550716
4.2667829600000005 1000.4395881594264
4.270377052 1000.5371696532709
4.270657966 1000.5383931518584
4.277320563 1000.5865819933351
4.286690334 1000.5935789357977
4.633864468 1000.5954070998066
4.669173695 1000.5954070998068
5.093029307 1000.5997455648367
5.472334877 1000.5997455648369
6.00199351 1000.604745365089
6.011877835 1000.6117423075514
6.468332835 1000.6151722906277
6.506749133 1000.6151722906279
6.69121812 1000.618036707891
6.697516962 1000.6250336503533
6.926796957 1000.6292435376906
7.151955863 1000.6337848259059
7.158192094 1000.6407817683682
7.616934274 1000.6434402458005
7.8482512920000005 1000.6477787108306
8.287751729 1000.6732701662143
8.287805898 1000.8285449160528
8.287913125 1000.9339407875273
8.288184457 1000.936399591882
8.291696312 1001.0339810857265
8.291988144 1001.035204584314
8.298469487 1001.0833934257907
8.305275704 1001.0860519032228
8.305629933 1001.0903903682531
12.226118353 1001.1228787660989
12.226181056 1001.2781535159377
12.226289119 1001.3835493874121
12.226577749 1001.3860081917669
12.22998188 1001.4835896856112
12.230275007 1001.4848131841986
12.236685074 1001.5330020256756
16.057387125 1001.5654904235216
16.057448196 1001.7207651733602
16.057570187 1001.7797289109344
16.057750881 1001.8259029504716
16.057850622 1001.8286198491894
16.061319216 1001.8942183764552
16.061436513 1001.9044653613266
16.061493924 1001.9274248416211
16.076125669 1001.9640754524205
16.342397945 1001.9640754524207
19.789203976 1001.9965638502665
19.789265245 1002.1518386001053
19.789392305 1002.2108023376795
19.789575952 1002.2569763772167
19.789677983 1002.2596932759343
19.793159332 1002.3252918032003
19.793290941 1002.3355387880715
19.793346539 1002.3584982683662
19.817625687 1002.3810776321027
21.367968257 1002.3810776321029
23.419791699 1002.4135660299487
23.419850602 1002.5688407797873
23.419957487 1002.6278045173615
23.420140874 1002.6739785568986
23.420242252 1002.6766954556165
23.423648995 1002.7422939828823
23.423767174 1002.7525409677537
23.423824248 1002.7755004480482
23.475891506 1002.7755004480484
26.946763353 1002.8079888458944
26.946831097 1002.963263595733
26.946943187 1003.0222273333072
26.947111911 1003.0684013728444
26.950440094 1003.070480584106
26.950555879 1003.1367167988283
26.950671323999998 1003.1469637836994
26.950879555 1003.1634225971479
26.951058845 1003.1682294295624
30.378516102 1003.2007178274082
30.378640756 1003.3543885253744
30.378682386 1003.4149563148212
30.378841666 1003.4611303543584
30.383211381 1003.4975291735327
30.394030338 1003.5521784562618
30.399456804 1003.5608413713255
30.416462436 1003.5608413713258
33.726619942 1003.5933297691718
33.726749844 1003.7470004671379
33.726791659 1003.8075682565848
33.726953655 1003.8537422961219
33.731153695 1003.8901411152963
33.741735401 1003.9447903980254
33.753762320999996 1003.9475047967128
36.984517169 1003.9799931945588
36.984638953 1004.1336638925247
36.98468607 1004.1942316819716
36.984852826 1004.2404057215088
36.988932363 1004.2768045406831
36.989670113 1004.2768045406833
36.999413817 1004.3314538234124
40.140301257 1004.3639422212584
40.140423958 1004.5176129192246
40.140464801 1004.5781807086712
40.140606296 1004.6243547482084
40.14465934 1004.6607535673829
40.156405919 1004.6876199232674
40.184610108 1004.715402850112
43.200928786 1004.7478912479578
43.20106337 1004.901561945924
43.201103514 1004.9621297353708
43.201935202 1005.008303774908
43.205179853 1005.0447025940823
43.291267084 1005.0447025940825
46.194138109 1005.0771909919283
46.194295244 1005.2308616898945
46.194336202 1005.2914294793413
46.194481232 1005.3376035188785
46.204723499 1005.3740023380528
47.744858571 1005.3740023380531
49.084303702 1005.4064907358988
49.084421643 1005.560161433865
49.085318616 1005.666903262849
49.095586595 1005.6844630066414
49.096696142 1005.6906606129969
49.100375443 1005.6914774334596
49.3436774 1005.6914774334598
51.909112627 1005.7239658313056
51.909229966 1005.8776365292715
51.909408038 1005.9843783582558
51.920066344 1006.0019381020481
51.921108955 1006.0081357084036
54.719478868 1006.0406241062497
54.719628835 1006.1942948042156
54.719818657 1006.3010366331998
54.731510058 1006.3185963769922
54.742903397 1006.3247939833475
55.048351673 1006.3247939833477
57.343115227 1006.3572823811933
57.343255938 1006.5109530791594
57.344078524 1006.6176949081434
57.367448535 1006.6198314301989
58.027134032 1006.6198314301992
59.897121309 1006.6523198280447
59.897239369 1006.8059905260109
59.897440393 1006.9127323549949
59.933129286 1006.9127323549951
61.855827922 1006.9127323549953
62.379211586 1006.9452207528411
62.379333614 1007.0988914508071
62.382389537 1007.1127260819378
62.382786024 1007.1332898859946
62.382842237 1007.1866728810971
62.552264036 1007.1866728810974
62.721432414 1007.1866728810976
64.72261318299999 1007.2020947360047
64.722674981 1007.3728319769093
64.729179403 1007.4461096921486
64.729775311 1007.4587893106193
65.345438919 1007.4587893106195
66.890580243 1007.4587893106197
66.993134735 1007.5128679530822
66.994450275 1007.5270230982762
66.995403543 1007.59119970338
66.995523829 1007.6203443740621
66.996419176 1007.718226121671
66.99700467 1007.7309057401417
69.001293833 1007.7309057401419
69.191060281 1007.7849843826041
69.193156159 1007.8633161329021
69.193281705 1007.8924608035841
69.194130153 1007.990342551193
69.205838575 1008.0002902344099
70.203235234 1008.0002902344102
71.312101517 1008.0157120893173
71.312330519 1008.1583483455706
71.317271772 1008.1618452978526
71.318123625 1008.2597270454614
73.05085945 1008.2597270454615
73.382287948 1008.3138056879238
73.384323862 1008.3921374382219
73.384467793 1008.421282108904
73.385804638 1008.5191638565128
73.415610336 1008.5191638565129
75.417614517 1008.5345857114203
75.417840026 1008.6772219676734
75.422608036 1008.6807189199553
75.431206171 1008.6837051726886
75.431294591 1008.6893576432707
75.431409836 1008.7324662939691
75.43913413 1008.7350449866987
75.444369022 1008.7408905716416
75.471941004 1008.7408905716417
77.144553914 1008.7408905716418
77.403648636 1008.7563124265491
77.403875209 1008.8989486828023
77.408616627 1008.9024456350842
77.417124873 1008.9054318878175
77.417208559 1008.9110843583995
77.417314336 1008.9541930090979
77.425142525 1008.9567717018275
77.452557563 1008.9567717018276
79.055604959 1008.9567717018277
79.308540172 1008.9721935567351
79.308754609 1009.1148298129882
79.313305975 1009.1183267652701
79.321974143 1009.1213130180034
79.322058877 1009.1269654885855
79.322239911 1009.1652508408654
79.3333975 1009.165310984754
79.359420849 1009.1653109847541
80.914842837 1009.1653109847542
81.157046518 1009.1807328396616
81.157279201 1009.3233690959147
81.161892112 1009.3268660481966
81.170218863 1009.3298523009299
81.170302237 1009.335504771512
81.202464682 1009.3355047715121
82.928405503 1009.3509266264194
82.928648183 1009.4935628826726
82.933077889 1009.4970598349545
82.941508145 1009.5000460876878
82.944380568 1009.5005893498075
84.627448821 1009.5160112047149
84.627663863 1009.658647460968
84.631899914 1009.66214441325
84.639767493 1009.6651306659833
86.270866542 1009.6805525208907
86.271095321 1009.8231887771439
87.85812055 1009.8772674196063
87.859950177 1009.8995925765971
87.860068714 1009.9048377369921
87.868389957 1009.9350140438986
87.868970679 1009.9750847368039
89.385982038 1009.9885527347922
89.386896228 1010.0514885362571
89.387011376 1010.0567336966521
89.395631055 1010.0703478067187
89.398932124 1010.0869100035586
89.398968376 1010.109480508293
90.842843385 1010.1858843077463
90.851289029 1010.2047435782077
90.856865061 1010.2047435782079
92.249659169 1010.281147377661
92.266100583 1010.2930012984086
93.622215489 1010.3515806086157
93.62266637 1010.3694050978618
93.994258749 1010.3694050978619
94.926558911 1010.4279844080689
95.635851531 1010.427984408069
96.167312282 1010.4735868569006
96.172986533 1010.4837718801717
96.176761096 1010.4837718801718
96.297113418 1010.483771880172
97.320405385 1010.4837718801721
97.366391233 1010.5124797581935
97.369312625 1010.5395593522749
97.7595589 1010.539559352275
98.520032228 1010.5851618011067
98.531123997 1010.5928677337315
99.455390182 1010.5928677337316
99.640152441 1010.6215756117531
99.644177902 1010.6384701825633
100.524566367 1010.6384701825634
