0.000366418 1001.3972446122871
0.000476406 1001.414156952152
0.000642825 1001.4993725224195
0.000786337 1001.5530927791684
0.002329546 1001.5738806864226
0.002613622 1001.7810346727953
0.004027345 1001.8056884646356
0.004110823 1001.8947115582155
0.022633109 1001.9594754805781
0.08159251 1002.0468111351106
0.082260945 1002.1364581451464
0.082553829 1002.1611119369868
0.082620387 1002.2501350305666
0.106431098 1002.2917348496204
0.113385639 1002.3069168799117
0.279711162 1002.3168002488476
0.402040371 1002.3168002488477
0.523371748 1002.3219507148151
0.584136535 1002.3219507148152
0.766919269 1002.3221029764438
0.828192329 1002.322102976444
0.888320159 1002.32310021463
1.008178163 1002.3236271009797
1.128779882 1002.3280625574979
1.188383214 1002.328062557498
1.249352464 1002.3315620233338
1.308989506 1002.331562023334
1.489795693 1002.3322635152501
1.550132113 1002.3322635152502
1.610480421 1002.3344023708698
1.669323929 1002.3391949407618
1.730274744 1002.3391949407619
1.790642799 1002.340461566063
2.031331336 1002.3581161993151
2.091667672 1002.3581161993152
2.270756152 1002.3658733607433
2.331160117 1002.3667103320341
2.390978676 1002.3667103320342
2.451439411 1002.369335358604
2.510881513 1002.3734056428943
2.750967268 1002.3767331549185
2.8714271289999997 1002.387179659304
3.109900272 1002.388769390019
3.406145077 1002.3957368567743
3.585975312 1002.3957368567744
3.646538123 1002.3958088347905
3.706049271 1002.3958088347906
3.889118506 1002.39776431037
3.949807261 1002.3977643103701
4.010046104 1002.4373366758281
4.070193981 1002.4373366758282
4.131284092 1002.4525187061193
4.29780613 1002.4823973809059
4.298943525 1002.5031852881601
4.299163627 1002.7103392745328
4.300292186 1002.734993066373
4.300362297 1002.8240161599529
4.314847249 1002.8887800823155
4.430845116 1002.8887800823156
4.777289708 1002.8888520603317
5.062481252 1002.8888520603318
5.810658827 1002.8908075359112
5.981224977 1002.8908075359113
7.419055777 1002.9303799013693
7.594208767 1002.9303799013694
8.327342907 1002.9834946574811
8.328532808 1003.0042825647353
8.32875898 1003.2114365511078
8.329903346 1003.2360903429482
8.329975345 1003.325113436528
8.346923374 1003.3271408901237
8.377689637 1003.3667132555818
8.691246957 1003.3667132555819
12.257377049 1003.4076355959819
12.257502163 1003.4613558527309
12.258571754 1003.4821437599851
12.25879154 1003.6892977463577
12.259862356 1003.713951538198
12.25993252 1003.8029746317779
12.916792071 1003.802974631778
16.085552346 1003.8438969721784
16.085959517 1003.8646476444368
16.086467523 1003.8976172289272
16.087592747 1003.9184051361814
16.087775904 1004.125559122554
16.089994989 1004.1502129143944
16.090358028 1004.2169047940943
16.094492079 1004.2392360079742
19.79961082 1004.2801583483745
19.799953588 1004.2827176481944
19.800068712 1004.300909020633
19.800606939 1004.3338786051233
19.801311278 1004.4721734887144
19.801939809 1004.5618204987502
19.803705548 1004.6531661702903
19.840989479 1004.668529917415
20.878977189 1004.6685299174151
23.446001073 1004.7094522578153
23.446323316 1004.7120115576353
23.446439126 1004.7302029300738
23.446958755 1004.7631725145642
23.447650966 1004.9014673981552
23.448257604 1004.991114408191
23.450034241 1005.0824600797312
24.458623659 1005.0824600797314
26.975233331 1005.1233824201315
26.975654975 1005.14413309239
26.97615495 1005.1771026768804
26.97744446 1005.4050445705072
27.005426049 1005.445087575597
27.011789242 1005.4552481144032
27.016986262 1005.4621795399149
28.990472359 1005.462179539915
30.436328591 1005.5031018803152
30.436757939 1005.5238525525738
30.437954628 1005.5368493694798
30.439136319 1005.6040404011952
30.439991166 1005.6798561070883
30.440277639 1005.6882506770378
30.444445386 1005.7325531408569
30.445861107 1005.7375345522963
30.464779898 1005.7514693977513
30.464821557 1005.8248070357806
30.664220803 1005.8248070357807
33.800164101 1005.865729376181
33.800572256 1005.8864800484395
33.801742265 1005.8994768653456
33.802898938 1005.9666678970609
33.805891878 1005.9826058508188
33.807739283 1006.0127752153182
33.80793402 1006.0951806367226
33.809321882 1006.1001620481621
33.828236227 1006.1140968936172
37.051259847 1006.1550192340175
37.051671113 1006.175769906276
37.052827669 1006.1887667231821
37.054712157 1006.2042705582738
37.054767562 1006.3317734607906
37.058948273 1006.3844704945591
37.060351683 1006.3894519059986
40.209117898 1006.4303742463987
40.209526157 1006.4511249186572
40.210651587 1006.4641217355634
40.21467236 1006.5021998015327
40.214763382 1006.5472507210366
40.216555832 1006.5774200855359
40.216741331 1006.6598255069405
40.232632225 1006.6622603388499
43.110910895 1006.66226033885
43.310208283 1006.7031826792502
43.310589479 1006.7239333515087
43.311680028 1006.7369301684147
43.315557197 1006.775008234384
43.315653766 1006.8200591538879
43.317434584 1006.8502285183873
43.317627011 1006.9326339397918
43.333053624 1006.9326339397919
43.334796095 1006.9350687717013
44.028477682 1006.9350687717014
46.336339947 1006.9759911121015
46.336751313 1006.99674178436
46.337836449 1007.0097386012661
46.34159359 1007.0478166672355
46.341752952 1007.0659835988827
46.341889952 1007.087336742261
46.343399639 1007.1230369512386
46.343586279 1007.2054423726432
48.479003245 1007.2054423726433
49.279262056 1007.2463647130435
49.279636707 1007.267115385302
49.280669699 1007.2801122022081
49.282443339 1007.4231189398167
49.286990738 1007.4758159735851
49.326917243 1007.4758159735852
52.233693906 1007.5167383139853
52.234063303 1007.5374889862438
52.235090833 1007.55048580315
52.238709362 1007.5885638691193
52.238854103 1007.6067308007665
52.239005531 1007.6280839441449
52.242124812 1007.6413902620183
52.242415238 1007.6803738158741
52.242828976 1007.6983261100842
52.244181313 1007.6989150466873
52.244375189 1007.727981951494
52.260654703 1007.7300900034667
52.263277172 1007.7308244617842
52.301649274 1007.7308244617843
55.010963412 1007.7717468021846
55.011340385 1007.7924974744429
55.012373243 1007.8054942913491
55.014128114 1007.9485010289577
55.020042718 1007.9533345982833
55.021402874 1007.9539235348864
55.021577275 1007.9829904396931
55.037824685 1007.9850984916658
55.540225062 1007.9850984916659
57.652374121 1008.0260208320659
57.653739053 1008.0597683212305
57.657258635 1008.0978463871999
57.657409644 1008.1160133188471
57.657539922 1008.1373664622254
57.66052633 1008.1506727800987
57.660823969 1008.1896563339546
57.661198807 1008.2076086281647
57.662533434 1008.2081975647677
57.662706676 1008.2372644695746
57.699860852 1008.2372644695747
57.966535656 1008.2372644695748
60.258413956 1008.278186809975
60.259741265 1008.3119342991396
60.261381028 1008.4549410367481
60.266920975 1008.4597746060738
60.268226157 1008.4603635426768
60.31880215 1008.4603635426769
62.841249371 1008.5012858830772
62.842654859 1008.5350333722417
62.844622409 1008.5458484960418
62.844681193 1008.6080679968607
62.84507125 1008.6099472974172
62.846734095 1008.6126315132367
62.849778414 1008.6156378940615
62.849867888 1008.6649213849659
62.850212079 1008.6828736791759
65.220181286 1008.6834392937619
65.220781337 1008.68347896994
65.22113382 1008.6872629052707
65.221197697 1008.7575435087407
65.222787271 1008.7683586325408
65.222840925 1008.8305781333596
65.223210092 1008.8324574339161
65.224839631 1008.8351416497355
65.23963989 1008.8651358678339
65.371875907 1008.865135867834
67.53711569 1008.8657014824201
67.537654435 1008.8657411585982
67.538050838 1008.9398056973989
67.539572794 1008.950620821199
67.539624347 1009.0128403220178
67.540020268 1009.0147196225744
67.541595958 1009.0174038383938
67.559490656 1009.0473980564922
69.768488296 1009.0479636710783
69.76902487 1009.0480033472563
69.769463817 1009.0929186080755
69.770890704 1009.1328830098571
69.770943599 1009.195102510676
69.771336106 1009.1969818112325
69.772807945 1009.1996660270519
69.79024694 1009.207472665459
69.972520639 1009.2074726654591
71.911486872 1009.2080382800451
71.912018115 1009.2080779562232
71.912461328 1009.2529932170423
71.913930893 1009.292957618824
71.913984577 1009.3551771196428
71.91439038 1009.3570564201993
71.915878037 1009.3597406360187
72.304021745 1009.3597406360188
74.017365144 1009.3603062506048
74.017911446 1009.3603459267829
74.01836543 1009.405261187602
74.019807985 1009.4452255893837
74.019865945 1009.5074450902025
74.020270751 1009.509324390759
74.035830862 1009.5113335653646
76.018982307 1009.5118991799507
76.01949343 1009.5119388561286
76.019903626 1009.5568541169479
76.021298378 1009.5968185187294
76.021348845 1009.6590380195483
76.021692654 1009.6609173201049
78.014955446 1009.6614829346909
78.015451647 1009.6615226108689
78.015875291 1009.7064378716881
78.019046693 1009.773665215639
78.025550238 1009.7894141259255
78.032877345 1009.8080817448833
78.497397411 1009.8080817448835
79.91292022 1009.8086870356476
79.914787522 1009.8287847992817
79.91891635 1009.8494817300168
79.91900034 1009.8605461865918
79.921187937 1009.880174240149
79.92280608 1009.9365785507042
81.745447438 1009.9371838414684
81.747216144 1009.9572816051025
81.751265066 1009.9779785358376
81.751348658 1009.9890429924126
81.753475905 1010.0086710459698
81.75663134 1010.0637712184056
81.756828276 1010.0650753565249
81.806905008 1010.065075356525
83.528788268 1010.065680647289
83.53276361 1010.0755833002851
83.534511236 1010.1175397982332
83.53658377 1010.1371678517905
83.540933803 1010.1744853017813
83.541227435 1010.1923682392006
84.26703373 1010.1923682392007
85.24134918 1010.1929735299647
85.244417634 1010.3051161347347
85.324796481 1010.3051161347348
85.817068796 1010.3051161347349
86.888298899 1010.3057214254989
86.892399609 1010.3156240784949
86.894021385 1010.3575805764432
86.896002335 1010.3772086300004
86.899640328 1010.4145260799911
86.922746187 1010.4145260799912
88.479522259 1010.4151313707553
88.485043944 1010.4669905216995
88.486992215 1010.4866185752568
88.492395806 1010.487172778565
88.502085932 1010.4885902971378
88.777905523 1010.4885902971379
90.016571085 1010.4891955879019
90.021854892 1010.5410547388461
90.023806395 1010.5606827924034
90.028870931 1010.5612369957116
91.499898626 1010.5618422864757
91.506697721 1010.5865091168889
91.506981455 1010.6333294909772
91.669239698 1010.6333294909773
92.918132294 1010.6339347817415
92.924903833 1010.6586016121547
92.92818183 1010.6807130767618
94.279593426 1010.6813183675259
94.286134728 1010.7059851979392
95.601161025 1010.7065904887031
95.615102683 1010.7166371625106
95.636392897 1010.7166371625107
96.854990675 1010.7172424532747
98.057399784 1010.7178477440387
98.550598917 1010.7178477440389
