0.000365811 1000.740987600646
0.00046305 1001.0203239661449
0.000576063 1001.0417628684319
0.000682964 1001.1903034115661
0.001048599 1001.2024608018756
0.004652412 1001.2405629359608
0.005979952 1001.2521307223864
0.00880755 1001.2990177553191
0.009848153 1001.2990177553193
0.016356025 1001.3498152334377
0.029542816 1001.3856931472639
0.029708085 1001.4400674228713
0.032246259 1001.4844383812484
0.03330758 1001.4844383812487
0.080615517 1001.5885702296365
0.081030511 1001.5887051579062
0.081679563 1001.600727619946
0.083610634 1001.638829754031
0.085496637 1001.6503975404568
0.087026012 1001.6972845733895
0.09400351 1001.748082051508
0.103505669 1001.783959965334
0.104351543 1001.7839599653341
0.104486407 1001.8383342409417
0.106420693 1001.8827051993188
0.176187786 1001.8827051993189
0.290259109 1001.883081467659
0.291052021 1001.8830814676593
0.412418405 1001.8848502748218
0.537355455 1001.884850274822
0.657736359 1001.8904539263054
0.693341488 1001.8904539263056
0.718255733 1001.8907972049918
0.719056923 1001.890797204992
0.778434497 1001.8940513833227
0.77925883 1001.8940513833229
0.899484028 1001.8943604645607
0.960318675 1001.8946492540848
1.197401302 1001.9006371529578
1.205866551 1001.9006371529579
1.2560997409999999 1001.9022546297289
1.3156560800000001 1001.9033833299733
1.548102757 1001.9123252834501
1.679681828 1001.9169907506714
1.7306572180000002 1001.9169907506716
1.79051732 1001.9236282830492
1.8599913799999999 1001.9236282830493
1.911734283 1001.9272270325677
2.030130517 1001.9315597787264
2.219360253 1001.9315597787265
2.270814649 1001.9338310902978
2.388513899 1001.9397975370556
2.517164586 1001.9415362870175
2.631679694 1001.9415362870177
2.760438229 1001.9582370499471
2.810719912 1001.9582370499472
2.931565919 1001.9582370499473
2.989734989 1001.9923337651361
3.175502739 1001.9923337651362
3.34520979 1002.0282116789622
3.527792294 1002.0282116789623
3.587112457 1002.0364113202048
3.776810346 1002.0364113202049
3.828622588 1002.0825859545697
4.102816629 1002.1269569129468
4.189557173 1002.126956912947
4.286956201 1002.1707378817307
4.287042525 1002.1921767840179
4.2871226 1002.3407173271519
4.28756415 1002.3408522554219
4.290119951 1002.3909768515466
4.293285382 1002.4494316709051
4.309239936 1002.5361070628496
4.370412936 1002.5361070628499
5.125950085 1002.6263592522834
8.343410164 1002.7585887345133
8.343525789 1002.7800276368002
8.343617734 1002.9285681799345
8.344106339 1002.9287031082042
8.346703207000001 1002.978827704329
8.375854467 1002.9805965114917
8.383493215 1002.9980008663988
8.721243728 1002.9980008663989
10.484161059 1003.0250023386939
10.520230398 1003.0441755007635
10.69020348 1003.0441755007637
12.284720132 1003.2111221926215
12.28481369 1003.2325610949084
12.284894213 1003.3811016380427
12.285337322 1003.3812365663126
12.287826707 1003.4313611624374
12.324215942 1003.450534324507
12.655379374 1003.4540975840755
12.711494851 1003.4540975840757
16.109480193 1003.6289384411018
16.109582499 1003.6503773433888
16.109664902 1003.798917886523
16.110143117 1003.799052814793
16.112637238 1003.8491774109177
16.436721074 1003.8527406704861
17.29182852 1003.8527406704862
18.996188116 1003.8527406704864
19.848150977 1004.0311447870812
19.848265839 1004.0525836893681
19.84834889 1004.2011242325021
19.848829968 1004.2012591607721
19.854553779 1004.2225145941283
19.856724792 1004.2340400063378
23.450208741 1004.4124441229327
23.450314909 1004.4338830252196
23.45039727 1004.5824235683536
23.450840226 1004.5825584966236
23.459521304 1004.597057419555
23.466620701 1004.6074452847569
26.976354834 1004.7858494013518
26.97647206 1004.8072883036388
26.97655908 1004.9558288467728
26.977041944 1004.9559637750427
26.985684898 1004.9704626979741
30.401338856 1005.1488668145688
30.401499575 1005.31884625999
30.401929368 1005.31898118826
30.4108911 1005.3334801111911
30.543333135 1005.3334801111913
33.774030335 1005.511884227786
33.774202757 1005.681863673207
33.774645829 1005.681998601477
33.796600733 1005.6898528304135
34.169036597 1005.6898528304138
37.053862631 1005.8682569470083
37.053954105 1005.8896958492954
37.05403703 1006.0382363924294
37.054470246 1006.0383713206994
37.082233514 1006.046225549636
38.435458447 1006.0462255496361
40.242404344 1006.1191814018332
40.242509541 1006.1996173244668
40.242551442 1006.3946091116518
40.242962026 1006.3947440399218
40.32050991 1006.394744039922
40.502081981 1006.3947440399221
43.327789118 1006.488538007144
43.327857547 1006.5449711525956
43.327971462 1006.5627907059069
43.328026201 1006.652414318096
43.328258427 1006.6605248294412
43.329020662 1006.6605248294413
43.332471293 1006.6696918702754
43.332672533 1006.6939363070895
43.334081402 1006.7033584023883
43.338473264 1006.7221138471799
43.338868753 1006.7431276019378
43.408423953 1006.743127601938
46.346855014 1006.7466241385707
46.347384189 1006.8114869997044
46.34800936 1006.8369215691598
46.348054803 1006.8933547146116
46.34817333 1006.9111742679229
46.348231369 1007.000797880112
46.348481343 1007.008908391457
46.34923114 1007.0089083914571
46.352653027 1007.0180754322914
46.352843086 1007.0423198691053
46.354262465 1007.0517419644041
46.358542417 1007.0704974091957
46.494727054 1007.0704974091959
49.265564748 1007.0739939458286
49.266004775 1007.1388568069625
49.266461266 1007.164291376418
49.266504841 1007.2207245218696
49.266639854 1007.32816768737
49.266873912 1007.3362781987151
49.267577741 1007.3362781987153
49.267721604 1007.3449038557416
49.268265375 1007.3843005883949
49.299762327 1007.3886016626797
51.807991411 1007.3886016626798
52.096886551 1007.3920981993127
52.097748269 1007.448415652433
52.097777706 1007.4823956299018
52.097817438 1007.5388287753534
52.097968911 1007.6462719408538
52.098210328 1007.654382452199
52.09891635 1007.6543824521991
52.099059735 1007.6630081092254
52.099609576 1007.7024048418788
54.702073559 1007.7024048418789
54.985599989 1007.7059013785116
54.986445549 1007.7961988091009
54.98649031 1007.8526319545525
54.986626549 1007.9600751200529
54.986861991 1007.9681856313981
54.990747827 1007.9773526722323
54.99090476 1008.0015971090464
54.992229257 1008.0110192043452
57.6963027 1008.0145157409781
57.697166743 1008.1048131715672
57.697211762 1008.1612463170188
57.697355551 1008.2686894825192
57.697590039 1008.2767999938644
57.698274689 1008.2767999938645
57.701480151 1008.2859670346986
57.701625038 1008.3102114715127
57.705911891 1008.3105648397404
59.941296892 1008.3105648397406
60.239554739 1008.3140613763734
60.240367996 1008.4043588069625
60.241488595 1008.4607919524143
60.241640723 1008.5682351179145
60.241852163 1008.5763456292597
60.242495178 1008.5763456292598
60.245694964 1008.609757106908
62.674223206 1008.6132536435408
62.675108161 1008.7035510741299
62.6752829 1008.8674273850819
62.675543928 1008.8755378964271
62.676187348 1008.8755378964272
62.686941248 1008.8813026053703
62.6967962 1008.890787974589
62.901352381 1008.8907879745891
65.050764025 1008.8942845112218
65.05157429 1008.9845819418109
65.051744945 1009.1484582527631
65.052603431 1009.1565687641082
65.062874286 1009.1623334730513
65.0770032 1009.1623334730515
65.56718982699999 1009.1623334730516
67.339335596 1009.1658300096842
67.340090288 1009.2561274402735
67.340253652 1009.4200037512255
67.340501757 1009.4281142625707
67.433616105 1009.4281142625708
67.719183968 1009.428114262571
69.541432595 1009.4316107992037
69.544565398 1009.4390170183161
69.54480988 1009.521908229793
69.546127304 1009.5814718599155
69.549662851 1009.6415203553778
69.552840526 1009.685784540745
69.604984281 1009.6857845407451
71.658998313 1009.6892810773779
71.661772949 1009.6966872964904
71.662610197 1009.7502877048366
71.663297138 1009.8391421380895
71.663791079 1009.8391421380896
71.670825706 1009.899190633552
73.710581063 1009.9026871701849
73.711770127 1009.9771011098992
73.714926074 1010.0525482308965
73.715446309 1010.0525482308966
73.72665662 1010.0957380478803
73.731978463 1010.0957380478804
75.039082613 1010.0957380478806
75.713996693 1010.098593907335
75.715684066 1010.1386776394054
75.716266339 1010.2490956452251
77.699827959 1010.252592181858
77.703869123 1010.2920352367502
77.709980158 1010.3564357230435
77.710341223 1010.3927198072464
79.569498324 1010.3962163438792
79.574245852 1010.3989120959383
79.57452441 1010.4336522139325
79.574645046 1010.4356593987712
79.580802163 1010.4808573024221
79.581081843 1010.4908648016764
79.582225807 1010.5142020233112
79.58770425 1010.5276098398193
79.593455474 1010.5276098398195
81.392513812 1010.5311063764524
81.396494642 1010.5705494313444
81.402274437 1010.6349499176378
81.404975062 1010.6490920558844
81.411147744 1010.6499350867243
83.176975588 1010.6534316233572
83.181394754 1010.6928746782494
83.186888839 1010.7572751645425
83.189507276 1010.7714173027891
83.371432178 1010.7714173027894
84.89438486 1010.7749138394222
84.898050543 1010.8143568943142
84.904001788 1010.8787573806076
86.528853421 1010.881613240062
86.530516735 1010.8849496692994
86.535443459 1010.8942472800632
86.53755369 1010.9668948757833
86.74052838 1010.9668948757835
88.113302807 1010.9697507352379
88.114961061 1010.9730871644753
88.119811745 1010.982384775239
88.121255214 1011.0550323709591
88.144175517 1011.0550323709592
89.651863214 1011.0578882304137
89.658029137 1011.0705222704148
89.65996653 1011.1028350025614
89.668684207 1011.1082182882855
90.126268671 1011.1082182882856
91.106148754 1011.1110741477399
91.113673431 1011.1157275152511
91.11403651 1011.1560209198876
91.17554426 1011.1560209198877
92.073656851 1011.1560209198879
92.508346468 1011.1588767793422
92.515786548 1011.1635301468534
92.518723401 1011.1859169093235
92.526972569 1011.1859169093236
92.606313152 1011.1859169093237
93.463924272 1011.1859169093239
93.882629241 1011.1887727687783
93.89068767 1011.1934261362896
93.893270148 1011.2158128987596
95.193407013 1011.2186687582141
95.200960451 1011.2233221257253
95.208837747 1011.2233221257254
95.529583871 1011.2233221257255
96.454578781 1011.22617798518
97.309343067 1011.2261779851801
97.656413443 1011.2290338446346
97.961598304 1011.2290338446347
