0.000366624 1001.0163147167019
0.0005055 1001.1027347334822
0.000655596 1001.1437092945154
0.0007054 1001.1622168291516
0.001497493 1001.1952273712192
0.011230411 1001.1974665142244
0.011915818 1001.2090889852913
0.017027194 1001.2285011112318
0.017644628 1001.2319304251392
0.018003729 1001.3641489660514
0.078256183 1001.4009405392961
0.078345872 1001.4436016187893
0.078404423 1001.5283351171096
0.078439631 1001.5468426517458
0.078961192 1001.5798531938132
0.086934508 1001.5820923368184
0.087482804 1001.5937148078852
0.091508209 1001.613126933826
0.092017879 1001.6165562477332
0.092317329 1001.7487747886454
0.272322351 1001.7585521463371
0.694043881 1001.7610763223723
1.354453596 1001.7812243372058
1.650409478 1001.7855599731156
1.770072167 1001.7894532957868
1.827704503 1001.8002080082409
1.8879773260000001 1001.8022398909476
1.947882858 1001.8022398909478
2.06723299 1001.8022398909479
2.360210233 1001.8064612766078
2.7143938309999998 1001.8272995018683
2.831455245 1001.8350282111791
2.949264535 1001.8352504330152
3.007501841 1001.8352504330155
3.068307468 1001.8368917548124
3.126271857 1001.8368917548127
3.426077737 1001.847767280868
3.484631215 1001.8477672808682
3.544812832 1001.8491120470875
4.14204062 1001.8743177562645
4.24753738 1002.0327684464092
4.247599919 1002.1191884631893
4.247730961 1002.1786705588589
4.256424986 1002.2255427149986
4.314888045 1002.2257175301692
4.31861957 1002.246474422329
4.579959231 1002.2529265854914
4.637064198 1002.2529265854915
4.863496742 1002.2550064856233
4.920786156 1002.2570043428099
5.03402916 1002.2589435788587
5.319578396 1002.2687209365505
5.545418857 1002.2913931274192
5.659652319 1002.2957287633288
5.772807677 1002.295728763329
5.886771035 1002.2996220860001
6.114251499 1002.312408681161
6.227313662 1002.3124086811611
6.568750425 1002.3166300668212
6.990068226 1002.3199912922149
7.024913578 1002.3451970013922
7.7077280120000005 1002.3579360710813
7.935306275 1002.3592808373006
8.049302278 1002.3592808373008
8.236858828999999 1002.4205288352458
8.236906258 1002.4579147714625
8.237004165 1002.5730222288918
8.237498966 1002.6319861924632
8.240764634 1002.7048393366455
8.245561337 1002.7833640498685
8.259568349 1002.7910927591792
8.282324761 1002.8038318288683
8.614264195 1002.8054731506655
10.385741378 1002.8428991521176
12.125255889 1003.1210041286557
12.125333177 1003.207424145436
12.125471807 1003.2669062411054
12.133891035 1003.3137783972453
15.923808898 1003.605967209692
15.92389185 1003.6923872264723
15.924032417 1003.7518693221417
15.944871893 1003.7560907078017
16.526565571 1003.756090707802
19.632700551 1004.0482795202487
19.632766619 1004.134699537029
19.632897475 1004.1941816326984
19.67841447 1004.1941816326985
23.243638447 1004.4863704451452
23.243714282 1004.5727904619255
23.243861737 1004.6322725575949
26.756355206 1004.7325878787894
26.756415827 1004.7699738150059
26.756517771 1004.8850812724352
26.756976242 1004.9440452360068
26.760705956 1005.0168983801891
30.186477969 1005.1172137013837
30.18654572 1005.1545996376001
30.186642803 1005.2697070950294
30.187113588 1005.328671058601
30.199643908 1005.3457755366546
33.516939415 1005.4460908578492
33.517062613 1005.4808277244142
33.517104666 1005.5985842514951
33.517569939 1005.6575482150665
33.550453392 1005.6575482150666
36.751404261 1005.7578635362612
36.751466046 1005.7952494724776
36.751564122 1005.9103569299069
36.752365845 1005.910356929907
36.756164595 1005.9502481238995
36.777065127 1005.9540263873308
39.911292353 1006.0543417085254
39.911389404 1006.0917276447418
39.911488575 1006.2068351021711
39.912287934 1006.2068351021712
39.915992742 1006.2467262961637
42.984620297 1006.3470416173583
42.984688317 1006.3844275535747
42.984783673 1006.499535011004
42.985538503 1006.4995350110041
42.991881254 1006.5376731451657
42.999855461 1006.5376731451659
43.023309848 1006.5394262049965
45.973895248 1006.6397415261911
45.973968428 1006.6771274624075
45.974068932 1006.7922349198368
45.974866302 1006.7922349198369
45.980876035 1006.8303730539985
45.988908578 1006.8303730539986
49.074529421 1006.9306883751929
49.07464944 1006.9654252417579
49.074697254 1007.0831817688388
49.07545998 1007.0831817688389
49.081297344 1007.1213199030003
49.121625262 1007.1213199030005
50.008284131 1007.1213199030007
51.861341767 1007.2216352241949
51.861497639 1007.3741286178408
51.862234876 1007.3741286178409
51.87518957 1007.3960814307004
51.883064408 1007.3960814307005
51.888808717 1007.4068979952372
52.293095046 1007.4068979952373
54.592791175 1007.5072133164317
54.592849701 1007.5445992526484
54.592942047 1007.6597067100777
54.606356913 1007.6816595229373
54.614647931 1007.6816595229374
57.31645419 1007.7819748441318
57.316592972 1007.9344682377775
57.317300551 1007.9344682377777
57.341318951 1007.9375966489376
57.346834564 1007.9435722868549
57.351327599 1007.9548784582224
57.367222321 1007.9548784582225
58.075162994 1007.9548784582227
59.906543522 1008.0551937794169
59.906687092 1008.2076871730628
59.909170466 1008.2076871730629
59.933707394 1008.2108155842227
60.1430275 1008.2108155842228
60.819760189 1008.2108155842229
61.94982787 1008.210815584223
62.378405458 1008.3111309054173
62.378576209 1008.4636242990632
62.379314574 1008.4636242990633
64.296587462 1008.4636242990634
64.749179488 1008.5168219076639
64.750491591 1008.6195748749252
64.752386101 1008.7085651502595
64.752960691 1008.7085651502597
64.76423316 1008.7138996408893
64.781446376 1008.7138996408894
65.027187252 1008.7138996408895
66.612369971 1008.7138996408896
67.022230149 1008.76709724949
67.023246762 1008.8698502167513
67.025097818 1008.9588404920855
67.058284907 1008.9588404920858
69.220796637 1009.0120381006861
69.221436944 1009.0120381006863
69.22178213 1009.1147910679476
69.225348232 1009.1350597264598
69.225841126 1009.1350597264599
69.232196476 1009.1466637451158
69.239241523 1009.1942649688679
69.639816153 1009.194264968868
71.346940067 1009.2474625774685
71.347902157 1009.35021554473
71.351162723 1009.3704842032421
71.351647304 1009.3704842032422
71.357854918 1009.3820882218981
72.619851286 1009.3820882218982
73.404057223 1009.4352858304987
73.405100405 1009.4603716478457
73.405182186 1009.4842973882653
73.405236786 1009.4949600981461
73.405610548 1009.5163835205612
73.405697683 1009.5380387977601
73.408341281 1009.5583074562724
73.414470797 1009.5699114749282
73.445018833 1009.5699114749283
73.47794477 1009.5699114749284
75.405563981 1009.6231090835288
75.406195347 1009.6231090835289
75.40668139 1009.6827833511763
75.407041264 1009.7042067735915
75.407124741 1009.7258620507904
75.409710143 1009.7461307093024
75.41017505 1009.7461307093025
75.422057032 1009.7462680326239
75.903484703 1009.746268032624
76.766262834 1009.7462680326241
77.394494662 1009.7994656412246
77.395478469 1009.9022186084859
77.398729223 1009.9224872669982
77.399204522 1009.9224872669984
79.281354879 1009.9756848755989
79.282284904 1010.0784378428601
79.285843528 1010.0987065013724
79.364889166 1010.0987065013725
81.110792266 1010.0995373951303
81.110832486 1010.2546570772345
81.116686944 1010.2548378492952
81.119569618 1010.2576466624787
81.247086864 1010.2576466624788
82.922843782 1010.2584775562364
82.92288855 1010.4135972383406
82.928630338 1010.4137780104013
82.931477381 1010.4165868235848
83.84060364 1010.4165868235849
84.632295547 1010.4174177173427
84.632334745 1010.5725373994469
84.637877746 1010.5727181715076
85.247048439 1010.5727181715079
86.268293758 1010.5735490652653
86.268517705 1010.6855900477556
86.268845579 1010.7070134701708
86.28035298 1010.7249134654584
87.155764349 1010.7249134654585
87.824635051 1010.7249134654586
87.837303649 1010.7257443592163
87.837511141 1010.8377853417065
87.837874922 1010.8592087641215
87.860592089 1010.8592087641217
89.360615326 1010.8949627775845
89.36500541 1010.9496109773492
89.370715823 1010.9742090482601
89.377283409 1010.9757468557171
89.803528752 1010.9757468557173
90.462710021 1010.9757468557174
90.853666818 1011.0115008691799
90.854085097 1011.01150086918
90.857688407 1011.0594294810984
90.863974056 1011.0892271661982
90.869750325 1011.0892271661983
91.212718211 1011.0892271661984
92.244853078 1011.0892271661985
92.292984339 1011.1249811796611
92.297325681 1011.1729097915795
92.31752636 1011.1729097915797
93.675382057 1011.2086638050426
93.684730936 1011.2234683644609
93.685120076 1011.2274159559928
93.685144575 1011.2376752817141
93.685237971 1011.2381258589004
93.803889484 1011.2381258589005
95.003332544 1011.2447017635543
95.008393238 1011.2886844317816
95.379150491 1011.2886844317817
96.240914954 1011.2952603364357
96.245663668 1011.3392430046629
97.449679903 1011.3458189093168
97.457619931 1011.3779811448964
97.671897764 1011.3779811448965
98.597716791 1011.3845570495504
98.606346163 1011.3845570495505
