0.000366695 1000.4791715643017
0.00046584 1000.5844702477525
0.000555954 1000.9130038020159
0.000717712 1000.9451500224184
0.001403005 1000.9713342114387
0.002507846 1001.0137497538209
0.041050419 1001.1067583631047
0.079151851 1001.2736030605388
0.079266964 1001.3057492809413
0.079733191 1001.3319334699617
0.080527143 1001.3743490123437
0.094193341 1001.3743490123438
0.111356309 1001.4673576216276
0.172471474 1001.4673576216277
0.243336385 1001.4684883138372
0.474912458 1001.4696212963254
0.596941917 1001.4749945535614
0.657606146 1001.47588795029
0.837335482 1001.4782130932745
0.956807497 1001.4826779108715
1.017030723 1001.4899340023476
1.077940021 1001.4899340023477
1.13760144 1001.4899340023478
1.375233932 1001.4962284621064
1.55323592 1001.4962284621065
1.7322832419999998 1001.4985048853297
1.8006853299999999 1001.4985048853298
1.967535265 1001.504297285218
2.144614443 1001.5042972852181
2.265927734 1001.5104548627897
2.326142083 1001.5104548627899
2.395287262 1001.5118730840868
2.5650884229999997 1001.5118730840869
2.635849506 1001.5136315600186
2.687021508 1001.5136315600187
2.746350074 1001.5163147898778
2.806247174 1001.5163147898779
2.9237616859999997 1001.516314789878
2.9845890710000003 1001.5208999064349
3.16145534 1001.520899906435
3.220625812 1001.5224126511266
3.281090864 1001.5224126511267
3.34076816 1001.5265532923903
3.461765298 1001.5309981128931
3.755306892 1001.5470326231335
3.933874137 1001.5648281935089
4.255952766 1001.878223785034
4.256101489 1001.9103700054366
4.25661857 1001.936554194457
4.258329679 1001.9789697368392
5.064255717 1001.9804824815308
5.122589258 1001.9804824815309
5.523353909 1001.9846231227945
5.9884788570000005 1001.9890679432972
5.989248821 1001.9890679432973
6.911078198 1002.0051024535377
7.385124456 1002.0228980239131
8.296681635 1002.3463918218964
8.296819797 1002.3785380422989
8.297316212 1002.4047222313193
8.300013999 1002.4133076930857
8.310854562 1002.4293422033261
8.311135498 1002.4471377737015
8.875871253 1002.4471377737016
12.226673201 1002.8044616523005
12.226806392 1002.836607872703
12.227287138 1002.8627920617233
12.236498693 1002.8713775234897
12.675417822 1002.8713775234899
13.981093519 1002.87137752349
16.046215124 1003.2287014020889
16.046335902 1003.2608476224914
16.046858273 1003.2870318115117
16.060060698 1003.2911724527753
16.08867993 1003.2911724527754
16.168227582 1003.2911724527755
18.198086349 1003.2911724527756
19.779574728 1003.6484963313746
19.780396085 1003.6484963313748
19.78050009 1003.6806425517774
19.789797663999998 1003.7007288795488
19.790557507 1003.7007288795489
23.398268996 1004.058052758148
23.398419551 1004.0901989785506
23.413483451 1004.1044253792339
23.425880206 1004.105843600531
23.429342323 1004.1102853063221
23.511245995 1004.1102853063222
26.929254695 1004.4676091849212
26.929391855 1004.4997554053238
26.944173144 1004.5139818060072
26.956426427 1004.5154000273043
30.373488307 1004.8727239059034
30.37363466 1004.9048701263059
30.388462589 1004.9190965269894
33.726946119 1005.2764204055884
33.734016576 1005.2764204055885
33.761300102999996 1005.2950160747563
36.985139987 1005.6523399533553
36.991979189 1005.6523399533554
37.019445854 1005.6632522652128
37.426473268 1005.6632522652129
40.151468311 1006.0205761438119
40.158250164 1006.020576143812
40.992224824 1006.0205761438121
43.224972817 1006.0620267991528
43.225760285 1006.1252499351194
43.225871265 1006.1685806969472
43.226059596 1006.2986713711992
43.229563011 1006.3779000224112
43.400503284 1006.3779000224113
46.233745931 1006.4193506777518
46.234616819 1006.5259045755463
46.234820874 1006.6559952497984
46.246626555 1006.6735597450283
46.253227503 1006.6867279631965
46.294815487 1006.6867279631966
48.582535849 1006.6867279631967
49.13703556 1006.7281786185374
49.137900087 1006.8347325163318
49.138095007 1006.9648231905838
49.150548616 1006.9823876858138
49.160807114 1006.9858694005181
49.201218655 1006.9858694005183
51.956230322 1007.0273200558589
51.95648143 1007.1338739536533
51.956793552 1007.2191297953432
51.957321979 1007.2639646279054
51.968615244 1007.2815291231353
52.330633433 1007.2815291231354
54.697160557 1007.3229797784762
54.697971435 1007.4295336762706
54.698166875 1007.5596243505227
54.716187993 1007.5596243505228
54.717435751 1007.5718904721145
54.717987894 1007.5764251911631
54.838311661 1007.5764251911633
57.413350773 1007.6178758465039
57.413600773 1007.7244297442983
57.413923383 1007.8096855859882
57.414445732 1007.8545204185504
57.432591285 1007.8667865401422
57.589352914 1007.8667865401424
60.017663056 1007.9082371954831
60.017968046 1008.0147910932775
60.019866126 1008.1000469349673
60.020328855 1008.1448817675296
60.050483749 1008.1448817675297
60.366659894 1008.1448817675298
62.718990656 1008.1800383755618
62.719108684 1008.1813139445935
62.719172659 1008.2928863206648
62.719489684 1008.3781421623546
62.724657871 1008.3990274720484
62.730339473 1008.4055081409733
62.73061517 1008.4150151017759
62.918571078 1008.415015101776
65.193434663 1008.4162864241036
65.193518752 1008.4488367051379
65.193758335 1008.5099537772801
65.1963134 1008.590355066855
65.198192061 1008.6691608062946
65.21056453 1008.6693613372396
67.199238617 1008.6693613372397
67.513770485 1008.7045179452718
67.513863466 1008.7057935143035
67.513925879 1008.8173658903748
67.519073401 1008.9235070417583
67.774279512 1008.9235070417584
69.76257472 1008.9586636497905
69.762697309 1008.9599392188222
69.762760107 1009.0715115948935
69.772625242 1009.0957211060377
69.774043219 1009.100554650866
69.774090649 1009.1682273555117
69.805446314 1009.1682273555118
71.911426563 1009.1694986778396
71.911493573 1009.2020489588738
71.911730784 1009.263166031016
71.918522448 1009.3162319086471
71.920298431 1009.3404414197911
71.921724537 1009.3452749646194
71.922647754 1009.4030607901533
71.953183128 1009.4030607901534
73.989390851 1009.404332112481
73.989455491 1009.4368823935152
73.989682396 1009.4979994656574
73.996348712 1009.5510653432884
73.998089138 1009.5752748544326
74.00003143 1009.5763216515678
74.001718799 1009.5960223221656
74.008178933 1009.624154141116
75.694389531 1009.6241541411162
76.027215682 1009.6254254634438
76.027267364 1009.657975744478
76.027494255 1009.7190928166202
76.027971562 1009.7190928166203
76.033858406 1009.7721586942514
76.035565009 1009.7963682053953
76.036042463 1009.7963682053954
76.039094166 1009.8171156731285
78.014650098 1009.8183869954562
78.014706887 1009.8509372764904
78.014934357 1009.9120543486325
78.021333321 1009.9651202262636
78.023025114 1009.9893297374077
79.905657793 1009.9906010597356
79.905731918 1010.0231513407697
79.905967085 1010.0842684129119
79.91213673 1010.1373342905429
79.921635945 1010.161543801687
81.750821591 1010.1628151240149
81.750890047 1010.195365405049
81.751340219 1010.1967004097191
81.753247095 1010.2239920460345
81.755955552 1010.2427141780757
81.757250444 1010.3095483548221
81.771886862 1010.3095483548223
83.570147344 1010.3108196771501
83.570218963 1010.3433699581842
83.572538586 1010.3719965991697
83.573944737 1010.373590092929
83.573970884 1010.3793896003687
83.575281089 1010.390718731211
83.582085895 1010.3979552175709
83.582955178 1010.4255824077551
85.293755528 1010.4268537300827
85.293809821 1010.4594040111169
85.293973077 1010.5034096890337
85.298608991 1010.5067527841437
85.305277761 1010.5139892705035
85.315311046 1010.5139892705037
85.31544384 1010.5265064319713
85.459422603 1010.5265064319714
86.981644395 1010.527777754299
86.982199053 1010.5603280353332
86.982289905 1010.6043337132498
86.986570704 1010.6076768083599
86.993106387 1010.6086275292894
87.251843598 1010.6086275292895
87.788881272 1010.6086275292896
88.603920438 1010.6098988516172
88.603973149 1010.6424491326513
88.604127589 1010.6864548105682
88.891071086 1010.6864548105683
90.153559387 1010.6877261328959
90.153614444 1010.7202764139302
90.155710748 1010.7489030549157
90.159020927 1010.7529127239014
90.162549275 1010.7567691570392
90.164417225 1010.7642239707102
90.18620627 1010.7642239707103
91.613164041 1010.7642239707104
91.626065826 1010.7654952930379
91.626113805 1010.7980455740721
91.629426568 1010.8282657088168
91.629456025 1010.8340652162566
91.9037998 1010.8340652162567
93.033104806 1010.8340652162568
93.046335174 1010.8353365385844
93.04639316 1010.8591165532082
93.048381236 1010.8710674203786
93.04909384 1010.8758449575232
93.049764046 1010.885431352258
93.051944453 1010.8872384153706
93.05610835 1010.8872384153707
94.422249322 1010.8872384153708
94.455793108 1010.9122897523222
94.456669486 1010.9343485601016
95.791141444 1010.9356198824294
95.794005833 1010.9593998970531
95.796173365 1011.0031582069716
96.012182065 1011.0031582069718
97.052187567 1011.0282095439231
97.05261256 1011.0282095439233
97.054823482 1011.0401604110937
97.062243462 1011.0428460867968
97.980498455 1011.0428460867969
98.267778196 1011.0678974237483
98.269722805 1011.0798482909187
98.599573993 1011.0798482909188
99.434725841 1011.1048996278702
99.435168998 1011.1048996278703
99.440053217 1011.1164033415554
100.224877692 1011.1164033415555
