0.00036593 999.2839688678554
0.000579903 999.3032411095068
0.000632886 999.4600300738465
0.00106265 999.5458665496911
0.003156101 999.5613297906788
0.011526544 999.5698025512023
0.013546694 999.8458398618699
0.079390708 999.9314605133812
0.080874411 999.9469237543689
0.08763287 999.9553965148926
0.089200067 1000.23143382556
0.209720935 1000.233479680397
0.24420137 1000.2334796803972
0.45318865 1000.233970597002
0.815309648 1000.2443652545745
1.055242968 1000.2445555935473
1.1741391270000001 1000.2557526245415
1.233838078 1000.2557526245416
1.294309309 1000.2634406485082
1.707373917 1000.2858663800945
1.827415099 1000.289406493586
1.8862404769999999 1000.2894064935861
2.059730405 1000.2927145292281
2.119416304 1000.2927145292282
2.296271983 1000.29273279589
2.53167008 1000.2981811557943
2.59392924 1000.2992163042892
2.7118870040000003 1000.303071146487
2.771836877 1000.3030711464871
2.950892005 1000.3052245978796
3.187533976 1000.3171252739638
3.420295719 1000.357224426817
4.239152461 1000.4054062385861
4.239312719 1000.581467444577
4.240502261 1000.6673039204215
4.241976829 1000.6808452643603
4.247887634 1000.6912399219328
4.251333935 1000.8040990941753
4.369451034 1000.8041173608368
4.487206978 1000.8041173608369
4.76100329 1000.804117360837
4.835957329 1000.8076985916902
5.298238415 1000.8095657207411
5.457811961 1000.8095657207414
5.541504304 1000.8106008692363
5.995846246 1000.8144557114341
6.463989997 1000.8144557114342
6.916248313 1000.8166091628267
7.146635253 1000.8285098389109
7.387285333 1000.8686089917638
8.285305608 1000.9293008721846
8.285451414 1001.1053620781757
8.285777875 1001.1911985540202
8.28661631 1001.1911985540203
8.288068289 1001.2047398979588
8.288878717 1001.204739897959
8.293909151 1001.2151345555316
8.297241293 1001.3279937277738
9.544159572 1001.3398944038578
9.657318392 1001.339894403858
12.243829579 1001.4406854371317
12.24395579 1001.4599576787829
12.244284082 1001.518294962484
12.244343448 1001.7025831189673
12.246607686 1001.7161244629059
12.252297031 1001.7265191204784
12.275855491 1001.7379064904454
12.27598226 1001.7748866617939
12.277285641 1001.7803350216982
13.485579928 1001.7922356977822
14.853728991 1001.7922356977824
16.091197996 1001.8930267310561
16.091534304 1001.8956619447754
16.091619283 1001.9706362564084
16.092467664 1001.9706362564086
16.092696609 1002.0426013064052
16.092968592 1002.0789161471012
16.093011464 1002.0888535413651
16.09337494 1002.1315992479852
16.093969826 1002.1684657568303
16.099618312 1002.1788604144028
16.12218953 1002.1902477843701
16.122306419 1002.2272279557183
16.134021691 1002.2272279557184
19.861285155 1002.3148401698119
19.861641491 1002.3174753835314
19.861730073 1002.3924496951644
19.862731 1002.464414745161
19.86300709 1002.5007295858569
19.863052462 1002.5106669801211
19.863415396 1002.5534126867411
19.863983262 1002.5902791955863
19.86954792 1002.6006738531588
21.220325839 1002.6153586908501
21.225719043 1002.6257533484229
21.254703601 1002.63714071839
23.527027762 1002.7384450577807
23.527380756 1002.7410802715002
23.527465963 1002.8160545831332
23.528469888 1002.8880196331298
23.528755553 1002.9243344738258
23.528802384 1002.9342718680899
23.529167538 1002.97701757471
23.52972672 1003.0138840835551
23.535987839 1003.0242787411277
23.557548082 1003.0356661110947
27.093111014 1003.1483578204526
27.093441076 1003.1509930341718
27.093522255 1003.2259673458049
27.094293678 1003.2259673458051
27.094511055 1003.2979323958015
27.094779395 1003.3342472364976
27.095158337 1003.3869303373816
27.096456656 1003.4237968462268
27.14018028 1003.4341915037993
30.535148851 1003.5468832131572
30.535276583 1003.5661554548086
30.535562278 1003.6244927385097
30.536582333 1003.6964577885063
30.536841354 1003.7327726292023
30.537237131 1003.7854557300865
30.561889859 1003.8197854674894
30.569827707 1003.8197854674896
33.915815962 1003.9324771768473
33.915934984 1003.9517494184985
33.91623303 1004.0100867021996
33.917156514 1004.0820517521962
33.91743494 1004.1183665928924
33.917821938 1004.1710496937766
37.193847489 1004.2837414031345
37.193968121 1004.3030136447859
37.194257886 1004.361350928487
37.195224097 1004.4333159784836
37.19547841 1004.4696308191795
37.196464612 1004.49793674413
37.209993927 1004.5184079276358
37.211740575 1004.521553098711
40.359684191 1004.6342448080687
40.35981965 1004.6535170497201
40.360481468 1004.703426394375
40.361104236 1004.7838193834178
40.362323598 1004.8484401490645
43.496423022 1004.9611318584222
43.496742072 1004.9637670721416
43.497033809 1004.9756358157807
43.497183725 1005.0303134447282
43.497774701 1005.1107064337713
43.498964948 1005.1753271994179
46.52722464 1005.2880189087754
46.527362587 1005.3072911504267
46.52802764 1005.3572004950817
46.528585554 1005.4375934841245
46.533981116 1005.4602602160061
46.535592784 1005.4638522305471
46.536234157 1005.4638522305473
46.538446671 1005.4970164628861
46.54435684 1005.4977215846196
48.009360855 1005.4977215846199
49.457914965 1005.499332354657
49.458031432 1005.5727666515339
49.4581219 1005.6130485076968
49.458394257 1005.6249172513361
49.458675596 1005.6296855356287
49.461257278 1005.6706440134232
49.463158834 1005.7209813318399
49.46400098 1005.7505047472699
49.464417509 1005.782654601208
49.468690968 1005.8194108480881
52.332726036 1005.9513747990972
52.335985775 1005.9923332768914
52.337824109 1006.0426705953081
52.338632066 1006.0721940107381
52.339034105 1006.1043438646765
52.340615429 1006.1079358792175
52.34888674 1006.1354674657001
52.353137072 1006.1362056814843
52.3552157 1006.1380947113072
55.131923189 1006.2507864206649
55.13206388 1006.2700586623163
55.133241513 1006.301872644951
55.133449665 1006.3087656195895
55.133545577 1006.3458091379101
55.133750201 1006.3820349741662
55.133925217 1006.400360996014
55.138261593 1006.4230277278956
55.139761934 1006.4266197424369
55.15102034 1006.4493378223225
55.152142728 1006.4541513289192
55.152267246 1006.4548895447034
55.192559368 1006.4548895447035
57.878917888 1006.5675812540611
57.879040017 1006.5868534957125
57.881834935 1006.6186674783472
57.882001496 1006.6255604529857
57.882093705 1006.6626039713061
57.882319468 1006.6988298075624
57.882501859 1006.7171558294102
57.886553617 1006.7398225612918
57.887969716 1006.7434145758331
57.897768504 1006.7661326557187
57.917061423 1006.7709461623153
57.975203379 1006.7709461623155
58.073433247 1006.7709461623156
60.499404316 1006.8836378716733
60.499944534 1006.8981418290318
60.500200104 1006.9029101133247
60.500667559 1006.9347240959594
60.500839399 1006.9416170705977
60.500933265 1006.9786605889183
60.501158318 1007.0148864251746
60.501353261 1007.0332124470224
60.505411355 1007.055879178904
60.516348178 1007.0821892733306
60.696290106 1007.0821892733309
62.987659956 1007.1948809826885
62.987791902 1007.2141532243398
62.990680658 1007.2459672069746
62.990847291 1007.2528601816131
62.990935286 1007.2899036999335
62.991130951 1007.3261295361898
62.99129766 1007.3444555580376
62.995247585 1007.3671222899192
62.996629579 1007.3707143044602
62.997214621 1007.3707143044604
63.011227215 1007.3934323843458
63.041718503 1007.393432384346
63.127398728 1007.3934323843462
65.383357228 1007.5061240937038
65.383474925 1007.5253963353551
65.38460844 1007.5572103179896
65.384875126 1007.6011468109488
65.385095935 1007.6373726472051
65.385270915 1007.6556986690529
65.389243624 1007.6783654009342
65.390615417 1007.6819574154755
65.435818382 1007.6819574154756
65.951846332 1007.6819574154757
66.041573659 1007.6819574154758
67.704644395 1007.7946491248333
67.705193881 1007.8091530821921
67.705848111 1007.8457353491194
67.70609412 1007.8896718420783
67.706319455 1007.9258976783346
67.706481647 1007.9442237001824
67.710285656 1007.966890432064
67.74302323 1007.9668904320642
69.938880127 1008.079582141422
69.939446423 1008.0940860987805
69.940072385 1008.1306683657078
69.940335662 1008.174604858667
69.940547131 1008.2108306949231
69.94070687 1008.2291567167708
70.095841997 1008.229156716771
70.244103012 1008.2291567167711
72.095292322 1008.2307674868082
72.095641094 1008.2963764767842
72.095668742 1008.3336862716417
72.095774926 1008.3563523834873
72.100563099 1008.4183383878321
72.106211318 1008.4240579962147
72.108116643 1008.4716047208633
72.288144928 1008.4716047208635
74.173824752 1008.4732154909007
74.174122943 1008.5388244808767
74.17414922 1008.5761342757344
74.174253444 1008.59880038758
74.178675275 1008.6607863919248
74.183644359 1008.6665060003072
74.18495348 1008.714052724956
76.202160532 1008.7156634949931
76.202503138 1008.7812724849691
76.202531165 1008.8185822798268
76.20264395 1008.8412483916723
76.207022752 1008.9032343960173
76.212353292 1008.9050608873463
76.268804329 1008.9050608873465
78.198400017 1008.9066716573836
78.198731885 1008.9722806473596
78.198759624 1009.0095904422174
78.198867059 1009.0322565540628
78.205494658 1009.0362770144905
78.205760224 1009.0942425584078
78.716971365 1009.094242558408
80.096702101 1009.0958533284452
80.096979913 1009.1614623184212
80.097005025 1009.1987721132789
80.09711034 1009.2214382251243
80.103735087 1009.2254586855518
80.104061232 1009.2475156273879
80.115413027 1009.2521269299964
80.121520053 1009.2805607045607
81.931628966 1009.2821714745978
81.931920705 1009.3477804645738
81.931947281 1009.3850902594315
81.932037613 1009.407756371277
81.938363963 1009.4117768317044
81.941377576 1009.4317283193795
81.950755861 1009.438445076149
82.512682133 1009.4384450761493
83.744364577 1009.5056648361624
83.744485708 1009.5656407428655
83.764053232 1009.569661203293
83.800818433 1009.5696612032932
85.456933532 1009.6368809633063
85.457041668 1009.6968568700095
85.552112357 1009.6968568700097
87.104271648 1009.7342151365863
87.110179638 1009.802999241637
87.111278372 1009.8173596828606
87.545590867 1009.8173596828608
88.708476384 1009.8845794428739
88.708949682 1009.884579442874
88.714975411 1009.9235020544879
88.71536051 1009.923502054488
88.722013958 1009.9297302039835
88.724806926 1009.9316831705123
88.729088142 1009.9316831705124
89.496207335 1009.9316831705125
90.256789142 1009.9989029305256
90.26315141 1010.0378255421396
90.269388308 1010.0440536916351
91.071112109 1010.0440536916352
91.742481662 1010.1501960632625
93.154929719 1010.2349807434991
93.157888948 1010.2403938372074
94.531510775 1010.2931785085173
94.534639757 1010.295128925226
94.536732924 1010.3251785174441
95.85972482 1010.3799136054627
96.240935127 1010.3799136054629
97.125635881 1010.4132439816351
98.278309274 1010.4132439816352
98.340998554 1010.4465743578074
98.665318575 1010.4465743578075
