0.00036106 999.0498580030028
0.000563268 999.1550704485828
0.000951189 999.1692671994024
0.001006038 999.2168516802201
0.00404061 999.334797670869
0.004093955 999.3494807461125
0.008601123 999.3587297593788
0.029324446 999.4000440766549
0.039158 999.5542590427233
0.079187221 999.6110639952658
0.079428924 999.6252607460854
0.079532757 999.6706673545764
0.080277754 999.6728452269031
0.081756661 999.7907912175519
0.08180144 999.8054742927955
0.085476966 999.8147233060618
0.102257589 999.8560376233379
0.123154739 999.8634638325182
0.244689591 999.8691172255626
0.352967098 1000.0181251256192
0.473833308 1000.0206113335821
0.776308937 1000.0264058408904
0.897643593 1000.028849496071
0.957056269 1000.0309315417453
1.076957029 1000.0315071427092
1.1378772289999999 1000.0315071427094
1.317388634 1000.034221721817
1.5584038310000001 1000.0355930315545
2.094713408 1000.0460896937591
2.15498626 1000.051458092584
2.274079814 1000.057562045942
2.571486519 1000.0703122161453
2.9327064419999997 1000.0806311142576
2.990785452 1000.082401943781
3.226288603 1000.0970850190245
3.28601124 1000.0970850190247
3.463681755 1000.0996857332896
3.703318843 1000.105687813428
3.765616901 1000.1056878134282
3.825801501 1000.106334032291
4.060452917 1000.1476483495668
4.121301481 1000.1476483495669
4.179727145 1000.1550745587472
4.270255203 1000.2747103759011
4.270353825 1000.3799228214809
4.270722558 1000.4395261807915
4.273011564 1000.5596500437671
4.273057012 1000.5743331190106
4.276692057 1000.5835821322769
4.27754453 1000.5835821322771
4.293199762 1000.624896449553
4.314064479 1000.6323226587333
4.543976904 1000.6350372378408
5.008273587 1000.6364085475784
5.103512984 1000.6394790006027
5.12420701 1000.646905209783
5.239874883 1000.6522736086079
5.567261594 1000.663701522989
5.797430092 1000.6740204211012
5.818517581 1000.6814466302815
5.933156242 1000.6832174598051
6.370866836 1000.6904743258681
6.391840363 1000.6979005350486
6.851955588 1000.7005012493134
7.541853279 1000.7071495483149
8.004343346 1000.7484638655907
8.119126466 1000.7484638655908
8.308465677 1000.9429265723261
8.308895698 1001.0623357687257
8.309011924 1001.1077423772167
8.311263675 1001.2278662401923
8.31218281 1001.2425493154358
8.315690275 1001.2517983287021
8.351609468 1001.3005388551585
12.240983234 1001.5437420883501
12.241334109 1001.6631512847497
12.241446248 1001.7085578932405
12.244179549 1001.7441411818637
12.244448412 1001.828681756216
12.244490964 1001.8433648314596
12.254684828 1001.8459655457244
12.255496962 1001.8459655457247
12.292347361 1001.8526138447259
13.570564449 1001.852613844726
16.084628408 1002.0958170779176
16.084993721 1002.2152262743172
16.085105061 1002.2606328828082
16.087874939 1002.2962161714312
16.089745585 1002.3325765238195
16.098007953 1002.3980405352921
17.376883618 1002.3980405352922
19.809525463 1002.6412437684837
19.809900342 1002.7606529648833
19.810010808 1002.8060595733743
19.812724032 1002.8416428619973
19.814557392 1002.8780032143857
19.825176533 1002.9434672258583
19.927998868 1002.9434672258585
23.437157076 1003.18667045905
23.437544974 1003.3060796554496
23.437658924 1003.3514862639404
23.440302819 1003.3870695525636
23.442289889 1003.3887601371341
23.443026395 1003.3887601371343
23.462543827 1003.4207153258444
23.468023619 1003.440666275719
23.47379656 1003.4698392973928
26.962080896 1003.7130425305843
26.962485746 1003.8324517269839
26.96259948 1003.8778583354747
26.965385237 1003.8987781023868
26.967275899 1003.9151322086684
26.98664282 1003.9470873973787
26.992028345 1003.9670383472533
28.723775768 1003.9670383472535
30.407191639 1004.210241580445
30.407531132 1004.3296507768446
30.407642925 1004.3750573853354
30.410314223 1004.3959771522475
30.412225181 1004.4123312585291
30.431231271 1004.4442864472394
33.743236832 1004.6874896804309
33.743604663 1004.8068988768305
33.746027359 1004.8077697562985
33.74624527 1004.8456722068429
33.746470802 1004.8732252522336
33.76617328 1004.8753847328339
37.005610712 1005.1185879660254
37.006397078 1005.1185879660256
37.007082673 1005.1507108331912
37.007996289 1005.1828026306332
37.008483042 1005.2099723698402
37.008701547 1005.3043235378279
37.145770931 1005.3043235378282
40.160332039 1005.5475267710196
40.161805892 1005.5796496381854
40.162741232 1005.6117414356274
40.163220894 1005.6389111748344
40.163466079 1005.721061929803
41.910403099 1005.7210619298032
43.231250571 1005.9642651629947
43.232673238 1005.9963880301602
43.234615057 1006.0485472183686
43.235296615 1006.0485472183688
43.235980786 1006.1247184627302
46.2235809 1006.367921695922
46.22500142 1006.4000445630875
46.225735219 1006.4000445630876
46.226962883 1006.4522037512959
46.227646548 1006.452203751296
46.228725004 1006.4792624121568
46.238051625 1006.485510658993
46.256460749 1006.5082701150897
49.144852571 1006.7514733482811
49.145693481 1006.7514733482814
49.146335417 1006.7835962154469
49.148254448 1006.8357554036553
49.148903481 1006.8357554036554
49.160441512 1006.8690623113524
49.180910451 1006.8690623113525
49.280679792 1006.8690623113526
51.96967799 1007.1122655445442
51.971059435 1007.1443884117098
51.972948981 1007.1965475999182
51.983630021 1007.1965475999184
51.987614499 1007.2073556024606
52.028579383 1007.2073556024608
54.73479591 1007.4505588356523
54.735532289 1007.4505588356525
54.737898984 1007.5348408910262
54.74970366 1007.5348408910264
57.417222328 1007.7780441242181
57.428172394 1007.7910587205821
57.433313248 1007.8309997025004
57.439918617000004 1007.8552445518982
57.452017212 1007.8552445518984
60.003971506 1008.0984477850899
60.00803517 1008.1108316513836
60.008595089 1008.1436476869079
60.019690857 1008.1514033633722
60.093414927 1008.1514033633724
62.567857826 1008.3946065965639
62.571784337 1008.4069904628574
62.572357513 1008.4398064983819
62.596508546 1008.4458985590776
65.110601401 1008.6891017922693
65.120633859 1008.702116388633
65.121178243 1008.7021163886332
65.137095374 1008.7191671879517
65.141652219 1008.7343016940873
67.537791955 1008.9775049272788
67.547739036 1008.9905195236428
67.558618998 1009.0075703229612
68.243815794 1009.0075703229614
69.803901255 1009.2507735561529
69.81351732 1009.2637881525169
69.966926131 1009.263788152517
70.573835298 1009.2637881525171
71.939420972 1009.5069913857087
71.948825221 1009.5200059820725
72.097899707 1009.5200059820727
74.016493903 1009.7632092152642
75.042827003 1009.7632092152644
76.020743373 1009.8287837054206
76.020858864 1009.9574699248994
76.020926026 1009.9913403589819
76.021313857 1010.0064124484559
76.327748597 1010.0064124484561
77.958863376 1010.018820095188
77.959290667 1010.12335623886
77.959474077 1010.21153466036
77.959710834 1010.244250254465
78.517027218 1010.2442502544652
79.84379738 1010.3611940448691
79.844013863 1010.4493724663691
80.001977691 1010.4493724663693
81.667768156 1010.4497963289463
81.667911711 1010.4504066623251
81.667960315 1010.5752780376181
81.66855737 1010.6025882393623
81.671391342 1010.6387873123851
81.68460209 1010.6387873123854
83.104868439 1010.6387873123855
83.440665051 1010.6392111749627
83.440786109 1010.6398215083414
83.440832085 1010.7646928836343
83.441407776 1010.7920030853785
83.446314974 1010.8148599536904
83.460447493 1010.8148599536905
85.155594568 1010.8158941496465
85.155669225 1010.9407655249395
85.161588449 1010.9541738955231
85.161887346 1010.9619920264761
85.17389711 1010.9619920264762
86.808669935 1010.9630262224321
86.808786389 1011.087897597725
86.82232771299999 1011.0991982970461
86.822810074 1011.1013059683088
86.890880417 1011.101305968309
88.409070923 1011.102340164265
88.409137895 1011.2272115395577
88.421144849 1011.238512238879
89.945074647 1011.239546434835
89.94515332 1011.364417810128
89.945356546 1011.3785505181444
91.412901253 1011.3872203212371
91.415743368 1011.3931797043498
91.415820168 1011.4202876417477
91.416001861 1011.4503263008652
91.416075615 1011.5044560893933
92.828090839 1011.5812315814084
92.835947921 1011.5852195859501
94.215563436 1011.6073292421455
95.227084635 1011.6073292421457
95.535497558 1011.6294388983412
96.072969842 1011.6294388983413
