0.000367819 1001.0827313919912
0.000522768 1001.0982522624395
0.000596984 1001.1012555289665
0.000840315 1001.1807132166534
0.001562441 1001.2236593334886
0.078532711 1001.4283487335606
0.078599696 1001.4438696040089
0.078645904 1001.4468728705359
0.078802416 1001.5263305582229
0.139578902 1001.5291741379647
0.14009831 1001.5721202547999
0.31079222 1001.5740924839769
0.321717036 1001.574092483977
0.382667469 1001.5740924839771
0.503790761 1001.57870622623
0.563891434 1001.5787062262301
0.745425033 1001.5798647219466
0.804536203 1001.5798647219467
1.028949072 1001.581875203615
1.0395541640000001 1001.5818752036151
1.157155548 1001.5818752036153
1.218179932 1001.5906577413309
1.3863966300000001 1001.5918174001606
1.44678737 1001.5918174001607
1.457110443 1001.5918174001608
1.575918797 1001.5953278325969
1.635074747 1001.595327832597
1.812596086 1001.5970979264232
1.872712125 1001.5970979264233
1.932123667 1001.6043458957954
2.216428413 1001.6059343159029
2.284852252 1001.605934315903
2.452288593 1001.6073382706089
2.463081019 1001.607338270609
2.754770276 1001.6099056545274
2.859982933 1001.6103415371359
2.869995724 1001.610341537136
3.041688272 1001.6114120114505
3.100523889 1001.6114120114506
3.219295934 1001.6222724202452
3.396513179 1001.6222724202453
3.455987538 1001.6361689410594
3.573768401 1001.6428501193586
3.633786224 1001.6434894151043
3.753399575 1001.6541057332772
3.810953906 1001.6541057332773
3.870087122 1001.689799224823
4.223041988 1001.9793176831142
4.223116525 1001.9948385535625
4.223167887 1001.9978418200895
4.223342799 1002.0772995077765
4.223846194 1002.1202456246117
8.260260926 1002.2113642294145
8.260513311 1002.2580636578396
8.261745823 1002.3522118311205
8.261792222 1002.4211730109171
8.261861097 1002.5082423931952
8.282551847 1002.5221389140095
8.292245351 1002.5400757062273
8.741670398 1002.5400757062274
12.193069964 1002.6562543319446
12.194460531 1002.7826582309091
12.194507048 1002.8516194107058
12.194576514 1002.9386887929838
12.243512957 1002.938688792984
13.033326091 1002.9386887929841
16.037172653 1003.04042371596
16.03740884 1003.0871231443849
16.038637909 1003.1812713176658
16.038685756 1003.2502324974625
16.038759298 1003.3373018797406
19.757879579 1003.453480505458
19.758671753 1003.4534805054581
19.760406321 1003.4705315574853
19.760557026 1003.6195409303359
19.761897867 1003.6353898478984
19.773007331 1003.6360881088232
19.776630151 1003.6392263842074
19.7768817 1003.6602371828384
19.777035278 1003.7235482007794
19.801848486 1003.7250545577025
23.403930166 1003.84123318342
23.406395636 1003.8582842354472
23.40654432 1004.0072936082978
23.407888959 1004.0231425258604
23.418902536 1004.0238407867852
23.421548239 1004.0269790621694
23.421806722 1004.0479898608003
23.421968896 1004.1113008787414
26.950761217 1004.2130358017172
26.95326691 1004.244530556486
26.953418122 1004.3935399293366
26.955557747 1004.4093888468992
26.965517851 1004.4100871078239
26.975533259 1004.453766083025
26.97568522 1004.484739471676
29.585194833 1004.4847394716761
30.403034461 1004.5864743946519
30.405382256 1004.6179691494207
30.405530369 1004.7669785222713
30.406878293 1004.7828274398338
30.41739952 1004.7835257007586
30.423462908 1004.7955438627563
30.439248831 1004.8272046759597
32.980069721 1004.8272046759598
33.770304097 1004.9433833016772
33.772681988 1004.9604343537044
33.772829089 1005.109443726555
33.774134697 1005.1252926441175
33.784571638 1005.1259909050424
33.790664646 1005.1380090670401
36.285491919 1005.1380090670402
37.052545222 1005.2397439900159
37.054867692 1005.2712387447847
37.055017818 1005.4202481176353
37.066393819 1005.4367952961226
37.08082221 1005.4382572782229
37.670664339 1005.438257278223
39.904042159 1005.4382572782231
40.244259085 1005.5544359039403
40.246561843 1005.5714869559675
40.246714252 1005.7204963288183
40.257858478 1005.7370435073055
40.274828729 1005.7385054894058
42.321889586 1005.738505489406
43.359018214 1005.8546841151231
43.361260167 1005.8717351671503
43.361304968 1005.9388966215181
43.361416999 1006.0207445400009
43.364622678 1006.0372917184883
43.415504806 1006.0372917184884
43.890140527 1006.0372917184885
46.38910252 1006.1534703442057
46.391320391 1006.170521396233
46.391463278 1006.3195307690837
46.418996044 1006.3324528621245
46.552601931 1006.3324528621246
49.353744608 1006.4486314878417
49.355827869 1006.4656825398689
49.355960794 1006.6146919127196
49.518934736 1006.6146919127198
50.047854676 1006.6146919127199
52.210286096 1006.7308705384372
52.212416448 1006.7479215904644
52.212560673 1006.8969309633152
55.064497138 1007.0131095890325
55.067561646 1007.0979923961804
55.067688738 1007.1567225339345
55.074017581 1007.1660400194079
55.089777544 1007.1788424618934
55.770610602 1007.1788424618935
57.852252377 1007.2950210876108
57.855318423 1007.3799038947587
57.855434348 1007.4386340325128
57.861717465 1007.4479515179862
60.73913579 1007.5641301437036
60.742074333 1007.6490129508514
60.742182496 1007.7077430886055
60.772829277 1007.7077430886056
63.311931447 1007.823921714323
63.314910733 1007.9088045214709
63.314985913 1007.9198914680817
63.315041611 1007.967534659225
65.971446228 1007.9727522098327
65.972081727 1007.9727522098328
65.976388825 1008.0958608176486
65.979085433 1008.1058729406451
65.979726459 1008.1302480105261
65.979802557 1008.136445874305
65.979902064 1008.174827834362
65.979925987 1008.212377061307
68.557042175 1008.2175946119148
68.560597512 1008.2636901386514
68.561062163 1008.3407032197305
68.563072394 1008.3507153427271
68.564850636 1008.4124778404615
68.564914513 1008.4190646126435
68.565066464 1008.4204569965901
68.569468733 1008.427862829848
68.574118503 1008.457219463389
71.047308811 1008.4624370139967
71.047942911 1008.4624370139968
71.052051132 1008.475139688555
71.052632127 1008.4751396885551
71.052943769 1008.5146987970163
71.053691962 1008.5166135790888
71.054251189 1008.5166135790889
71.05452085 1008.595557744809
71.055073607 1008.5955577448091
71.055989337 1008.6573202425435
71.056047672 1008.6639070147254
71.05619324 1008.6652993986722
71.060451577 1008.67270523193
73.287500588 1008.6779227825376
73.288080809 1008.6779227825378
73.290911116 1008.690625457096
73.29148916 1008.6906254570961
73.291803332 1008.7301845655572
73.292544724 1008.7320993476297
73.293062658 1008.7320993476299
73.293312276 1008.81104351335
73.293846379 1008.8110435133501
73.294723152 1008.8728060110844
73.294778944 1008.8793927832663
73.29492986 1008.8807851672133
75.447844364 1008.8860027178209
75.448478516 1008.886002717821
75.451323264 1008.8987053923793
75.452173291 1008.9382645008405
75.452914195 1008.940179282913
75.453688189 1009.0191234486333
75.455145759 1009.0808859463677
75.455192638 1009.0874727185496
75.493811495 1009.0874727185497
75.5524139 1009.0874727185499
77.5761633 1009.0926902691575
77.579553982 1009.1053929437159
77.580419658 1009.144952052177
77.581139298 1009.1468668342496
77.581863622 1009.2258109999698
77.58516364 1009.260060143063
77.591604444 1009.2708660085533
77.598039745 1009.2716531614511
78.508625915 1009.2716531614512
79.514093002 1009.2768707120589
79.517323224 1009.2895733866172
79.518146938 1009.3291324950784
79.518842646 1009.331047277151
79.519598055 1009.4099914428712
79.52294482 1009.4442405859644
79.528877511 1009.4550464514547
79.664752854 1009.4550464514548
81.405079869 1009.4602640020626
81.409147195 1009.5125257850821
81.410688497 1009.5500614491554
81.413868972 1009.6276338759681
83.236868105 1009.6328514265758
83.237402679 1009.6328514265759
83.242158553 1009.6851132095953
83.243669713 1009.7226488736686
83.250886497 1009.770454837169
83.281355952 1009.7704548371692
85.022551142 1009.7756723877768
85.023104803 1009.7756723877769
85.026488719 1009.8279341707964
85.027959965 1009.8654698348697
85.041185465 1009.8779671243026
85.041319698 1009.8828084814371
85.042007834 1009.8979959545826
86.303426183 1009.8979959545827
86.730160995 1009.9032135051905
86.734215089 1009.9089758254382
86.734473088 1009.95547528821
86.735456822 1009.9930109522833
86.74660768 1010.0029432264317
86.746971997 1010.0055082417161
86.747104543 1010.0103495988507
86.750762928 1010.0243205773265
86.785868968 1010.0243205773266
88.038229772 1010.0243205773268
88.39119609 1010.0295381279343
88.391715474 1010.0295381279344
88.39622129 1010.081799910954
88.397591271 1010.1193355750272
88.409801252 1010.1292678491756
88.410453688 1010.1318328644601
88.410582062 1010.1366742215946
89.162823742 1010.1366742215947
89.825353591 1010.1366742215948
89.992757012 1010.1418917722024
89.993279541 1010.1418917722026
89.996602618 1010.1476540924504
89.996820889 1010.194153555222
90.001386569 1010.1992136436184
90.009360525 1010.2416214934437
90.859619395 1010.2416214934439
91.522725865 1010.2468390440515
91.526293368 1010.2991008270711
91.531123604 1010.3041609154673
91.552748505 1010.3041609154674
91.949549961 1010.3041609154675
92.985245195 1010.3093784660751
92.985743619 1010.3093784660753
92.988991393 1010.315140786323
92.989197462 1010.3616402490948
93.271010553 1010.3616402490949
94.407769099 1010.3668577997024
94.408243499 1010.3668577997025
94.412560192 1010.3685524347536
94.415866431 1010.4043885199674
94.416277024 1010.4043885199675
94.826463638 1010.4043885199676
95.793385903 1010.4096060705753
95.797410069 1010.4113007056263
95.79783996 1010.4113007056264
96.666806654 1010.4113007056266
97.1230073 1010.4165182562342
97.13385596 1010.4182128912853
97.159915698 1010.4182128912854
98.375915871 1010.4234304418931
98.44594941 1010.4234304418932
98.810384833 1010.4234304418933
