0.000366562 999.6819591927748
0.000470065 999.6835794435298
0.000501094 999.8778871230194
0.000684045 999.983984815371
0.000717697 1000.0089030887503
0.0009167 1000.0311827312829
0.001206616 1000.0975083455186
0.002410987 1000.1232826019744
0.004148771 1000.2152699173054
0.004311693 1000.4190958478322
0.080239942 1000.459080534884
0.081100408 1000.4848547913399
0.082467162 1000.5768421066708
0.082614791 1000.7806680371976
0.203022546 1000.7806680371978
0.263073654 1000.7838802915502
0.324357899 1000.7838802915503
0.384620627 1000.7859610127789
0.445753344 1000.785961012779
0.507441879 1000.788888462995
0.628584492 1000.7890592124949
0.641640806 1000.7890592124951
0.748662043 1000.7920032852436
0.80961228 1000.7989375157741
0.930213365 1000.7998759987896
1.05091225 1000.8019512002824
1.064059431 1000.8019512002826
1.289409296 1000.8051831865091
1.468444808 1000.8051831865092
1.529698855 1000.8068851288234
1.5896403590000001 1000.8100734851354
1.649361462 1000.8100734851355
1.709408 1000.811109894101
1.722331344 1000.8111098941013
1.946599928 1000.8165882221516
2.184431739 1000.816906341165
2.243551249 1000.8169063411651
2.302773229 1000.8255467134082
2.3628594290000002 1000.8334846535066
2.478863761 1000.8342491599141
2.539797713 1000.8342491599143
2.598090404 1000.8345487790035
2.718080204 1000.847417174196
2.778977374 1000.8576565042201
2.839208457 1000.8576565042202
2.898058685 1000.8605530641545
3.015257867 1000.8640650994133
3.074112364 1000.8695957746637
3.132607846 1000.8695957746638
3.192498894 1000.8704714762235
3.20536614 1000.8704714762238
3.251580717 1000.8861965926646
3.264131775 1000.8861965926649
3.487697281 1000.9323882722393
3.607956313 1000.9471319084277
3.680807147 1000.9471319084279
3.8478268399999997 1000.9540986457653
3.907406756 1000.9670730855502
3.9672982279999998 1000.9670730855503
4.027071679 1001.0204141526784
4.263071312 1001.0599981136843
4.263112782 1001.0849163870639
4.2632634209999996 1001.1071960295963
4.264343086 1001.199295900288
4.265693795 1001.2912832156189
4.265832173 1001.4951091461458
4.6118993029999995 1001.5020758834831
4.728629038 1001.5020758834833
4.84452987 1001.5337065770856
6.673311546 1001.5554169506115
7.13149368 1001.5683913903962
7.2467748929999996 1001.5683913903963
7.361059562 1001.5683913903964
7.7044081030000005 1001.5683913903965
8.275964824 1001.6932014292474
8.276135202 1001.71548107178
8.277215235 1001.8075809424715
8.279829948 1001.8940899297522
8.279971826 1001.9691766283158
8.28109686 1002.0301119440787
8.291233 1002.1033941883293
8.335640382 1002.1033941883295
12.190305901 1002.1288189550519
12.190472506 1002.2349166474035
12.192406713 1002.2821145633154
12.193445149 1002.3742144340072
12.195879585 1002.4302815643841
12.195910529 1002.4607234212876
12.196042059 1002.5358101198512
12.85182591 1002.5704949331619
12.852572021 1002.570494933162
13.665845957 1002.5704949331622
15.99243441 1002.6306045131953
15.992905142 1002.6364931940186
15.99302176 1002.6592230093761
15.993157041 1002.6602614411283
15.993225656 1002.760889158789
15.993657554 1002.7839001214587
15.993889238 1002.8759999921504
15.99641044 1002.962508979431
15.997356925 1003.0375956779945
17.865948531 1003.0375956779947
19.715394359 1003.0801887028607
19.715665884 1003.087212761941
19.715865634 1003.1035939388511
19.71598076 1003.1263237542086
19.716111081 1003.127362185961
19.716177516 1003.2279899036215
19.716805711 1003.343100736983
19.720430153 1003.4204510304447
19.720854687 1003.4790528943169
19.721079499 1003.4889713063859
19.774559856 1003.4889713063861
21.787881966 1003.4889713063862
23.345141358 1003.5024182011699
23.345223082 1003.5091105404136
23.345376761 1003.5385883903324
23.345572733 1003.5549695672424
23.345684915 1003.5776993825999
23.34581256 1003.5787378143524
23.345884858 1003.6793655320129
23.346687237 1003.6876554480847
23.346744185 1003.7071770938179
23.34694062 1003.7567413383161
23.347481583 1003.7715317346915
23.355739618 1003.8558364713327
23.371852458 1003.927531962774
23.388115614 1003.933940557967
24.296674551 1003.9339405579672
25.455345366 1003.9339405579673
26.30635415 1003.9339405579674
26.873187861 1003.9473874527511
26.873277909 1003.9540797919948
26.873429315 1003.9835576419135
26.873624659 1003.9999388188236
26.873736962 1004.0226686341811
26.873865862 1004.0237070659335
26.874000419 1004.0964627734621
26.874181433 1004.100147830352
26.874736871 1004.1326246996658
26.874798092 1004.152146345399
26.874995543 1004.2017105898973
26.8755288 1004.2165009862726
26.885855218 1004.2334320039547
26.887506168 1004.2609279103145
26.893210677 1004.2745474639955
26.899702484 1004.3725012143551
27.831061716 1004.3725012143552
29.774354777 1004.3725012143553
30.327123522 1004.3859481091391
30.327244483 1004.3926404483826
30.327284478 1004.5387084867399
30.328538363 1004.6550616426606
30.338925257 1004.6719926603427
30.339978287 1004.7131081203835
30.340098623 1004.7585885530319
30.358657975 1004.7879541455264
31.218609607 1004.7879541455266
33.138719175 1004.7879541455267
33.686414704 1004.8014010403106
33.686515467 1004.8080933795541
33.686557125 1004.9541614179113
33.687779006 1005.070514573832
33.697998594 1005.0874455915141
33.699008722 1005.1285610515549
33.699732408 1005.128561051555
33.699835338 1005.1740414842035
36.94586009 1005.1874883789875
36.945974033 1005.1941807182312
36.946130798 1005.22365856815
36.946314138 1005.24003974506
36.946420102 1005.2627695604175
36.946651112 1005.3365636996986
36.947255998 1005.3381985437394
36.947373484 1005.3727256259023
36.947428968 1005.3922472716355
36.947606101 1005.4418115161337
36.954462596 1005.4531961696426
36.959561306 1005.501028836551
36.982342095 1005.5010288365511
40.121526595 1005.514475731335
40.121614064 1005.5211680705787
40.121793554 1005.5506459204975
40.121963826 1005.5670270974075
40.122079921 1005.589756912765
40.122285531 1005.663551052046
40.122838764 1005.6651858960869
40.122962366 1005.69971297825
40.123016769 1005.719234623983
40.123185243 1005.7687988684812
40.129870323 1005.7801835219901
40.132436896 1005.7801835219902
40.141794521 1005.802358761072
40.148673072 1005.8115180743717
40.149367007 1005.8157728198738
43.226641127 1005.8292197146576
43.226764677 1005.8359120539013
43.226916697 1005.8653899038203
43.227084171 1005.8817710807303
43.227205367 1005.9045008960878
43.227441276 1005.9782950353687
43.228014681 1005.9799298794097
43.228126722 1006.0144569615726
43.228182105 1006.0339786073058
43.228352564 1006.083542851804
43.234864065 1006.0949275053127
43.245601538 1006.1171027443946
43.251614322 1006.1262620576946
43.25495614 1006.1295951966873
46.26162878 1006.1430420914711
46.261765361 1006.1497344307148
46.261911686 1006.1792122806338
46.26208669 1006.1955934575439
46.262214639 1006.2183232729013
46.262429382 1006.2921174121822
46.262981479 1006.2937522562232
46.263088968 1006.3282793383861
46.263146972 1006.3478009841193
46.263314147 1006.3973652286176
46.269622929 1006.4087498821262
46.270308954 1006.4087498821265
46.280082589 1006.4309251212081
46.286655861 1006.4400844345081
49.174226353 1006.4535313292919
49.174357066 1006.4602236685356
49.174511554 1006.4897015184546
49.174684668 1006.5060826953646
49.174810046 1006.5288125107221
49.175039162 1006.6026066500029
49.175602446 1006.604241494044
49.175714464 1006.6387685762069
49.175768111 1006.6582902219401
49.175937414 1006.7078544664383
49.182246577 1006.719239119947
49.192664938 1006.7414143590289
49.20043562 1006.7505736723288
52.095857419 1006.7640205671125
52.095948596 1006.7707129063563
52.097853912 1006.8001907562752
52.098088256 1006.8393017485428
52.098304124 1006.9130958878236
52.098793124 1006.9147307318647
52.09890558 1006.9492578140275
52.098956394 1006.9687794597608
52.099228133 1006.983518072457
52.105114799 1007.0297283577677
52.115198927 1007.0519035968496
52.133338744 1007.0519035968497
52.154823299 1007.0519035968498
54.982595538 1007.0653504916337
54.982701866 1007.0720428308774
54.98285182 1007.1015206807962
54.983134186 1007.1406316730637
54.983823272 1007.2109408584223
54.983850982 1007.2160606563856
54.983960074 1007.2505877385485
54.984013304 1007.2701093842817
54.984328066 1007.2848479969779
54.990206443 1007.3310582822888
57.856567362 1007.3445051770728
57.856690512 1007.3511975163163
57.856834815 1007.3806753662353
57.857109459 1007.4197863585028
57.857776158 1007.4900955438612
57.857805943 1007.4952153418247
57.857911664 1007.5297424239876
57.857967642 1007.5492640697208
57.85828797 1007.564002682417
57.866394158 1007.6102129677278
57.965970336 1007.6102129677279
60.519908565 1007.6236598625118
60.5201298 1007.6598300516745
60.520390209 1007.6989410439418
60.521010603 1007.7692502293004
60.521132218 1007.8088971094268
60.521181577 1007.8284187551598
60.521488682 1007.843157367856
60.534496707 1007.8683997935698
60.535367751 1007.8705163867172
60.535693698 1007.8762206560397
60.548213272 1007.8786145222717
63.064365787 1007.8920614170556
63.064590708 1007.9282316062181
63.066893928 1007.9673425984856
63.067528398 1008.0376517838442
63.067642458 1008.0772986639704
63.06769611 1008.0968203097036
63.074210226 1008.1008000793672
63.076778582 1008.1057465310787
63.079993767 1008.1368013481136
63.080887111 1008.1389179412611
63.081506458 1008.1389179412612
65.488194026 1008.1523648360452
65.488403703 1008.1885350252077
65.488649617 1008.227646017475
65.489254714 1008.2979552028336
65.489372697 1008.33760208296
65.489426663 1008.3571237286932
65.495863168 1008.3611034983566
65.499089282 1008.366049950068
65.502272404 1008.397104767103
65.52240835 1008.3992213602505
67.821400691 1008.4126682550345
67.821602697 1008.448838444197
67.821876994 1008.4879494364645
67.822492665 1008.5582586218231
67.822604642 1008.5979055019493
67.822659455 1008.6174271476825
67.82894023 1008.6214069173459
67.831336808 1008.6263533690576
67.834471985 1008.6574081860925
70.051730897 1008.6708550808763
70.05196718 1008.707025270039
70.052202296 1008.7461362623063
70.052802404 1008.8164454476649
70.052965717 1008.8756139735243
70.059206549 1008.8795937431879
70.062163639 1008.8845401948994
71.479905216 1008.8845401948996
72.209888354 1008.8979870896834
72.210275428 1008.9068809572617
72.210302208 1008.9732682711134
72.210877201 1009.0435774564718
72.211532758 1009.0435774564719
72.211636829 1009.1027459823313
72.217222728 1009.1067257519948
72.2248607 1009.1067257519949
72.278576347 1009.106725751995
73.752226427 1009.1067257519951
74.326248658 1009.120172646779
74.326454289 1009.1563428359415
74.326696342 1009.195453828209
74.327443655 1009.324931539427
74.34099657 1009.3289113090905
76.359154118 1009.3423582038743
76.359529355 1009.3512520714526
76.359557401 1009.4176393853043
76.36043355300001 1009.4785617396637
76.360835151 1009.5471170965224
76.672712151 1009.5471170965225
78.353450621 1009.5605639913065
78.353830246 1009.5694578588848
78.353859268 1009.6358451727363
78.359445359 1009.6715702844049
78.359667594 1009.7028297766135
78.367622676 1009.7478832195866
78.374884717 1009.7478832195867
80.280550688 1009.7613301143707
80.280963384 1009.770223981949
80.281579469 1009.7934596993895
80.281689928 1009.8059298838679
80.28174361 1009.8111548803926
80.281849689 1009.831140616484
80.281898968 1009.8975336501602
80.286430862 1009.9035958996777
80.300754328 1009.9052672268643
80.302742483 1009.9434045318047
82.154971389 1009.9568514265887
82.155333862 1009.965745294167
82.1577396 1009.9889810116077
82.157845335 1010.0014511960861
82.157893803 1010.0066761926106
82.157998432 1010.0266619287023
82.158048422 1010.0930549623782
82.175036006 1010.0956351977375
82.176405783 1010.1007885390824
83.948515903 1010.1142354338664
83.949447113 1010.1463650188854
83.949552151 1010.1588352033638
83.949605394 1010.1640601998882
83.949696977 1010.18404593598
83.9497595 1010.2504389696559
83.96624793 1010.2530192050151
85.682628027 1010.2664660997991
85.683529276 1010.2726787937124
85.686012593 1010.3190640481034
85.687462544 1010.3212177597148
85.687985014 1010.3774723928977
85.694595864 1010.3822065235775
85.694892178 1010.3938013882488
85.700960356 1010.4026696355886
87.354142973 1010.4161165303726
87.355154825 1010.4841973877453
87.360558199 1010.4958198517845
87.367313632 1010.531856954151
87.367584756 1010.5434518188223
88.949295153 1010.5568987136063
88.952433267 1010.6094966619106
88.954367225 1010.6366020350182
88.968021863 1010.6381349631549
90.50028024 1010.6515818579389
90.501159113 1010.657794551852
90.501723014 1010.6577945518522
90.503517553 1010.7041798062432
90.505375266 1010.7312851793508
91.9895029 1010.7447320741348
91.990290619 1010.7509447680479
91.990845914 1010.7509447680482
91.993882701 1010.7794259242116
91.99599857 1010.7861313742324
92.001767158 1010.8226279752596
93.423998445 1010.8360748700435
93.42476197 1010.8422875639566
93.425279123 1010.8422875639568
93.428334795 1010.8707687201203
93.430408954 1010.877474170141
93.436616808 1010.8824037428759
94.811088374 1010.8958506376599
94.811830171 1010.9020633315731
94.815267684 1010.9305444877367
96.133872916 1010.9502040764338
96.134434263 1010.9502040764339
96.139583577 1010.9548710973393
96.140995064 1010.9608506381547
96.150734569 1010.9703882417876
96.783486595 1010.9703882417878
97.399706387 1010.990047830485
97.406899883 1011.0006943922057
97.476709553 1011.0006943922059
98.616583534 1011.0057097379907
98.618180254 1011.020353980903
98.977936539 1011.0203539809031
99.77590985 1011.0253693266881
99.777481099 1011.0355010845934
99.778656006 1011.0392160739206
100.618394609 1011.0392160739207
