0.000369244 998.418206784003
0.000504965 998.548677828268
0.000688862 998.6192506585653
0.000890326 998.6524467541516
0.001088424 998.7003696664079
0.004268516 998.8074372396657
0.079068755 998.8471483212691
0.079100783 998.977619365534
0.079215381 999.0481921958313
0.079349321 999.0813882914176
0.079481341 999.129311203674
0.081893848 999.2363787769317
0.203341084 999.2382587748991
0.204161501 999.2382587748994
0.445051746 999.2389904191411
0.445867772 999.2389904191413
0.565940215 999.2395229584531
0.566729075 999.2395229584533
0.686356242 999.2401657468964
0.687144878 999.2401657468967
0.948441779 999.2423977524542
0.987688246 999.2423977524543
1.166176887 999.2435618869467
1.22593959 999.2445193004784
1.284585487 999.2445193004785
1.460994864 999.2458147907907
1.461795601 999.2458147907909
1.7041337109999999 999.2501265796648
1.763842839 999.25433846207
1.764661191 999.2543384620702
2.00036605 999.2600841912086
2.001185177 999.2600841912088
2.119708237 999.2638601257628
2.1204838 999.2638601257629
2.238293653 999.2683900750571
2.297433603 999.2732456905579
2.298228592 999.273245690558
2.5345950889999997 999.2769668203956
2.535383461 999.2769668203957
2.59461718 999.2769668203958
2.770904682 999.2876183954443
2.831539064 999.2876183954444
3.007692915 999.2886690547923
3.008475544 999.2886690547924
3.067874712 999.2886690547925
3.245963978 999.2943353297151
3.366854632 999.3140866099803
3.4268586 999.3372593630849
3.661964077 999.3422170807306
3.783920361 999.3603614691583
3.784741019 999.3603614691584
3.844668468 999.3642076524934
3.8454559809999997 999.3642076524936
3.905070352 999.3680859946619
3.905886912 999.3680859946621
4.029548721 999.3803132638157
4.150154058 999.3803132638158
4.268375472 999.5209049315722
4.268409024 999.651375975837
4.268538278 999.7219488061344
4.268683424 999.7551449017208
4.268831068 999.803067813977
4.269666709 999.8030678139772
4.28285183 999.8901835925776
4.300177225 999.8979081180812
4.357384082 999.8979081180813
4.965872119 999.9150931048806
5.196217581 999.9150931048807
5.885585881 999.9171318819863
5.886378576 999.9171318819864
6.001784705 999.9210102241548
6.002569924 999.9210102241549
6.231489969 999.9332374933084
6.739418153 999.9370836766435
6.805941452 999.9370836766436
7.197216371 999.940962018812
7.207718008 999.9409620188121
7.778503259 999.9409620188122
8.289744 1000.1046557926422
8.289783121 1000.2351268369072
8.289917626 1000.3056996672045
8.290074251 1000.3388957627909
8.290228621 1000.3868186750472
8.293389956 1000.4938862483049
12.196391176 1000.6775318167923
12.19644986 1000.7160498816788
12.196488558 1000.7476316115719
12.196580507 1000.8785756913545
12.196732931 1000.9117717869409
12.196871264 1000.9596946991971
12.21851058 1001.02866608937
15.996704973 1001.2123116578573
15.996763258 1001.2508297227438
15.996801045 1001.2824114526369
15.996892953 1001.4133555324196
15.997040984 1001.446551628006
15.997217701 1001.467043640495
15.997983346 1001.4944745402622
16.028814112 1001.5098979044967
16.188209767 1001.5098979044968
19.700508757 1001.6935434729842
19.700566738 1001.7320615378707
19.700604948 1001.7636432677638
19.700699281 1001.8945873475463
19.700849089 1001.9277834431327
19.701032347 1001.9482754556219
19.712992024 1001.966320790594
19.73872817 1001.9708507398883
23.29966534 1002.1544963083757
23.29972336 1002.1930143732623
23.299761087 1002.2245961031554
23.299851218 1002.3555401829378
23.299998006 1002.3887362785242
23.300960966 1002.4092282910134
23.311821586 1002.4272736259854
23.385550331 1002.4272736259855
26.80463328 1002.6109191944729
26.804704262 1002.6494372593595
26.804757469 1002.6810189892526
26.804852672 1002.8119630690351
26.805815642 1002.8451591646217
26.805999168 1002.8656511771106
28.117463387 1002.8656511771107
30.219783403 1003.0492967455981
30.219853987 1003.0878148104846
30.219892049 1003.1193965403777
30.219982093 1003.2503406201604
30.220137066 1003.2835367157468
30.240256209 1003.2945927143767
31.290624451 1003.2945927143768
33.545178437 1003.3500133515804
33.545276977 1003.385507358438
33.546463309 1003.6360351342274
33.547084506 1003.6998659016347
34.562475107 1003.6998659016348
36.784266287 1003.8835114701221
36.784325043 1003.9220295350087
36.784362674 1003.9536112649018
36.784611232 1003.9969444477165
36.784773978 1004.0789015666783
36.785027551 1004.0798962306202
36.785251409 1004.0845553446844
36.792904093 1004.0856608040624
36.822236618 1004.0949985948407
37.826797633 1004.0949985948408
39.93355184 1004.1504192320443
39.933629478 1004.1859132389019
39.935216453 1004.2036288153678
39.937010308 1004.4472579579773
39.942157808 1004.4547593971248
39.942479621 1004.4807934972683
39.986782901 1004.4807934972685
40.074721623 1004.4807934972686
43.052868211 1004.664439065756
43.052928077 1004.7029571306425
43.052965439 1004.7345388605356
43.053218606 1004.7778720433503
43.05338267 1004.8598291623122
43.053621128 1004.8608238262541
46.048632972 1004.8646727355485
46.04904786 1004.8866567578383
46.049558362 1004.920244257419
46.04990287 1004.969454046781
46.051596195 1005.0301986574377
46.051845206 1005.0809100594083
46.051994955 1005.0912232329003
46.052333857 1005.2130831893907
46.06935844 1005.2248827754745
46.384058712 1005.2248827754746
46.690394138 1005.2248827754747
48.989513929 1005.2287316847692
48.989875117 1005.2507157070589
48.990236311 1005.2571215101543
48.990296067 1005.5663251953254
48.993096832 1005.5771421386113
49.026044504 1005.5771421386114
49.027538592 1005.5846435777589
52.109464197 1005.5884924870534
52.110091264 1005.6168823124385
52.110146901 1005.9260859976096
52.110904749 1005.9260859976097
52.118030017 1005.9271843435238
52.754615714 1005.9271843435239
54.820648556 1005.927184343524
54.960020308 1005.9310332528182
54.960656801 1005.9594230782036
54.960713764 1006.2686267633746
57.839061929 1006.272475672669
57.839870831 1006.2940019027673
57.842010687 1006.3746766043793
57.842081678 1006.4380015945584
57.842338788 1006.488712996529
57.842482288 1006.499026170021
57.846484281 1006.5004389636405
57.847841507 1006.5218846144281
57.848206337 1006.5660535010924
57.851274729 1006.5764921450767
57.855615446 1006.6098336003678
57.938312260000004 1006.6098336003679
60.437912421 1006.6136825096622
60.438650407 1006.6352087397605
60.440494834 1006.7158834413725
60.44056818 1006.7792084315514
60.440826883 1006.8299198335222
60.44097356 1006.8402330070143
60.444850799 1006.8416458006335
60.445478157 1006.8416458006336
60.446189917 1006.8630914514214
60.455622787 1006.8723633444813
60.460648007 1006.9340122741575
60.468670645 1006.9340122741576
60.602627168 1006.9340122741577
62.884683522 1006.937861183452
62.885379182 1006.9593874135503
62.887156199 1007.0400621151623
62.887221708 1007.1033871053413
62.887448841 1007.154098507312
62.887565382 1007.164411680804
62.8927181 1007.1658244744234
62.895407073 1007.1715959342076
62.901437545 1007.181690231676
62.901650779 1007.1965420182711
63.508555197 1007.1965420182712
65.27020104 1007.2003909275654
65.270918076 1007.2219171576637
65.272699512 1007.3025918592757
65.272768863 1007.3659168494548
65.273005916 1007.4166282514254
65.273128349 1007.4269414249175
65.278216798 1007.4283542185369
65.280935143 1007.4341256783212
65.286824539 1007.4442199757896
66.505775334 1007.4442199757897
67.565317081 1007.448068885084
67.56599694 1007.4695951151823
67.567739335 1007.5502698167943
67.567805771 1007.6135948069734
67.568034427 1007.664306208944
67.568170947 1007.674619382436
67.573122307 1007.6760321760553
67.596148448 1007.6760321760555
68.748881068 1007.6760321760556
69.789883116 1007.67988108535
69.791142374 1007.7014073154481
69.792210724 1007.7820820170601
69.792335738 1007.7880137542377
69.792414101 1007.8389434393625
69.792531489 1007.8961184092099
69.792648257 1007.906431582702
70.299855652 1007.9064315827021
71.924186739 1007.9318067220947
71.925832721 1008.0124814237067
71.925902988 1008.0758064138859
71.926150701 1008.1265178158565
71.930879655 1008.1320881729213
72.110103976 1008.1320881729214
73.987339925 1008.1375742679473
73.987399333 1008.238138013926
73.987516825 1008.2440697511034
73.987600622 1008.2949994362285
73.98771585 1008.3521744060757
74.840930683 1008.3521744060758
75.987369446 1008.3565862197275
75.987588157 1008.5093306396615
75.991965013 1008.5450979753622
75.994676294 1008.5640667625066
76.133606972 1008.5640667625067
77.919995423 1008.5991465329507
77.920567811 1008.638756723155
77.924357787 1008.7038502584687
77.924794075 1008.7569903317932
77.951952797 1008.7569903317933
78.193586776 1008.7569903317934
79.78933037 1008.7920701022372
79.789865267 1008.8316802924417
79.793136839 1008.8382711075276
79.79522882 1008.9154994068119
79.795356234 1008.9240853273989
79.796701162 1008.9417283824389
80.084391395 1008.941728382439
81.490439976 1008.9417283824391
81.600983916 1008.9417283824392
81.605385284 1008.9768081528831
81.605948605 1009.0164183430874
81.606485047 1009.0164183430875
81.611871908 1009.1002374574579
81.611990236 1009.1088233780446
81.61249895 1009.1088233780448
81.613322546 1009.1264664330848
83.109459658 1009.1264664330849
83.382467723 1009.1615462035289
83.382991013 1009.2011563937332
83.386744487 1009.2077472088193
83.389695388 1009.2678170318558
83.390851825 1009.3095284549132
83.399007363 1009.3109865535922
83.447210606 1009.3109865535923
83.594256196 1009.3109865535924
85.027112192 1009.3109865535926
85.11048234 1009.3856765142408
85.117868646 1009.4112310101394
85.118192468 1009.4694956286112
85.119557879 1009.4722475018533
85.123052159 1009.4780815491979
85.187258859 1009.4780815491981
85.352109323 1009.4780815491982
86.75501704 1009.5527715098465
86.7620631 1009.5783260057451
86.763092118 1009.608615575582
86.763699131 1009.639342497459
86.969469785 1009.6393424974591
88.358127483 1009.7140324581075
88.365260993 1009.7395869540061
88.366268291 1009.769876523843
88.368232677 1009.7698765238431
88.370510948 1009.7749992961816
88.370599295 1009.7813796391424
89.910829482 1009.7857914527942
89.911547646 1009.8560695997908
89.918435869 1009.8816240956894
89.919406218 1009.9119136655263
89.923406492 1009.9170364378649
89.946551896 1009.917036437865
89.965403194 1009.9170364378651
91.37942047 1009.921448251517
91.38010417 1009.9917263985133
91.380588866 1009.9917263985134
91.386822502 1010.0172808944121
91.387748687 1010.0475704642488
91.388167136 1010.047570464249
92.090712191 1010.0475704642491
92.782382718 1010.1222604248976
92.789496766 1010.147814920796
92.790045822 1010.1781044906331
94.142433418 1010.1825163042848
94.143155984 1010.2527944512814
94.149607887 1010.27834894718
94.374710945 1010.2783489471801
95.271849415 1010.2783489471802
95.463279401 1010.3530389078284
95.469684944 1010.3530389078286
95.470273322 1010.3719079137177
95.739518814 1010.3719079137178
96.709801324 1010.4465978743659
96.715985471 1010.4474316858046
97.374234631 1010.4474316858048
97.895326778 1010.5221216464531
98.812213138 1010.5221216464532
99.040942307 1010.5279060070992
99.041180293 1010.5951032881725
100.131208601 1010.5951032881726
