0.000361481 998.3456636873548
0.000484934 998.3597828428716
0.00055538 998.4163965350517
0.000643728 998.5948940493929
0.001799878 998.594894049393
0.002746085 998.6113282776798
0.003359154 998.6345503443589
0.004941011 998.6377576750822
0.008718382 998.6415500958558
0.009408337 998.6570989900081
0.010242173 998.6732417944124
0.011277052 998.6732417944125
0.013203157 998.795032629892
0.014222807 998.7950326298921
0.01665884 998.8254987975138
0.017064655 998.8622506659785
0.079756847 999.0096572768166
0.080519315 999.0096572768167
0.081205663 999.0260915051035
0.081695143 999.0493135717826
0.082972978 999.0525209025059
0.086572207 999.0718622174318
0.08984823 999.2097958573156
0.090652507 999.2097958573158
0.092553805 999.2402620249374
0.092893614 999.2770138934022
0.275534789 999.278390442786
0.33742232 999.2783904427861
0.398005521 999.2812976620046
0.640426899 999.2824553512534
0.761635741 999.2830398074409
0.820514157 999.2840642081169
0.940971004 999.2906292379528
1.301417655 999.2994698929541
1.540462622 999.3092855883467
1.599352105 999.3092855883468
1.781426771 999.314403357084
2.258089089 999.3247862458386
2.317610815 999.3247862458387
2.376063646 999.3267915225945
2.851530103 999.3386267115463
3.086683545 999.3440996798257
3.5601028230000002 999.3526764693389
3.619877347 999.352676469339
3.798596366 999.3862541488797
3.857548242 999.3988047288817
4.034446609 999.3988047288818
4.261808408 999.4119713662046
4.261857264 999.4260905217213
4.261908034 999.4827042139015
4.26206742 999.6097668373967
4.262493082 999.6511611651714
4.263487738 999.6776359565297
4.268062418 999.7078577747056
4.268630663 999.7234066688578
4.269271384 999.7395494732623
4.271563355 999.8613403087418
4.272330597 999.8613403087419
4.503729627 999.8633455854977
4.970960098 999.8986069233201
4.971272204 999.9353587917849
8.295743774 999.9678388630949
8.295822181 999.9819580186116
8.295875365 1000.0385717107918
8.29620719 1000.0703967291718
8.296397716 1000.1413733997641
8.296479167 1000.2070286620617
8.297930701 1000.2567255200987
8.299168559 1000.259932850822
8.302061848 1000.263725271596
8.302620549 1000.279274165748
8.3032582 1000.2954169701526
8.311932434 1000.3024672848672
8.312162648 1000.343189322589
8.339968507 1000.3710795460894
8.420316822 1000.4257845951454
12.235557682 1000.4967607284912
12.235617356 1000.510879884008
12.235671143 1000.5674935761881
12.23592468 1000.6384489475273
12.236189655 1000.6702952651605
12.2362681 1000.7359505274582
12.237242583 1000.7624253188162
12.238040824 1000.7624253188164
12.241813166 1000.7926471369923
12.242357798 1000.8081960311445
12.242998855 1000.8243388355489
12.251811804999999 1000.8313891502636
12.275563027 1000.8313891502637
13.008939162 1000.840547822569
13.009738706 1000.8405478225691
13.017578686 1000.8475981372836
13.017790314 1000.8883201750056
16.062118846 1000.9755052953714
16.062191804 1000.9896244508882
16.062244029 1001.0462381430683
16.062564342 1001.0780631614483
16.062753762 1001.1490398320407
16.062831695 1001.2146950943383
16.064587629 1001.2411698856964
16.068325061 1001.2713917038725
16.068874762 1001.2869405980244
16.069525504 1001.3030834024291
16.078132547 1001.3101337171438
16.262118671 1001.3101337171439
19.791226229 1001.3973188375097
19.791316985999998 1001.4114379930264
19.791373426 1001.4680516852067
19.791647659 1001.5390070565459
19.791967114 1001.54151652345
19.791995643 1001.6365086364767
19.793002342 1001.6629834278348
19.797414268 1001.6932052460107
19.797984705 1001.708754140163
19.79857485 1001.7248969445674
19.799335794 1001.7248969445675
19.808080802 1001.7262734939513
19.808323348000002 1001.7309228586062
20.688197554 1001.7309228586063
22.191324751 1001.7309228586064
23.420142081 1001.818107978972
23.42020554 1001.8322271344888
23.420260103 1001.8888408266689
23.420586816 1001.920665845049
23.420792282 1001.9539100564222
23.420831364 1001.9623056649123
23.420853178 1002.057297777939
23.422602635 1002.0837725692973
23.42676349 1002.1295432816253
24.080903433 1002.1295432816255
26.247886533 1002.1295432816256
26.947142913 1002.2167284019913
26.947200379999998 1002.2308475575081
26.947260051 1002.2874612496882
26.947511015 1002.3584166210275
26.947843953 1002.3609260879315
26.947870573 1002.4559182009582
26.948835478 1002.4823929923164
26.955372495 1002.4886383676987
26.985999635 1002.5122630258276
28.014276967 1002.5122630258277
29.729714869 1002.5122630258278
30.377634109 1002.5994481461935
30.377694646 1002.6135673017103
30.377748322 1002.6701809938905
30.37801149 1002.7411363652297
30.378330315 1002.7436458321338
30.378374965 1002.8249030124651
30.379366294 1002.8651127365188
30.38568521 1002.8713581119009
30.386360889 1002.871358111901
33.716690314 1002.9585432322671
33.716747613 1002.9726623877838
33.716798874 1003.0292760799639
33.718880578 1003.1002314513031
33.719174741 1003.1027409182071
33.719209779 1003.1839980985386
33.720034151 1003.2242078225921
33.742298345 1003.2304531979744
36.965871655 1003.3176383183402
36.965956996 1003.331757473857
36.966009418 1003.3883711660371
36.966257078 1003.4593265373763
36.966582098 1003.4618360042804
36.9666215 1003.5430931846118
36.967498129 1003.5833029086654
40.114295036 1003.6704880290314
40.114358886 1003.6846071845481
40.114408262 1003.7412208767282
40.114731413 1003.7730458951083
40.114933382 1003.8062901064814
40.114969941 1003.8146857149715
40.115002666 1003.8959428953028
40.13425334 1003.9129903855633
40.135142899 1003.9269354193545
40.149069999 1003.9269354193547
43.198880094 1004.0058529206565
43.198943869 1004.0282396952373
43.198995642 1004.0848533874175
43.19929693 1004.1166784057975
43.199543714 1004.1583182256608
43.199582735 1004.2395754059921
43.218018248999996 1004.2566228962525
43.261112928 1004.2566228962526
46.202437221 1004.3438080166185
46.202511381 1004.3579271721352
46.20256389 1004.4145408643154
46.202888529 1004.4463658826954
46.203110583 1004.4880057025586
46.203150855 1004.56926288289
46.244182147 1004.5863103731504
49.140490965 1004.6734954935163
49.140563574 1004.6876146490331
49.140613991 1004.7442283412132
49.140929745 1004.7760533595932
49.141152728 1004.8176931794565
49.141193913 1004.8989503597878
49.22208933 1004.8989503597879
51.975568257 1004.9778678610896
51.975621983 1005.0002546356704
51.975670298 1005.0568683278507
51.975963154 1005.0886933462307
51.976176261 1005.1303331660938
51.977690347 1005.1310198917946
51.981645862 1005.1547616927533
51.981698303 1005.2024452414928
51.999099144 1005.2095315777335
52.010164342 1005.2095315777336
54.560629377 1005.2095315777337
54.843924074 1005.2967166980995
54.843976943 1005.3108358536164
54.844038926 1005.3674495457965
54.844554935 1005.4409143840397
54.845274482 1005.4550562651384
54.845327023 1005.4830970616393
54.849958004 1005.5130264594387
57.501669264 1005.5130264594388
57.772491566 1005.524290073206
57.773272828 1005.7062026948605
57.773340603 1005.7408334294588
57.773530185 1005.7585511468435
57.77358369 1005.7865919433443
57.778489368 1005.8143239602484
57.778795134 1005.8165213411438
60.401088545 1005.827784954911
60.401915016 1006.0096975765655
60.402156065 1006.0620460285485
60.40222011 1006.0900868250494
60.426754604 1006.0936260448298
60.430275983 1006.118461333254
61.520001949 1006.1184613332541
63.00430721 1006.1297249470213
63.005072025 1006.3116375686758
63.006458343 1006.3639860206588
63.00651226 1006.3920268171597
63.035972144 1006.4033835326145
64.094760154 1006.4033835326146
65.662578407 1006.4823010339164
65.662630313 1006.5046878084972
65.662763421 1006.5393208103916
65.662864265 1006.5394745953056
65.66297763 1006.5931265190575
65.663301351 1006.6166999065149
65.664570698 1006.6354530646213
65.670356383 1006.6379383514394
65.677014956 1006.6489082200193
65.67902049 1006.6769490165202
66.643988692 1006.6769490165203
68.10818082 1006.778253292403
68.108336794 1006.8128862942973
68.110242839 1006.8130400792113
68.110494026 1006.8137100777566
68.110624561 1006.8381412354148
68.110660927 1006.8902653904206
68.112057787 1006.909018548527
68.11755524 1006.911503835345
68.123588488 1006.9146014953467
68.126197735 1006.9212867148092
68.133594912 1006.9309951028454
68.138240366 1006.9464560771572
69.667313376 1006.9464560771573
70.410077194 1006.9577196909245
70.411777263 1007.178525609164
70.417429269 1007.181010895982
70.423451324 1007.1841085559836
70.423983563 1007.1841085559837
70.425429666 1007.1907937754462
70.833991372 1007.1907937754463
72.58082872 1007.2920980513289
72.580977507 1007.3267310532233
72.581065804 1007.3268848381373
72.581191549 1007.3805367618892
72.581490433 1007.4041101493466
72.582615605 1007.422863307453
72.593686537 1007.4284462542727
72.684543943 1007.4284462542728
74.700635914 1007.6605157862795
74.713042175 1007.666098733099
74.787305364 1007.6660987330991
76.74832434 1007.8981682651058
76.919863299 1007.8981682651059
78.739473302 1008.1302377971127
80.623049518 1008.1999220148075
80.6241911 1008.2315420729954
80.630767065 1008.2336519428425
80.63138453 1008.2454296518334
80.631423886 1008.3181453563262
80.638631012 1008.3199807835556
80.63940641 1008.3489234154321
80.646858178 1008.3534765934795
81.275280807 1008.3534765934796
82.474003904 1008.4231608111744
82.475093122 1008.4547808693623
82.480943359 1008.4568907392094
82.481557231 1008.4686684482003
82.481592959 1008.5413841526931
82.488775937 1008.5432195799225
82.489530875 1008.572162211799
83.251312294 1008.5721622117991
84.263434755 1008.6418464294939
84.264523089 1008.6734664876817
84.270086496 1008.6755763575288
84.270701659 1008.6873540665198
84.270736736 1008.7600697710126
84.277693787 1008.761905198242
84.279275535 1008.768430551943
84.285209016 1008.7854785856994
84.58253919 1008.7854785856995
85.984989656 1008.8551628033943
85.989691479 1008.8799638341752
85.991601331 1008.8888927314292
85.99217895 1008.9006704404202
85.992213915 1008.973386144913
86.000193501 1008.9733861449131
86.00039846 1008.9817469258434
87.636455611 1009.0514311435381
87.640387201 1009.0762321743192
87.642325299 1009.0851610715731
87.642902312 1009.0969387805641
87.642937594 1009.169654485057
87.94837513 1009.1696544850571
89.24229551 1009.2393387027519
89.24679727 1009.2641397335329
89.24864295 1009.2730686307868
89.249071899 1009.285292279709
89.24922107 1009.3575620442707
90.803845926 1009.4272462619656
90.80763398 1009.4520472927467
90.81625662 1009.501639186704
90.882022679 1009.5016391867041
92.279717961 1009.5511603101957
92.283016282 1009.59612443518
92.288722213 1009.6286841923766
92.694413412 1009.6286841923767
93.701287475 1009.691007565722
93.706220642 1009.7231694408525
94.628433805 1009.7231694408526
95.075992603 1009.7854928141978
95.085860684 1009.7890829711253
95.08772657 1009.7900848381407
95.090180119 1009.8176546893283
95.203029119 1009.8176546893284
96.389504394 1009.8799780626736
96.398124213 1009.8835682196009
96.399175953 1009.8845700866165
97.260044519 1009.8845700866166
97.64279805 1009.9468934599619
97.651222074 1009.9504836168892
98.858728375 1009.9712381109993
98.861020564 1010.005205937106
98.86803671 1010.0128069902346
98.870068415 1010.0141107344698
