0.000364454 1001.4699537349912
0.000504089 1001.5887968795406
0.00076752 1001.6801807540506
0.006953718 1001.6808933217709
0.007790448 1001.7644993011578
0.049021908 1001.7689172443535
0.056252398 1001.90650224056
0.07971548 1001.944625317786
0.079884665 1002.036009192296
0.084695817 1002.0367217600162
0.085397225 1002.1203277394031
0.118595416 1002.1247456825988
0.124304266 1002.2623306788054
0.186632666 1002.2627537240803
0.427425852 1002.2635524751014
0.610103772 1002.2635524751015
0.732442639 1002.2665476088283
0.791946195 1002.2665476088284
0.851605629 1002.2737343939383
0.971998995 1002.2742537613982
1.1542664280000001 1002.2742537613983
1.336149096 1002.2748143922508
1.396384322 1002.274814392251
1.577219937 1002.276676813138
1.697934949 1002.2766768131381
1.817933623 1002.2782263755535
1.878986602 1002.2788346786735
2.000065006 1002.2788346786737
2.244330218 1002.2824743805004
2.363015741 1002.2851322561693
2.48098461 1002.2869829329119
2.599543102 1002.286982932912
2.778679069 1002.2890598176231
2.839299688 1002.2932773000856
2.9589436730000003 1002.2961461120832
3.439401669 1002.304905837891
3.557067938 1002.3112044809716
3.61513471 1002.3116149097366
3.676191465 1002.3152406209973
3.794547113 1002.3184023398347
3.911029713 1002.3235726073434
4.084948094 1002.3401900037411
4.277992223 1002.4158190101525
4.278054316 1002.5346621547019
4.278242313 1002.626046029212
4.283035099 1002.6267585969322
4.283685206 1002.7103645763192
4.74910483 1002.7119141387345
4.864126227 1002.7125224418546
5.096573795 1002.7125224418547
5.328972702 1002.7161621436815
5.560147323 1002.7188200193503
5.796224612 1002.720670696093
6.027186428 1002.7206706960931
6.376511517 1002.7269650632667
6.60529738 1002.7298338752643
7.30439604 1002.7448922441527
7.419820863 1002.7453026729177
7.770899685 1002.7520901030158
8.003046053 1002.7572603705244
8.046952752 1002.7572603705245
8.345176875 1002.8689760722788
8.345253522 1002.9090247497281
8.345458139 1003.0553438319082
8.345638805 1003.0766701928836
8.346277193 1003.0792030913383
8.351655039 1003.1103145676162
8.359779457 1003.1469042420476
9.597667626 1003.1691604697991
9.641389719 1003.1691604697992
12.282338598 1003.3011048079505
12.282408801 1003.4199479524999
12.282625461 1003.48747256758
12.282803318 1003.5087989285554
12.287265254 1003.5120443947302
12.288732155 1003.542443303288
12.303254565 1003.5738627102107
16.125072487 1003.7062174771271
16.125149248 1003.8250606216765
16.125368266 1003.8925852367565
16.125551827 1003.913911597732
16.130005474 1003.9171570639068
16.13146537 1003.9475559724646
16.665923972 1003.9543434025627
19.853451519 1004.0934855995772
19.85353344 1004.2123287441266
19.853759803 1004.2798533592066
19.853950887 1004.3011797201821
19.858317521 1004.3044251863569
19.861451454 1004.3245179751408
19.873829823 1004.3303155425031
19.873874094 1004.332973418172
19.902497461 1004.3348240949146
20.041512853 1004.3348240949147
23.471363161 1004.4739662919291
23.471442841 1004.5928094364784
23.471655002 1004.6603340515585
23.47183489 1004.6816604125339
23.476028908 1004.6849058787087
23.483262807 1004.6918743294559
23.490463769 1004.7025756157527
23.490763893 1004.7031362466054
23.490893711 1004.7107962348549
23.490932989 1004.7134541105238
26.434941403 1004.7134541105239
27.006243478 1004.8525963075382
27.00631402 1004.9714394520876
27.006707765 1005.060290428143
27.007541212 1005.0602904281433
27.011051871 1005.0635358943179
27.112227884 1005.0635358943181
30.455500767 1005.2026780913325
30.45578754 1005.2229373338265
30.457824918 1005.2367514806343
30.457901126 1005.2580423037911
30.457938385 1005.4103722119373
30.501505939 1005.4103722119374
32.306616526 1005.4103722119376
33.802922129 1005.4158676235605
33.803714572 1005.4643793173019
33.803746516 1005.5109623894756
33.804923093 1005.5225149262341
33.804966759 1005.579738403285
33.806142046 1005.5804329615817
33.810182737 1005.690211483584
33.811146172 1005.7093218091444
33.822767924 1005.7452282105955
33.831283328 1005.7572085295568
33.892695331 1005.7572085295569
37.048927856 1005.7627039411798
37.049566809 1005.8112156349212
37.049601831 1005.8577987070948
37.050621635 1005.8693512438534
37.05066684 1005.9265747209043
37.051834647 1005.9272692792009
37.055817325 1006.0370478012032
37.056772755 1006.0561581267636
37.068298757 1006.0920645282148
37.08080654 1006.0920645282149
38.194584659 1006.092064528215
40.209440395 1006.097559939838
40.210085493 1006.1460716335794
40.210115828 1006.1926547057531
40.21111171 1006.2042072425118
40.211156204 1006.2614307195627
40.212298375 1006.2621252778592
40.216158886 1006.3719037998615
40.217102798 1006.3910141254219
40.233668548 1006.3981475432322
43.300365133 1006.4036429548552
43.300996018 1006.4521546485967
43.301023869 1006.4987377207704
43.302006504 1006.5102902575288
43.303150771 1006.56667594112
43.306955558 1006.6779868148786
43.30788979 1006.697097140439
43.691194957 1006.6970971404392
46.305331767 1006.7025925520622
46.305901523 1006.7511042458036
46.305929373 1006.7976873179773
46.306897815 1006.8092398547358
46.307991692 1006.8656255383271
46.311775408 1006.9769364120857
46.315496483 1006.9819003252786
46.330262004 1006.9875475928287
46.345076931 1006.996046737646
49.247991252 1007.001542149269
49.248578132 1007.0500538430105
49.248606051 1007.096636915184
49.249554163 1007.1081894519426
49.25063477 1007.1645751355338
49.254290284 1007.2758860092924
49.273345861 1007.2758860092925
49.273396839 1007.2808499224853
49.275946435 1007.2853402373356
49.288303763 1007.2893205266118
49.819227804 1007.289320526612
52.082640295 1007.2948159382349
52.083251049 1007.3433276319763
52.083279219 1007.38991070415
52.084202081 1007.4014632409086
52.085259317 1007.4578489244998
52.088843633 1007.5691597982584
52.09226556 1007.5741237114513
52.111233268 1007.5786140263016
54.888671408 1007.5841094379246
54.889237 1007.632621131666
54.890602762 1007.6792042038396
54.892263124 1007.68267408647
54.892550814 1007.7434697337305
54.895996096 1007.858453297948
54.912950185 1007.8584532979481
54.913011467 1007.8634172111409
56.306796592 1007.863417211141
57.719877613 1007.868912622764
57.720481747 1007.9174243165055
57.720510574 1007.9640073886792
57.722184942 1007.9674772713095
57.722499082 1008.0282729185701
57.726478908 1008.1432564827876
58.223747444 1008.1432564827877
60.319115058 1008.1457886700157
60.319398975 1008.197263588152
60.319427273 1008.2438466603257
60.321090267 1008.2473165429561
60.321371237 1008.3081121902167
60.33581406 1008.3378096868801
60.338908873 1008.379592471478
60.344403201 1008.4031050690415
60.381088036 1008.4031050690417
62.779420924 1008.4056372562695
62.779683382 1008.4571121744061
62.779710582999996 1008.5036952465796
62.781265258 1008.5071651292101
62.781544424 1008.5679607764707
62.795556157 1008.5976582731341
62.79847849 1008.6394410577318
62.803215307 1008.6394410577319
63.778213521 1008.639441057732
65.155208099 1008.644936469355
65.155790078 1008.6934481630966
65.155819507 1008.7400312352703
65.157431682 1008.7435011179006
65.157744882 1008.8042967651612
65.17165027 1008.8339942618246
67.456285067 1008.8394896734476
67.456809727 1008.9345844393627
67.458265681 1008.9380543219929
67.45856434 1008.9988499692536
67.480908358 1008.9988499692537
67.482758445 1009.0020265963329
69.664550542 1009.002026596333
69.671633355 1009.007522007956
69.672140177 1009.1026167738711
69.673587978 1009.1060866565014
69.673881696 1009.166882303762
69.695296311 1009.1668823037621
71.793255401 1009.1668823037622
71.801770789 1009.1723777153851
71.802293089 1009.2674724813002
71.807091868 1009.2729981002161
71.80721835 1009.2905832783173
71.807449214 1009.3101501819723
71.81892825 1009.318627712153
71.819364916 1009.3260642177756
72.087731587 1009.3260642177758
73.867113634 1009.3285964050037
73.867343659 1009.4266543953138
73.86878961 1009.4301242779441
73.869129196 1009.456897870544
73.887168272 1009.4778096261666
75.656523585 1009.4778096261667
75.863171053 1009.4833050377897
75.8637129 1009.5783998037048
75.865170579 1009.581869686335
75.865525861 1009.6086432789352
75.868477384 1009.6210775043767
76.063629427 1009.6210775043769
77.798266127 1009.623609691605
77.798484287 1009.721667681915
77.799954908 1009.7251375645453
77.813203244 1009.7318322576973
77.814045701 1009.7328617429303
77.820567567 1009.7532398687976
79.13133226 1009.7532398687977
79.674635961 1009.7532398687978
79.681313406 1009.7557720560259
79.682126603 1009.8191137806406
79.682186079 1009.820947930691
79.682694607 1009.8209479306911
79.682893477 1009.8572999289662
79.695772943 1009.8639946221182
79.696606966 1009.8650241073511
80.979955568 1009.8650241073512
81.511158916 1009.8650241073514
81.515451331 1009.8675562945793
81.516276315 1009.930898019194
81.516326453 1009.9327321692446
81.516822766 1009.9327321692447
81.517024454 1009.9690841675198
81.529905919 1009.9757788606715
81.631601458 1009.9757788606718
83.301963549 1009.9783110478999
83.302817733 1010.043486922565
83.30329252 1010.0434869225651
83.303492648 1010.0798389208402
83.460119776 1010.0798389208403
84.997717601 1010.0823711080683
84.998570604 1010.1475469827336
85.020242934 1010.1747498693302
85.036619357 1010.1747498693303
85.894229202 1010.1747498693304
86.620293155 1010.1772820565584
86.621105189 1010.2424579312235
86.621525523 1010.2424579312236
86.712567295 1010.2424579312237
87.365398841 1010.2424579312238
88.201322795 1010.2449901184518
88.20174137 1010.2449901184519
88.202122783 1010.3101659931172
89.718105531 1010.3126981803451
89.718547591 1010.3126981803453
89.719096088 1010.3221127817217
89.721480834 1010.3363438257376
89.721632063 1010.3386610699957
89.725439517 1010.358781727384
90.590320411 1010.3587817273841
91.175385187 1010.3613139146121
91.175800099 1010.3613139146122
91.176315449 1010.3707285159886
91.178605206 1010.3849595600045
91.178771961 1010.3872768042627
91.189639389 1010.4015942158767
91.192432873 1010.4015942158769
92.032266274 1010.401594215877
92.581636723 1010.404126403105
92.582531482 1010.4135410044815
92.584845051 1010.4277720484974
92.584998204 1010.4300892927556
93.332426516 1010.4300892927557
93.981963385 1010.4326214799837
93.982834707 1010.44203608136
93.986313832 1010.4584989540342
94.158658585 1010.4584989540343
94.364029263 1010.4584989540344
94.854648496 1010.4584989540346
95.311431585 1010.4610311412623
95.312325234 1010.4704457426388
95.327087339 1010.4704867827519
95.328038602 1010.4713335526797
95.336277851 1010.4713335526798
95.602659333 1010.4713335526799
96.170911657 1010.47133355268
96.557462755 1010.4738657399079
96.558265844 1010.4832803412842
96.593905931 1010.4832803412843
96.798184516 1010.4832803412844
97.173906742 1010.4832803412845
97.702125951 1010.4832803412846
97.756742618 1010.4858125285126
97.763721273 1010.4922797332694
97.763934793 1010.4927686042254
98.03437311 1010.4927686042255
98.84901181 1010.4927686042256
98.898855029 1010.4953007914536
98.906079271 1010.5017679962102
98.906283817 1010.5022568671662
99.041332046 1010.5022568671665
99.998307061 1010.5047890543943
100.005167105 1010.511256259151
100.012044017 1010.5112562591511
100.020375926 1010.5112562591512
100.732519507 1010.5112562591513
