0.00036207 999.6825231623317
0.000484378 999.7303759974626
0.000558297 999.8105773405003
0.00060615 999.9277465807655
0.001037885 999.956314597
0.002370167 999.9793228946554
0.002755253 999.9954543581501
0.005583009 1000.136823648197
0.008098207 1000.1368236481973
0.022753633 1000.1634305233252
0.04342399 1000.311171535627
0.078626918 1000.3535032410899
0.078900264 1000.3820712573241
0.079712882 1000.3820712573242
0.079836511 1000.4050795549796
0.080134869 1000.4212110184743
0.082374865 1000.5625803085212
0.08439458 1000.5625803085214
0.096505608 1000.5891871836494
0.112221178 1000.7369281959511
0.294193743 1000.7386845655977
0.354335509 1000.7386845655979
0.41482736 1000.738684565598
0.47431859 1000.7386845655981
0.653471539 1000.7453780821183
1.478674883 1000.766220002361
1.539296975 1000.7662200023611
1.658601439 1000.7662200023613
1.720116255 1000.7687754956187
2.075084247 1000.7736605743135
2.250476764 1000.7773037380944
2.309776204 1000.7773037380945
2.3716014149999998 1000.7779850656461
2.432704042 1000.7779850656464
2.490742858 1000.779105242553
2.8428616289999997 1000.789360040794
3.019642565 1000.7893600407941
3.2034736329999998 1000.7968950997763
3.438856032 1000.8181626935996
3.561155442 1000.8384841131358
3.6228273680000003 1000.8414576737425
4.229416296 1000.862523052979
4.229477444 1000.9427243960167
4.229515485 1001.0598936362819
4.23032882 1001.0598936362821
4.230667952 1001.0884616525162
4.23077892 1001.1114699501718
4.231084232 1001.1276014136665
4.233290596 1001.2689707037134
4.23534614 1001.2689707037136
4.580603989 1001.2756642202339
5.043889322 1001.2965061404766
5.044704077 1001.2965061404768
5.512258211 1001.2990616337343
5.513064628 1001.2990616337345
5.743348191 1001.303946712429
5.860563272 1001.3075898762099
5.861354726 1001.3075898762102
6.092591812 1001.3082712037619
6.325333816 1001.3093913806686
6.441980743 1001.3093913806688
6.786149585 1001.3196461789096
6.786960412 1001.3196461789098
7.244887475 1001.3271812378921
7.477233997 1001.3484488317151
7.478009876 1001.3484488317154
7.709776333 1001.3687702512514
7.710595552 1001.3687702512516
7.825793823 1001.3717438118581
8.281044562 1001.4031668901423
8.28112918 1001.4436848060927
8.28115757 1001.5312210683107
8.281197584 1001.6483903085762
8.281528503 1001.6769583248104
8.282389811 1001.6769583248105
8.282501079 1001.6999666224658
8.282814232 1001.7160980859605
8.286133939 1001.7951149448181
8.286948831 1001.8574673760077
9.073458864 1001.8787349698307
9.131893005 1001.8787349698309
10.899887593999999 1001.8990563893669
11.304099498 1001.8990563893672
12.198377578 1001.9547206220811
12.198444437 1001.9952385380316
12.198496633 1002.199944040515
12.198823091 1002.2285120567492
12.199661287 1002.2285120567493
12.200065067 1002.2676518178994
12.214419205 1002.2720772268642
12.221267952 1002.3044916301551
12.22437791 1002.356923474998
12.224779291 1002.3644585339803
13.432034709 1002.3644585339805
14.740092772 1002.3772448945342
14.740515753 1002.3847799535165
15.395708229 1002.3847799535167
16.022631279 1002.4532305467844
16.022698782 1002.4937484627351
16.022727635 1002.5812847249531
16.022766507 1002.6984539652183
16.023086876 1002.7270219814527
16.025076423 1002.7661617426027
16.028806779 1002.8030015548584
16.029610099 1002.8030015548585
16.049167423 1002.834848854526
16.049544398 1002.8554333997013
16.068966431 1002.8629684586836
16.12270443 1002.8629684586838
16.582005078999998 1002.8629684586839
19.754187936 1002.938954110934
19.754283117 1002.9794720268847
19.754311554 1003.0670082891027
19.754350739 1003.1841775293678
19.754673469 1003.2127455456023
19.761426073 1003.288725119008
20.36921822 1003.2887251190081
23.37144886 1003.3647107712582
23.371535721 1003.4052286872088
23.371587588 1003.6099341896922
23.37190208 1003.6385022059264
23.379406767 1003.6475907864885
23.393562296 1003.7144817793321
25.985311554 1003.7144817793322
26.889332416 1003.7904674315823
26.88941675 1003.830985347533
26.889471547 1004.0356908500162
26.889805804 1004.0642588662504
26.890606908 1004.0642588662505
26.89738398 1004.0733474468125
26.914987007 1004.1070911917489
26.918076104 1004.1118009795314
26.976672131 1004.1118009795315
30.324914168 1004.1877866317816
30.32499873 1004.2283045477323
30.325049854 1004.4330100502154
30.325793507 1004.4330100502157
30.326110644 1004.4615780664498
30.332773793 1004.4706666470117
30.350453404 1004.5044103919481
32.351518936 1004.5044103919482
33.669448923 1004.5803960441983
33.669529973 1004.620913960149
33.669583031 1004.8256194626322
33.670333518 1004.8256194626324
33.670655578 1004.8541874788665
33.70520451 1004.8640534226541
36.917000637 1004.9400390749042
36.917082959 1004.9805569908549
36.91713892 1005.1852624933383
37.589953267 1005.1852624933384
40.064393789 1005.1944316921048
40.064475066 1005.2200386072301
40.064565922 1005.35638225578
40.064714405 1005.4258365794625
40.065025181 1005.4576732385095
40.07072113 1005.4600567288641
40.072179011 1005.5064715640225
43.159955671 1005.5156407627891
43.160058684 1005.5412476779144
43.160145107 1005.6775913264643
43.160292183 1005.7470456501466
43.160610994 1005.7788823091938
43.166240185 1005.7812657995484
43.168865651 1005.7867884227695
43.187929557 1005.8095739408628
43.230210263 1005.8095739408631
46.157550187 1005.8187431396294
46.15764183 1005.8443500547547
46.157710902 1005.9806937033046
46.15784832 1006.0501480269869
46.158150437 1006.0819846860342
46.163656961 1006.0843681763887
46.165436288 1006.0898907996099
49.07622758 1006.0990599983762
49.076315259 1006.1246669135015
49.076475196 1006.1478671941453
49.07653192 1006.3304648857339
49.076827235 1006.362301544781
49.082300975 1006.3646850351355
49.087292615 1006.3702076583567
51.911299711 1006.379376857123
51.911380314 1006.4049837722483
51.911538118 1006.4281840528921
51.911596019 1006.6107817444807
51.911889399 1006.6426184035278
51.917060686 1006.6450018938823
51.956176493 1006.6450018938825
54.649210608 1006.6541710926489
54.649311794 1006.6797780077742
54.649475338 1006.702978288418
54.649533456 1006.8855759800064
54.649842502 1006.9174126390536
54.66279612 1006.9197961294082
54.722295772 1006.9197961294084
57.309326389 1006.9289653281747
57.309430828 1006.9545722433
57.309605864 1006.9777725239438
57.309649972 1007.1603702155322
57.30995067 1007.1922068745793
57.335390683 1007.1922068745795
59.90334633 1007.2013760733458
59.903442594 1007.2269829884711
59.90534256 1007.2501832691149
59.905383621 1007.4327809607036
59.906397194 1007.4477982703776
59.906522287 1007.4493531723411
59.924093737 1007.4493531723414
62.474782554 1007.563166982644
62.475264139 1007.6297800494752
62.475446194 1007.7049445681397
62.475585157 1007.7064994701033
65.014077461 1007.7412755839949
65.014272007 1007.7644758646387
65.015979538 1007.9470735562271
65.027622885 1007.954079244572
65.061436547 1007.9540792445722
67.301630009 1007.9888553584639
67.301831435 1008.0120556391076
67.301876329 1008.1946533306963
69.511007726 1008.2579263129397
69.511054772 1008.2675698758673
69.51127297 1008.3064484038497
69.516903168 1008.3409038923791
69.517097105 1008.3764244717762
69.51761568 1008.3764244717763
69.517684974 1008.434240833668
69.51824566 1008.4342408336681
69.549288857 1008.4342408336682
69.54978911 1008.4342408336684
69.641630537 1008.4342408336685
71.639104692 1008.4975138159118
71.63916487 1008.5071573788393
71.639374134 1008.5460359068218
71.644970671 1008.5693691111576
71.645045168 1008.6160119747483
71.648136807 1008.6738283366401
71.767655572 1008.6738283366403
73.70130092 1008.7371013188838
73.701380622 1008.7467448818111
73.701593108 1008.7856234097937
73.707200594 1008.8089566141293
73.707278542 1008.8555994777203
73.713375035 1008.9119807307823
73.713882395 1008.9119807307824
73.944829657 1008.9119807307825
73.976371751 1008.9119807307826
75.700349919 1008.9752537130262
75.700405688 1008.9848972759537
75.700722237 1008.9874332249678
75.700938485 1008.9963533939526
75.701157146 1009.023775803936
75.707259184 1009.0937518718627
75.716856158 1009.0945806590781
75.72491427 1009.1501331249245
77.101119134 1009.1501331249247
77.6805465 1009.2639469352272
77.688920863 1009.3319042660045
77.689411273 1009.3319042660046
77.717097869 1009.3319042660047
77.815485892 1009.3319042660048
79.086530327 1009.3319042660049
79.562833004 1009.3951772482483
79.562873343 1009.4048208111758
79.563219158 1009.4073567601902
79.563437683 1009.416276929175
79.568950018 1009.4371023295048
79.569188033 1009.442940166816
79.569508756 1009.5136754070849
80.356553026 1009.513675407085
81.395885201 1009.5769483893284
81.395932572 1009.5865919522557
81.396264177 1009.5891279012703
81.396490613 1009.5980480702549
81.404153905 1009.6303395048831
81.410920842 1009.6649433555915
82.019230217 1009.6649433555916
83.040393403 1009.6649433555917
83.175760811 1009.7282163378353
83.175806975 1009.7378599007626
83.176132556 1009.740395849777
83.184344993 1009.7816074533899
83.271419118 1009.78160745339
84.870120241 1009.8954212636928
86.51236592 1009.9586942459364
86.512431872 1009.9683378088638
86.512751692 1009.9708737578782
86.520155451 1009.9845019326708
86.521913015 1009.9905408339498
86.526862101 1009.9905408339499
86.528470214 1010.0060997857908
86.551031939 1010.0060997857909
88.087905612 1010.0693727680344
88.087955389 1010.0790163309618
88.088274178 1010.0815522799762
88.095500452 1010.0951804547689
88.09723041 1010.1012193560479
88.10203045 1010.101219356048
88.211297635 1010.1012193560481
89.604263177 1010.1644923382917
89.604309103 1010.174135901219
89.608164409 1010.1741472888973
89.613945662 1010.1741616988072
89.620556587 1010.190300025026
89.642146544 1010.1903000250261
89.883124957 1010.1903000250262
91.059196254 1010.2535730072697
91.0592652 1010.2632165701971
91.063054993 1010.2632279578754
91.068511296 1010.2632423677853
91.150057886 1010.2632423677854
91.390985412 1010.2632423677856
92.469050052 1010.3265153500289
92.469102085 1010.3361589129563
92.469625399 1010.3361589129564
92.472848511 1010.3361703006346
92.484668691 1010.3361703006348
92.583505142 1010.3361703006349
93.181922857 1010.336170300635
93.828968952 1010.3994432828786
93.829054265 1010.409086845806
94.018274598 1010.4090868458061
95.139900058 1010.4723598280497
95.139943717 1010.4820033909771
96.388742954 1010.48600717219
96.390326745 1010.4946795516374
96.390510096 1010.5388030611908
96.393550171 1010.5488542698866
96.41075676 1010.5488542698868
97.594069733 1010.5615304305471
97.594288444 1010.6056539401004
97.999030211 1010.6056539401005
98.731175444 1010.6183301007609
98.734863264 1010.6356704883209
