0.000365956 999.2463367064805
0.00096325 999.3476813947321
0.0014117 999.3960255355072
0.003010621 999.4743541949881
0.004478007 999.5633158246768
0.01756053 999.5703416238462
0.040273466 999.6104416798828
0.080027375 999.7110384094385
0.080331042 999.7593825502136
0.081482886 999.8377112096945
0.082631979 999.9266728393832
0.093176142 999.9336986385525
0.110951041 999.9737986945892
0.232854449 999.9753519815539
0.315103239 999.975351981554
0.355127064 999.976330647147
0.475992643 999.9792367931396
0.617486661 999.9792367931398
0.718718499 999.9897276738307
0.779140055 999.9920980808889
0.899745691 999.9944465510522
0.920269558 999.9944465510523
0.959838236 999.9949877627001
1.080861369 999.9960076533883
1.320177647 999.9975618871647
1.340066751 999.9975618871648
1.4386836029999999 1000.0007645763284
1.577801655 1000.0007645763285
1.6768640289999999 1000.0013705265534
1.756340161 1000.002934600451
1.8553113799999998 1000.0039027556887
1.974323929 1000.0089068025303
2.034122956 1000.0090963154513
2.113998382 1000.0090963154514
2.152890129 1000.0117829741118
2.215045976 1000.011782974112
2.393927154 1000.0198859494229
2.5158222180000003 1000.0218427507192
2.535803145 1000.0218427507193
2.635552091 1000.0314213041881
2.694599419 1000.0314213041883
2.875147786 1000.0414984773879
2.954492219 1000.041498477388
2.993722131 1000.0431402206452
3.112899624 1000.0470911184358
3.192728202 1000.0470911184359
3.231119521 1000.0508928092783
3.370152419 1000.0508928092784
3.465995003 1000.0774345462619
3.585691507 1000.077434546262
3.708608676 1000.0811687543899
3.8303731450000003 1000.0839493923888
3.948364617 1000.083949392389
4.069322789 1000.0909751915581
4.090416412 1000.0909751915582
4.282906751 1000.200377930662
4.283300826 1000.3017226189137
4.283609736 1000.3500667596887
4.287007747 1000.434172232798
4.302025904 1000.4451906305814
4.3039481219999995 1000.5108422027314
4.313220652 1000.5644829040642
4.543398983 1000.5644829040643
8.297522673 1000.721011498374
8.297983194 1000.7634437294871
8.298013062 1000.7647922003096
8.298219176 1000.8163658210404
8.298298783 1000.8707003274008
8.301751693 1000.9516031113462
8.302445975 1000.9548058005099
8.316413052 1000.9658241982934
8.318335238 1001.0314757704434
8.329045822 1001.0379906165704
12.203065177 1001.19451921088
12.203495303 1001.2369514419933
12.20352662 1001.2382999128156
12.20372463 1001.2898735335465
12.203802312 1001.3442080399069
12.207235257 1001.4251108238523
12.207923142 1001.4283135130161
12.221786274 1001.4393319107994
12.222542787 1001.4393319107995
12.223681625 1001.5049834829495
12.224455847 1001.5049834829496
12.23490838 1001.5087176910773
12.562939017 1001.5087176910774
16.013001418 1001.6652462853872
16.013444122 1001.7076785165003
16.013473353 1001.7090269873228
16.013729244 1001.814935114414
16.017162083 1001.8958378983594
16.017837341 1001.8990405875231
16.031191864 1001.9100589853066
16.033089813 1001.9757105574566
19.709362573 1002.1322391517664
19.709831113 1002.1746713828795
19.710107583 1002.2819279807932
19.713523378 1002.3628307647386
19.714225732 1002.3660334539023
19.739699982 1002.3851548269967
19.740120181 1002.4161616868521
19.790437441999998 1002.4161616868522
23.320629915 1002.5726902811618
23.32107019 1002.615122512275
23.321329034 1002.7223791101886
23.324636717 1002.8032818941341
23.350868586 1002.8256059563922
25.528400774 1002.8256059563923
26.838508686 1002.9821345507019
26.839121619 1002.999735737787
26.839257093 1003.1318233797286
26.842560049 1003.2127261636741
26.89222255 1003.2127261636742
30.262188635 1003.3692547579839
30.26275875 1003.3868559450689
30.262873478 1003.5189435870107
30.272768543 1003.5294940345198
30.279620175 1003.5294940345199
30.282778478 1003.5330589250427
30.28699857 1003.554693970381
31.355561793 1003.5546939703811
33.593902132 1003.7112225646907
33.594475504 1003.7288237517758
33.594589857 1003.8609113937175
33.604435935 1003.8714618412267
33.605703333 1003.8853819677812
36.838353469 1004.0419105620907
36.838867745 1004.0595117491758
36.838989502 1004.1915993911176
36.848575206 1004.2021498386267
36.855350448 1004.2021498386268
36.858350731 1004.2057147291497
37.216709595 1004.2057147291498
39.974700978 1004.3622433234594
39.975277126 1004.3798445105444
39.975403496 1004.5119321524862
39.984843169 1004.5224825999953
39.991456703 1004.5224825999954
40.389895649 1004.5224825999956
43.071780117 1004.6790111943052
43.072306353 1004.6966123813901
43.072407346 1004.8287000233319
43.082031549 1004.839250470841
43.391382916 1004.8392504708411
44.089585879 1004.8392504708412
46.141195291 1004.9957790651507
46.141743714 1005.0133802522358
46.141865388 1005.1454678941775
46.215816679 1005.1454678941776
47.104626572 1005.1454678941777
49.059834879 1005.1876125671862
49.060268935 1005.1932528102416
49.062505534 1005.2778257273105
49.062674696 1005.4175463571023
49.076057099 1005.4232626071599
49.082284652 1005.449645872603
49.16588884 1005.4496458726031
49.288918141 1005.4496458726032
51.922800521 1005.6061744669128
51.923347256 1005.6237756539979
51.923509745 1005.6381192089875
51.92354859 1005.7528842422162
51.995855372 1005.7528842422164
53.714490478 1005.7528842422165
54.720430555 1005.8852420753492
54.720622453 1006.024962705141
54.735361361 1006.0306789551987
54.965733522 1006.0306789551988
57.459909216 1006.0421732727706
57.459958203 1006.1630367883317
57.460378497 1006.168959130007
57.460438192 1006.208882330693
57.460684791 1006.2509057523716
57.460933495 1006.3027574181234
57.491662638 1006.3033156295573
57.800393659 1006.3033156295575
59.66158869 1006.3033156295576
60.091716977 1006.3148099471292
60.09175767 1006.4356734626903
60.092125328 1006.4415958043656
60.094000748 1006.4815190050516
60.094487929 1006.5753940924819
60.164823112 1006.575394092482
60.670278945 1006.5753940924822
62.124057886 1006.5753940924823
62.590049877 1006.5868884100539
62.590092512 1006.7077519256151
62.590526932 1006.7136742672903
62.590585769 1006.7535974679763
62.593302736 1006.7559712087267
62.599738342 1006.7820789943501
62.605863117 1006.8083099670525
62.615958737 1006.8135093309646
63.629082332 1006.8135093309647
64.915005936 1006.8135093309648
64.959338169 1006.8250036485364
64.959372804 1006.9458671640975
64.959738145 1006.9517895057728
64.95979272 1006.9917127064588
64.962434941 1006.9940864472092
64.968679397 1007.0201942328326
64.973940227 1007.046425205535
64.974469838 1007.0464252055351
65.106368794 1007.0464252055352
67.086314834 1007.0464252055353
67.270382893 1007.1787830386681
67.270809193 1007.1847053803435
67.270865366 1007.2246285810294
67.273359093 1007.2270023217799
67.279508052 1007.2531101074031
67.289487456 1007.2739724438277
67.292556761 1007.2793410801056
67.452097215 1007.2793410801057
69.495945132 1007.40313842279
69.496068608 1007.4451409721892
69.496427921 1007.4567094139612
69.502421268 1007.4860259819736
69.511408729 1007.5068883183982
70.12427477 1007.5068883183983
71.635299412 1007.51838263597
71.63534978 1007.6392461515312
71.635785864 1007.6850916938924
71.646426253 1007.6973645100451
72.980935633 1007.6973645100452
73.726786971 1007.8211618527295
73.727033218 1007.8473551005676
73.727260057 1007.8747328439007
73.74523256 1007.8755678855393
73.752884239 1007.8878407016919
73.995912602 1007.887840701692
75.72858561 1008.0201985348248
75.7290558 1008.066044077186
75.975345171 1008.0660440771861
77.71936616 1008.1898414198704
77.719593195 1008.2160346677085
77.719815016 1008.2434124110416
78.328034327 1008.2434124110417
79.5957394 1008.2608818946834
79.595880467 1008.3129527092372
79.596800983 1008.3499987224828
79.598321383 1008.3872538607213
79.603349145 1008.3878499818487
79.607425426 1008.393403001564
79.617932127 1008.3934030015643
80.529640624 1008.3934030015644
81.420921199 1008.411552988531
81.421006966 1008.4999893130055
81.422561352 1008.537244451244
81.427650378 1008.5378405723714
81.432488111 1008.5421342090598
81.508345951 1008.5421342090599
83.180193811 1008.5596036927016
83.180316687 1008.6116745072553
83.181038104 1008.648720520501
83.182542584 1008.6859756587395
83.187471996 1008.6865717798669
83.261386255 1008.686571779867
83.824570356 1008.6865717798671
84.884553345 1008.7047217668338
84.884636663 1008.7931580913082
84.886773154 1008.8123880072241
84.893111675 1008.8217823877197
84.90040324 1008.8220019690563
86.36289767 1008.8220019690564
86.5407996 1008.840151956023
86.54087795 1008.9285882804975
86.543454876 1008.9478181964133
86.548742092 1008.957212576909
86.617758867 1008.9572125769091
88.146337966 1008.9753625638757
88.146424869 1009.0637988883502
88.148471915 1009.0830288042661
88.171417976 1009.0830288042662
89.70276781 1009.1251734772748
89.705754088 1009.1896151157073
89.710794956 1009.2044481877821
90.247588268 1009.2044481877822
91.1822145 1009.2225981747488
91.182288975 1009.3110344992233
91.189007944 1009.32395246238
91.694610504 1009.3239524623801
92.601292649 1009.3421024493467
92.601364862 1009.4305387738212
92.996244262 1009.4305387738214
93.980787278 1009.448688760788
93.981632099 1009.5114876014162
93.981892773 1009.5305028658619
93.993948733 1009.530502865862
94.375197398 1009.5305028658621
95.306485874 1009.5790022888111
95.30794943 1009.5901515036074
95.311247088 1009.6006888537948
95.311419151 1009.6071642204778
95.311451762 1009.6253543576172
95.439933105 1009.6253543576173
96.567939266 1009.6955403455502
96.568322847 1009.7063031852123
97.772459755 1009.7066631304812
97.774683623 1009.8214479317038
98.403983237 1009.8214479317039
98.936480695 1009.8699473546529
98.937827449 1009.8810965694491
98.938178478 1009.8810965694493
99.144901323 1009.8810965694494
