0.000364453 999.4866841069738
0.000481818 999.6724382034822
0.000533059 999.7365337411147
0.000677413 999.791475578746
0.000730097 999.8912484734124
0.000793528 1000.0244334695103
0.009248157 1000.0364071881746
0.009453167 1000.0453524326039
0.014306986 1000.1311085142504
0.021871177 1000.149613556429
0.042962083 1000.239428236954
0.05959369 1000.2394282369542
0.079031359 1000.3311384372547
0.079085184 1000.4643234333527
0.085702843 1000.476297152017
0.085867771 1000.4852423964462
0.089758171 1000.5709984780927
0.095733267 1000.5895035202714
0.156779111 1000.5897475043693
0.17263436 1000.6795621848943
0.186047668 1000.6795621848944
0.415096423 1000.6865349410027
0.428082978 1000.6865349410028
0.488346349 1000.686534941003
0.65686702 1000.6886582333989
0.669812485 1000.688658233399
0.777295681 1000.6919949889885
0.790566755 1000.6919949889887
1.017841417 1000.6937495517069
1.030432078 1000.693749551707
1.091756694 1000.6937495517071
1.138096967 1000.6943028872545
1.151148896 1000.6943028872546
1.257533121 1000.6943815837143
1.271011127 1000.6943815837144
1.37697569 1000.6994728735001
1.390037232 1000.6994728735002
1.497296047 1000.6996706280336
1.5104042450000001 1000.6996706280337
1.6301362849999999 1000.6996706280338
1.807218812 1000.704286077066
1.914922848 1000.7053186205272
1.928173403 1000.7053186205274
2.034786873 1000.711644346698
2.047760937 1000.7116443466981
2.152258708 1000.7151030338906
2.387452253 1000.7178960765654
2.400326252 1000.7178960765655
2.505001063 1000.7205895911272
2.518280498 1000.7205895911274
2.681276551 1000.7358543449394
2.742504165 1000.7358543449395
2.920541747 1000.7368088484384
2.933667824 1000.7368088484385
2.992796366 1000.7368088484386
3.1622764 1000.7424280885776
3.175299324 1000.7424280885778
3.222844426 1000.7451707565981
3.282501827 1000.7512770505207
3.2948056279999998 1000.7512770505208
3.41133476 1000.760631953025
3.636211192 1000.7717076300103
3.649153105 1000.7717076300104
3.810744004 1000.8063456727739
4.048608328 1000.8248507149524
4.061445677 1000.8248507149525
4.255919405 1000.84505597349
4.255984265 1000.9091515111226
4.256101005 1000.9640933487539
4.256189544 1001.1970512395181
4.257084543 1001.1970512395183
4.262844033 1001.2090249581826
4.263016672 1001.2179702026118
4.267615097 1001.3037262842583
4.303931196 1001.3222313264368
4.646350514 1001.322231326437
5.072202804 1001.3278505665761
5.5548249720000005 1001.336699528519
5.783190254 1001.3366995285191
5.981500032 1001.3460544310233
6.125835503 1001.3460544310234
6.437560937 1001.3571301080086
6.582319751 1001.3571301080087
6.88884227 1001.3732631085935
6.8945720470000005 1001.3917681507721
7.153911427 1001.3917681507722
8.246045288 1001.4543015560749
8.246098111 1001.5183970937074
8.246203063 1001.5733389313388
8.24628501 1001.8062968221029
8.247104458999999 1001.806296822103
8.252837457 1001.8182705407675
8.253003475 1001.8272157851966
8.267640255 1001.849054282647
8.606798398 1001.8601299596323
9.499591707 1001.8762629602171
9.722382777 1001.8762629602172
9.947595163 1001.8762629602173
10.393221711 1001.8947680023957
10.450559798 1001.8947680023958
12.158402813 1001.9964413838092
12.158458384 1002.0605369214417
12.158567388 1002.115478759073
12.158646776 1002.3484366498371
12.159459966 1002.3484366498373
12.165027474 1002.3604103685016
12.165190091 1002.3693556129308
12.179435656 1002.3911941103812
15.948015362 1002.4994412354328
15.948072609 1002.5635367730653
15.94817752 1002.6184786106967
15.948258588 1002.8514365014609
15.954549896 1002.8634102201253
15.954716292 1002.8723554645544
19.642031296 1002.9806025896058
19.642200513 1003.0996399648697
19.642287879 1003.3325978556339
19.74737627 1003.332597855634
23.237972739 1003.3948124481235
23.238043568 1003.5086504087633
23.238319282 1003.5706853740119
23.238560443 1003.5817866152531
23.238743219 1003.5993008624151
23.238938848 1003.6335545016509
23.239690644 1003.6694383790639
23.240443766 1003.669438379064
23.242367364 1003.7280514990384
23.248415419 1003.7869191703868
23.276348865 1003.786919170387
23.282381116 1003.7928402467136
26.749502158 1003.8550548392029
26.749565644 1003.9688927998427
26.749839037 1004.0309277650915
26.75006807 1004.0420290063328
26.750239841 1004.0595432534948
26.750432579 1004.0937968927306
26.75111987 1004.1296807701435
26.751833074 1004.1296807701436
26.753759839 1004.1882938901181
26.759776787 1004.2471615614664
27.785661581 1004.2471615614666
30.173919751 1004.3093761539559
30.173982166 1004.4232141145958
30.174239775 1004.4852490798444
30.174480562 1004.4963503210856
30.174856367 1004.5481182074835
30.175529134 1004.5840020848964
30.178106644 1004.6426152048708
30.194071809 1004.6601049675515
33.491824535 1004.722319560041
33.491885571 1004.8361575206808
33.492157105 1004.8981924859294
33.492388375 1004.9092937271706
33.492714868 1004.9610616135684
33.495860446 1005.0555586109559
36.710455612 1005.1177732034454
36.71051769 1005.2316111640852
36.710789252 1005.2936461293338
36.711027488 1005.304747370575
36.718808835 1005.3444758572422
36.718994266 1005.4310503351043
36.719666052 1005.4310503351044
36.731750798 1005.4383367375235
36.735267086 1005.4406558415585
37.229320105 1005.4406558415586
39.84924905 1005.5028704340478
39.849417329 1005.5770350415239
39.849561523 1005.6787433599363
39.849795437 1005.6898446011776
39.860416595 1005.7069862601802
39.867493041 1005.7589400308644
39.869968396 1005.823433968126
39.886340368 1005.8234339681261
42.580633701 1005.8234339681262
42.941030897 1005.8856485606156
42.941090377 1005.9994865212553
42.941369082 1006.061521486504
42.941603301 1006.0726227277453
42.950014281 1006.1318367352288
42.95011649 1006.1788693837526
42.968468894 1006.1989256922745
45.606088909 1006.1989256922747
45.978273582 1006.261140284764
45.978331735 1006.3749782454038
45.97860948 1006.4370132106525
45.978844859 1006.4481144518937
45.98713584 1006.5073284593773
45.98724303 1006.5543611079011
48.690996338 1006.5543611079012
48.890357831 1006.6165757003904
48.890413135 1006.7304136610302
48.89068063 1006.7924486262789
48.890907152 1006.8035498675201
48.900779042 1006.8206915265228
48.908713024 1006.8726452972069
48.914033854 1006.8867072447189
48.923823235 1006.9058451797522
49.529809136 1006.9058451797523
51.643654604 1006.9058451797524
51.693312986 1006.9680597722416
51.693481146 1007.0422243797177
51.693635 1007.1439326981301
51.693857539 1007.1550339393714
51.703818985 1007.1608412802284
51.710918307 1007.1662321332581
51.711476071 1007.2241293690581
51.716581188 1007.23819131657
51.755515574 1007.2381913165701
52.540439712 1007.2381913165702
54.503727021 1007.3004059090595
54.503924698 1007.3745705165355
54.50408327 1007.476278834948
54.50479801 1007.4762788349481
54.514136721 1007.4931874170462
54.521566504 1007.5564755058759
54.635409705 1007.556475505876
54.643634665 1007.5564755058762
57.224229514 1007.6186900983655
57.224411064 1007.6928547058416
57.224552849 1007.794563024254
57.234431812 1007.8114716063521
57.488800191 1007.8114716063523
58.849547942 1007.8114716063524
59.788310905 1007.8736861988416
59.788370195 1007.9875241594814
59.78868084 1007.997292417916
59.790452152 1008.0009912898119
59.79086937 1008.0495591247301
59.807873498 1008.0551831494608
59.816292774 1008.0651473021016
60.679485808 1008.0651473021018
62.095498269 1008.0651473021019
62.248719952 1008.1273618945911
62.248799675 1008.2411998552309
62.249112159 1008.2509681136655
62.24961832 1008.2530139976519
62.249821597 1008.3032348204796
62.266180268 1008.3088588452105
63.27906923 1008.3088588452106
64.640662877 1008.3710734376997
64.640723071 1008.4849113983396
64.641450267 1008.4967255407605
64.641645246 1008.5469463635882
64.671260997 1008.5469463635883
64.70842078 1008.5469463635884
66.747910591 1008.5469463635885
66.986573934 1008.6091609560777
66.986627284 1008.7229989167176
67.005271358 1008.7660070447109
67.037923712 1008.766007044711
69.19136893 1008.7741415123614
69.191462639 1008.7850179578908
69.192663021 1008.8246481399565
69.192815337 1008.8482682028177
69.1947341 1008.9420595978402
70.413116506 1008.9420595978403
71.329117374 1008.9501940654907
71.329188192 1008.96107051102
71.330331737 1009.0007006930857
71.330461066 1009.024320755947
71.334022656 1009.0588711095563
71.335039704 1009.1099096989956
71.349162133 1009.1099096989957
71.438599717 1009.1099096989958
73.385870176 1009.1180441666462
73.385960845 1009.1289206121755
73.387105615 1009.1685507942412
73.38724875 1009.1921708571025
73.390717211 1009.2267212107118
73.391730781 1009.2777598001511
73.479360838 1009.2777598001512
75.378937569 1009.2858942678017
75.379701366 1009.2858942678018
75.380197126 1009.3364008953967
75.380330221 1009.360020958258
75.383782081 1009.3879919726669
75.388426879 1009.3978838643433
75.38886865 1009.4159969280785
75.398663798 1009.432078048924
75.940403779 1009.4320780489242
77.375203482 1009.4418476515461
77.376420852 1009.4907191441697
77.376553266 1009.514339207031
77.379390741 1009.54231022144
77.384128408 1009.5522021131162
77.384594988 1009.5703151768514
79.285187629 1009.5800847794734
79.286369775 1009.628956272097
79.286973453 1009.6525763349582
79.289284236 1009.6805473493672
79.305298251 1009.6905892791236
81.119604044 1009.6987237467741
81.120311138 1009.6987237467742
81.12077763 1009.7492303743692
81.120917973 1009.7728504372305
81.124239127 1009.8008214516394
81.155168552 1009.8008214516395
82.880812983 1009.8089559192899
82.881461779 1009.80895591929
82.881684309 1009.8105910542614
82.881913247 1009.859462546885
82.882456788 1009.8830826097462
82.890177651 1009.9110536241552
84.576085969 1009.9191880918057
84.577168834 1009.9696947194008
84.578096638 1009.9933147822619
84.591352362 1009.995440051599
84.6148178 1009.9954400515991
86.208228766 1010.0035745192495
86.209111614 1010.005209654221
86.209362128 1010.0540811468445
86.209889703 1010.0777012097058
86.228016708 1010.1202230328282
86.244775885 1010.1202230328283
87.777502839 1010.1283575004787
87.778357033 1010.1299926354502
87.77860435 1010.1788641280738
87.778736834 1010.202484190935
87.844971912 1010.2024841909351
88.386981537 1010.2024841909353
89.297380714 1010.2106186585858
89.298218739 1010.2122537935571
89.298460837 1010.2611252861807
89.309618145 1010.2799257016559
90.033288618 1010.279925701656
90.74227524 1010.2880601693065
90.744885871 1010.2896953042779
90.748414121 1010.3277804500916
90.754421254 1010.3573672123766
91.447797481 1010.3573672123767
92.131683358 1010.3655016800271
92.132354004 1010.3655016800273
92.134302601 1010.3671368149986
92.137852907 1010.4052219608124
92.147791158 1010.4295457409876
92.828992977 1010.4295457409877
93.518964069 1010.4376802086381
93.519598106 1010.4376802086382
93.525035634 1010.4774004894233
94.827072901 1010.4855349570738
94.8295617 1010.4871700920453
94.833917452 1010.4919592313574
94.836005206 1010.525255237859
96.063036988 1010.5333897055094
96.063602833 1010.5333897055095
96.070753299 1010.539813979793
96.078343231 1010.5683877229527
96.871643402 1010.5683877229528
97.247633848 1010.5765221906032
97.249967504 1010.5781573255747
97.253963082 1010.5829464648868
97.467610525 1010.582946464887
98.386796218 1010.5910809325375
98.389089918 1010.5927160675088
98.405421365 1010.592716067509
99.477681224 1010.6008505351593
99.478260983 1010.6008505351595
100.07191128 1010.6008505351596
