0.000363577 998.4971987264609
0.000468294 998.6525468450104
0.00071261 998.6579836711273
0.001523219 998.7236580896343
0.003980731 998.8403833093511
0.004031985 998.8789329492827
0.078309612 999.0261267368295
0.078462252 999.0315635629464
0.078999014 999.0972379814534
0.080851474 999.2139632011701
0.080893664 999.2525128411017
0.262615277 999.254136571867
0.323015462 999.2541365718671
0.382340065 999.256482957565
0.621883893 999.2575440732517
0.682159678 999.2575440732518
0.741303458 999.2693777930443
0.924302251 999.2693777930444
0.983506193 999.2698775328305
1.105064341 999.2819782128352
1.224102115 999.2892117014023
1.345763976 999.2893773177772
1.467365341 999.299738269279
1.5266945760000001 999.2997382692791
1.58783122 999.3009488751305
1.823825227 999.3109904970914
1.9431837349999999 999.3149007389441
2.063089658 999.3243895828241
2.182216607 999.3259064716817
2.299739651 999.330223638236
2.357992444 999.3302236382361
2.537962134 999.3341894485378
2.591202562 999.3426024857699
2.6509777 999.3450193084808
2.888178249 999.3475676889728
2.947177018 999.3515979069775
3.066817904 999.3525290006169
3.247101582 999.352529000617
3.307176446 999.3653870397886
3.426009964 999.3682273169308
3.659902959 999.3921506524969
3.78125436 999.4047095290118
4.021926661 999.4067769568622
4.258317662 999.5143371016886
4.258383349 999.63486847465
4.258527032 999.6751220463551
4.25910633 999.7407964648621
4.263352604 999.7586721606924
4.263636047 999.8343136761288
4.263905061 999.8408922746255
4.2640234790000004 999.8814450201448
4.265703031 999.8940038966599
5.06562699 999.9179272322259
5.181239189 999.917927232226
5.984728356 999.9199946600764
8.277500054 1000.0640370169839
8.277556303 1000.2193851355333
8.277737533 1000.2248219616504
8.278357814 1000.2904963801573
8.280225234 1000.4072215998741
12.193963276 1000.5397004961686
12.194032267 1000.66023186913
12.194164212 1000.7004854408351
12.19474484 1000.766159859342
12.198893632 1000.7840355551724
12.199183004 1000.8596770706088
12.199454532 1000.8662556691055
12.217928069 1000.867186762745
12.2734597 1000.8671867627451
13.517755445 1000.8758563395642
13.521037624 1000.8808176512083
13.739729234 1000.8808176512084
14.609693803 1000.8808176512085
16.005749762 1001.0269274359662
16.005856189 1001.0656369494312
16.005965228 1001.1877123806327
16.006564529 1001.2533867991397
16.012778364 1001.2583676594907
16.019139166 1001.3321083401618
16.020963228 1001.3494523908984
16.029204047 1001.3544137025425
16.242697869 1001.3544137025426
19.715227475 1001.5005234873004
19.715340962 1001.5392330007654
19.71545793 1001.6613084319669
19.716087156 1001.7269828504737
19.722265284 1001.7319637108247
19.728494975 1001.8057043914959
19.730260034 1001.8230484422326
19.989322493 1001.8230484422327
21.588868534 1001.8230484422328
23.336238437 1001.9691582269904
23.336542753 1001.9973772784741
23.33658616 1002.0627590098406
23.337008314 1002.195617590164
23.346696809 1002.200598450515
23.358597154 1002.2438537622292
23.366123108 1002.2700219646317
26.130464675 1002.2700219646318
26.847149028 1002.4161317493896
26.84725891 1002.4548412628548
26.847515603 1002.5097325322398
26.847946803 1002.642591112563
26.854868793 1002.6475719729141
26.870078004 1002.6908272846281
27.115193995 1002.6908272846282
30.271757034 1002.8369370693861
30.27209546 1002.9305378522363
30.272503002 1003.0633964325594
30.281955657 1003.0683772929106
30.313790141 1003.0694384085972
30.349144941 1003.0694384085973
33.611656107 1003.215548193355
33.611763543 1003.2542577068201
33.612031973 1003.3091489762052
33.612785646 1003.3091489762053
33.613398727 1003.3337050837049
33.615229832 1003.3441549153449
33.618266503 1003.4469884168794
34.314399979 1003.4469884168795
36.34091188 1003.4469884168797
36.855158792 1003.5930982016374
36.855504635 1003.6866989844876
36.856235383 1003.6866989844877
36.856837522 1003.7112550919874
36.858592071 1003.7217049236274
36.864835025 1003.7492565251108
36.866222992 1003.7859119442257
36.867013235 1003.8148079179114
36.895049971 1003.8221920394639
39.717979938 1003.822192039464
39.99836119 1003.9683018242217
39.998714647 1004.0619026070719
40.000040812 1004.0864587145716
40.001774954 1004.0969085462116
40.008902496 1004.124460147695
40.01024962 1004.1611155668099
40.028134696 1004.1793092189076
40.115722891 1004.1793092189077
43.074881755 1004.3254190036655
43.075234117 1004.4190197865157
43.075898428 1004.4190197865158
43.076494447 1004.4435758940153
43.078175385 1004.4540257256555
43.086450845 1004.5182327462537
43.087154394 1004.5182327462538
44.017763816 1004.518232746254
46.044984827 1004.6643425310117
46.045314582 1004.7579433138619
46.045971671 1004.757943313862
46.046573956 1004.7824994213615
46.048232516 1004.7929492530016
46.056333281 1004.8571562735999
46.101165766 1004.8571562736
46.290141646 1004.8571562736001
48.945653667 1005.0032660583579
48.945994973 1005.0968668412081
48.947218653 1005.1214229487077
48.959103882 1005.1361722880843
48.959736984 1005.1361722880844
48.963169551 1005.1375948857274
51.771309761 1005.2837046704852
51.771650766 1005.3773054533353
51.772316767 1005.3773054533355
51.77292614 1005.4018615608351
51.785480299 1005.4166109002117
51.791996888 1005.4175817778987
51.881400271 1005.4175817778988
54.528741582 1005.5636915626565
54.52936229 1005.6057028401835
54.529701338 1005.6572923455068
54.530276159 1005.6818484530063
54.541367353 1005.6929429019492
54.541635822 1005.6965977923832
57.310213539 1005.8427075771408
57.310841571 1005.8847188546679
57.312902784 1005.8942337941762
57.313001558 1005.9608644674909
57.32377919 1005.9719589164336
57.327231528 1005.9733213309871
57.44549395 1005.9733213309873
58.73520206 1005.9733213309875
59.915063486 1006.1194311157449
59.915719918 1006.1614423932722
59.916518369 1006.1709573327803
59.91662124 1006.2375880060949
59.927474054 1006.2486824550376
59.963130504 1006.2486824550379
62.599072811 1006.3947922397956
62.599737657 1006.4368035173227
62.601739512 1006.446318456831
62.601839598 1006.5129491301454
63.25945901 1006.5129491301456
63.400599433 1006.5129491301457
65.103570504 1006.52682301556
65.103613754 1006.5714676199573
65.103673252 1006.5830001589918
65.103795652 1006.6471653556823
65.104164007 1006.7010701924305
65.10745501 1006.7227545232229
65.107697212 1006.7295938915836
65.110137819 1006.7604872590282
65.110343841 1006.7752609728004
65.539031325 1006.7752609728005
65.901312699 1006.7752609728007
67.402965402 1006.9213707575584
67.40355621 1006.9633820350855
67.404275355 1006.9728969745936
67.404800403 1006.9728969745937
67.407256111 1006.9850663658779
67.407496642 1006.9919057342386
67.409048067 1007.0227991016834
68.879904644 1007.0227991016835
69.604030624 1007.0366729870979
69.604074043 1007.0813175914951
69.604132066 1007.0928501305297
69.604252521 1007.1570153272202
69.604603094 1007.2109201639684
69.607689926 1007.2394438631214
69.611733786 1007.2479243923602
69.621345941 1007.2538937781826
69.630825799 1007.2609556822007
69.795578406 1007.2609556822008
71.025885395 1007.2609556822009
71.729429557 1007.4070654669587
71.730750527 1007.4585916839941
71.73384851 1007.4776004436388
71.747029216 1007.4920503587
71.925202087 1007.4920503587001
73.099866205 1007.4920503587002
73.792582168 1007.5059242441146
73.792637917 1007.5505688485118
73.792700713 1007.5621013875464
73.79283124 1007.6262665842369
73.79331414 1007.638160143458
73.796072922 1007.6740769722414
73.79628697 1007.7086951201381
74.509925319 1007.7086951201383
75.794892598 1007.8548049048961
75.796122273 1007.9063311219313
75.796628943 1007.9063311219314
75.812606012 1007.9253398815763
77.735985413 1008.071449666334
77.737154942 1008.1229758833695
78.668749722 1008.1229758833696
79.597497181 1008.1814943731813
79.597626386 1008.1930269122158
79.597765502 1008.2571921089063
79.603856337 1008.2720461989895
79.616085499 1008.2928997572822
81.039024049 1008.2928997572823
81.407331983 1008.351418247094
81.407438936 1008.3629507861285
81.407567176 1008.427115982819
81.42704447 1008.4305278668849
82.81778 1008.430527866885
83.186215999 1008.4890463566967
83.18633522 1008.5005788957312
83.186452532 1008.5647440924217
84.534773884 1008.5647440924218
84.892094803 1008.6232625822335
84.892199525 1008.6347951212681
84.892332176 1008.6989603179585
84.937951496 1008.6989603179586
86.518274317 1008.7059446523588
86.518711763 1008.7059446523589
86.520616798 1008.7887635402199
86.525082496 1008.8021034382821
86.537191202 1008.8263910441403
86.650659477 1008.8263910441405
88.084128289 1008.9161942664018
88.084658764 1008.9161942664019
88.088714309 1008.9295341644638
88.097464422 1008.9295341644639
88.101321618 1008.9387035229325
88.295433703 1008.9387035229327
89.601268165 1008.9456878573328
89.601688771 1008.9456878573329
89.601819363 1009.0285067451939
89.606133105 1009.0418466432561
89.698863968 1009.0418466432562
91.070744952 1009.0488309776564
91.071134294 1009.0488309776565
91.071268525 1009.1316498655177
91.075814859 1009.1449897635795
91.095984598 1009.1449897635797
92.471531796 1009.1519740979801
92.472050191 1009.234792985841
92.472565871 1009.2347929858412
92.745347468 1009.2347929858414
93.832757079 1009.2417773202416
93.833123433 1009.2417773202417
93.834303477 1009.2498163979116
93.834740806 1009.2498163979118
93.836150209 1009.2648489681809
93.836943511 1009.3074271145969
93.837282891 1009.3245962081027
94.70080402 1009.3245962081028
95.129036964 1009.331580542503
95.132309731 1009.339619620173
95.13416321 1009.3546521904422
95.134926531 1009.3972303368583
95.137130416 1009.4036440268745
96.124321165 1009.4036440268746
96.369057929 1009.4106283612749
96.370462403 1009.4186674389449
96.372247365 1009.433700009214
96.373106507 1009.4536006718798
96.379654878 1009.4562004538396
96.380998851 1009.4562004538398
97.550093737 1009.46318478824
97.552385737 1009.4997312203147
97.555718579 1009.5061570988449
97.934605971 1009.506157098845
98.686535724 1009.5131414332452
98.690866139 1009.5362130811844
98.696509477 1009.5484693948603
98.69922321 1009.5496878653199
98.715441428 1009.5496878653202
99.776342936 1009.5566721997204
99.779430598 1009.5720043614173
99.779770914 1009.5720043614174
99.810136829 1009.5720043614175
