0.000361089 997.6652591460595
0.000459624 997.8887150690518
0.000492851 997.973702201028
0.00052365 998.0872235693162
0.000552411 998.1324695901117
0.00075846 998.2003101411234
0.004438813 998.2135916353856
0.004670877 998.2251053338153
0.004843236 998.2424066014861
0.004943018 998.3796590621332
0.009234921 998.4313490074107
0.023662889 998.4703271041896
0.043892976 998.4832519404441
0.080289134 998.4981741390146
0.080317749 998.5434201598101
0.08044405 998.6112607108219
0.083146595 998.624542205084
0.083317196 998.6360559035138
0.083459477 998.6533571711846
0.083538301 998.7906096318317
0.086945367 998.8422995771092
0.098160946 998.881277673888
0.114179377 998.8942025101426
0.238825697 998.8961864370592
0.297334007 998.8961864370593
0.481213462 998.8996091750197
0.587705262 998.901835724515
0.603478231 998.9147605607695
0.726667165 998.9161813503918
0.909464765 998.9161813503919
0.971270325 998.9165233073132
1.030829778 998.9165233073134
1.209998277 998.9165573480468
1.448527238 998.9181846855665
1.5082778860000001 998.9181846855666
1.568298656 998.920063280532
1.6283351320000001 998.9200632805321
1.811421992 998.9263343486477
1.8699768190000001 998.9263343486479
1.930892552 998.9291407963248
2.051791807 998.9302227131277
2.111580803 998.9359098474674
2.232172055 998.9366083373544
2.291713863 998.9366083373545
2.351487311 998.9381021455226
2.409820097 998.9381021455227
2.470322956 998.9415558999037
2.529421417 998.9419665522256
2.647083346 998.9461198526257
2.870015467 998.9463319363905
2.885447187 998.9592567726452
3.007772038 998.9682542403472
3.066260631 998.9682542403473
3.248560319 998.9804410942178
3.308920607 998.9804410942179
3.372331002 998.9872529095218
3.429657395 998.9872529095219
3.49019714 998.9897920908002
3.73309975 998.9925052147679
3.839578347 999.0158453513243
3.856211914 999.0287701875789
3.916613735 999.028770187579
4.099330934 999.0416950238335
4.310588366 999.1428558064792
4.310777228 999.2559423782865
4.313805235 999.2807375709784
4.313948553 999.2980388386493
4.314021523 999.4352912992963
4.322873441 999.4433090063993
4.323952774 999.465443394121
4.32845603 999.5259593413526
4.346178244 999.5388841776073
8.353465575 999.5842036819084
8.353511287 999.6977250501965
8.353537011 999.7429710709921
8.353682386 999.8108116220037
8.356540321 999.8356068146958
8.3566796 999.8529080823664
8.356760907 999.9901605430135
8.36010971 1000.0113151701361
8.360387486 1000.0324994917087
8.514414205 1000.0324994917088
9.270361763 1000.0352126156764
9.757042722 1000.0352126156765
10.878410021 1000.0352126156766
12.328653472 1000.0813928356821
12.32869715 1000.1949142039703
12.328867569 1000.3080007757775
12.331818292 1000.3327959684694
12.33195591 1000.3500972361402
12.332035341 1000.4873496967872
12.340591442000001 1000.4953674038903
12.665986861 1000.5112174478775
14.742507841 1000.5112174478776
16.163077895 1000.5469738718314
16.163128493 1000.6604952401195
16.163154883 1000.705741260915
16.163369529 1000.7435932630495
16.16416756 1000.7735818119266
16.166243422 1000.7983770046187
16.166366095 1000.8156782722895
16.166448252 1000.9529307329366
16.169779693 1000.974085360059
16.278036667 1000.9740853600591
19.902464114 1001.0229787040323
19.902510972 1001.1365000723205
19.902738504 1001.2195980952505
19.905353268 1001.2495866441276
19.907311294 1001.2743818368197
19.907445715 1001.2916831044904
19.907509863 1001.4289355651374
19.915734051 1001.4369532722405
23.547982553 1001.4858466162136
23.548031556 1001.5993679845018
23.54819345 1001.712454556309
23.550934516 1001.7372497490011
23.551071893 1001.7545510166718
23.551138523 1001.891803477319
24.058344015 1001.8918034773191
24.755324705 1001.8918034773192
27.078148401 1001.9406968212925
27.078193553 1002.0542181895805
27.078406418 1002.1373162125107
27.079121311 1002.1673047613878
27.081129379 1002.1920999540797
27.081247462 1002.2094012217506
27.082936555 1002.2236391868416
27.083724165 1002.2236391868418
27.085235584 1002.2872436698558
27.095664243 1002.2962081621762
27.097989384 1002.3444613843424
27.115708574 1002.3444613843425
28.545471276 1002.3444613843426
30.533718428 1002.3933547283158
30.533771474 1002.506876096604
30.533921967 1002.6199626684112
30.536804271 1002.6620591287739
30.538551781 1002.6762970938651
30.541442437 1002.7399015768791
30.548376762 1002.7488660691996
30.549177154 1002.7812727244303
30.597015049 1002.7812727244304
33.893097803 1002.8301660684036
33.893146491 1002.9436874366918
33.893641903 1002.9623001946842
33.893895233 1002.9637219431768
33.895771474 1003.0077227249062
33.896076542 1003.0988704688617
33.897732922 1003.1131084339529
33.902959541 1003.1330512575408
33.91735394 1003.1766999801491
33.919231084 1003.1976299590059
35.839996547 1003.197629959006
37.174204114 1003.2465233029792
37.174252001 1003.3600446712674
37.174754751 1003.3786574292598
37.175015956 1003.3800791777524
37.176882159 1003.4240799594818
37.17720082 1003.5152277034373
37.178853881 1003.5294656685285
37.18394235 1003.5494084921164
37.198215687 1003.5930572147247
37.605893358 1003.5930572147248
40.354793915 1003.6419505586981
40.354840345 1003.7554719269863
40.355357652 1003.7740846849787
40.355616925 1003.7755064334713
40.357679602 1003.7978998091492
40.35777352 1003.9106549591562
40.359442501 1003.9248929242474
40.366317533 1003.9407132022749
40.499972572 1003.940713202275
43.477724287 1003.9896065462482
43.477772476 1004.1031279145362
43.478249043 1004.1217406725287
43.479936046 1004.1231624210213
43.481849368 1004.1455557966993
43.481940381 1004.2583109467063
43.483537296 1004.2725489117973
43.490139323 1004.288369189825
43.594299198 1004.2883691898251
46.557201301 1004.3372625337983
46.557261716 1004.4507839020863
46.557733176 1004.4693966600787
46.558005742 1004.4708184085713
46.559931313 1004.4932117842493
46.56003541 1004.6059669342562
46.566854003 1004.6119049673243
46.574401209 1004.6302395873535
46.575040206 1004.6302395873536
46.872921151 1004.6302395873537
48.487009174 1004.6302395873538
49.497596474 1004.6791329313271
49.497644289 1004.7926542996152
49.498121388 1004.8112670576076
49.498391419 1004.8126888061001
49.500261937 1004.835082181778
49.500363185 1004.9478373317851
49.506637248 1004.9537753648531
49.523605621 1004.9721099848823
49.57860746 1004.9721099848824
52.628831458 1005.0210033288556
52.628884241 1005.1345246971437
52.629374116 1005.1531374551362
52.62962612 1005.1545592036287
52.631471123 1005.1769525793067
52.631560485 1005.2897077293137
52.638228063 1005.2956457623817
52.933774491 1005.2956457623818
55.413198718 1005.3445391063551
55.41324679 1005.4580604746433
55.413705119 1005.4766732326357
55.413941658 1005.4780949811283
55.415724193 1005.5004883568062
55.415814727 1005.6132435068132
57.49434043 1005.6132435068133
58.180832634 1005.6621368507865
58.180886853 1005.7756582190747
58.181339136 1005.7942709770671
58.181611187 1005.7956927255597
58.185247818 1005.8546532614066
58.185277711 1005.8616962919594
58.185745275 1005.8795970484052
58.194354012 1005.8995220299463
59.333315687 1005.8995220299464
60.775772162 1005.9484153739196
60.775814639000004 1006.0619367422078
60.77626215 1006.0805495002002
60.77794517 1006.0819712486928
60.781043004 1006.1479748150924
60.781479761 1006.1658755715382
60.817196116 1006.1658755715383
63.350127761 1006.2147689155116
63.350185861 1006.3282902837997
63.350603886 1006.3469030417921
63.350849734 1006.3483247902847
63.353989482 1006.4072853261317
63.354204787 1006.4078123248788
63.354658195 1006.4143283566845
65.784513502 1006.4632217006578
65.784593206 1006.4876589326025
65.784725277 1006.5194449771452
65.784960728 1006.5461235349626
65.785054512 1006.5953558269383
65.785285989 1006.5967775754308
65.789641607 1006.6187213938061
65.790520631 1006.6296209414984
65.803016637 1006.6338736484449
65.805169016 1006.6605836118385
66.208462361 1006.6605836118387
68.129487828 1006.7094769558119
68.129553343 1006.7339141877566
68.129602551 1006.754604394974
68.129700765 1006.7657002322993
68.129924285 1006.7923787901167
68.130016417 1006.8416110820924
68.130253054 1006.8430328305849
68.135146847 1006.8758761966525
68.137633927 1006.9015783522717
68.222610019 1006.9015783522718
69.913658044 1006.9015783522719
70.353104288 1006.9504716962451
70.353183852 1006.9749089281898
70.353341299 1007.0066949727326
70.353579547 1007.03337353055
70.353679621 1007.0826058225257
70.353917818 1007.0840275710182
70.358706266 1007.1168709370858
70.37068093 1007.1211236440323
70.527255614 1007.1211236440324
72.102401565 1007.1211236440325
72.507508933 1007.1700169880057
72.507574512 1007.1944542199506
72.50770936 1007.2262402644933
72.507938362 1007.2529188223107
72.5080284 1007.3021511142863
72.50823157 1007.3035728627789
72.512864238 1007.3364162288465
74.189642711 1007.3364162288466
74.606176716 1007.3853095728198
74.606369437 1007.4415328493074
74.606606528 1007.4682114071247
74.606695307 1007.5174436991003
74.606895405 1007.5188654475929
74.620160027 1007.5517055684663
74.627827819 1007.5517088136604
74.758149035 1007.5517088136605
76.634226408 1007.6006021576337
76.634429814 1007.6568254341212
76.634741176 1007.7327362839143
76.63499694 1007.7341580324069
76.647567501 1007.7669981532803
78.649110285 1007.8158914972535
78.649302682 1007.8721147737409
78.649576355 1007.948025623534
78.649823586 1007.9494473720266
78.666217982 1007.9535120018418
78.671765805 1007.9650235363872
78.675175242 1007.9683750080127
78.702325845 1007.9683750080128
80.555166312 1008.017268351986
80.555352543 1008.0734916284734
80.555620996 1008.1494024782666
80.555842574 1008.1508242267591
80.571717906 1008.1548888565743
80.576922169 1008.1664003911197
80.603408724 1008.1664003911199
82.387931682 1008.215293735093
82.388147346 1008.2715170115805
82.38842175 1008.3474278613736
82.388638619 1008.3488496098662
82.441412244 1008.3488496098663
84.175858279 1008.3861359513735
84.17640158 1008.4318741808131
84.176687654 1008.4749413749382
84.186476188 1008.5184534656778
84.190428448 1008.5280457076824
85.89493014 1008.5653320491897
85.89543021 1008.6110702786293
85.895702609 1008.6541374727544
85.899699254 1008.6572634504447
85.906764051 1008.6588190263951
85.906946147 1008.6976495634939
87.541889632 1008.7349359050012
87.542411455 1008.7740263147739
87.542450262 1008.7806741344408
87.542670473 1008.8237413285659
87.546638264 1008.8268673062563
87.553025508 1008.8284228822067
87.554403421 1008.8571055008729
87.560883683 1008.8668306771168
89.146685466 1008.9041170186241
89.147226606 1008.9498552480637
89.14747336799999 1008.9929224421888
90.676603185 1009.0302087836961
90.680237706 1009.0874043575233
90.68499363 1009.1107464572425
90.687771205 1009.1112389077568
91.295094971 1009.111238907757
92.150455455 1009.1485252492643
92.156860573 1009.1711466797658
92.157684952 1009.1812853825895
92.157710595 1009.1910507800912
92.158260348 1009.202273782776
92.158692757 1009.2290629228106
93.182735919 1009.2290629228107
93.59177899 1009.2663492643179
93.598078872 1009.2889706948195
93.59887291 1009.3088747951449
93.619422128 1009.308874795145
94.841684311 1009.3088747951451
94.974525621 1009.3461611366524
94.980817618 1009.368782567154
94.986300807 1009.3797156093937
94.99228379 1009.385251546425
95.115709851 1009.3852515464251
96.305802803 1009.4225378879322
96.311887209 1009.4451593184339
96.316564796 1009.4560923606736
96.346465953 1009.4560923606737
97.500475586 1009.4560923606738
97.571389626 1009.4933787021808
97.577212974 1009.5160001326825
97.620655618 1009.5160001326826
98.72253221 1009.5160001326827
98.782752785 1009.5368381912413
98.78313259 1009.5368381912414
98.787062922 1009.557313020657
99.894150947 1009.5573130206571
99.953954814 1009.5781510792157
99.958936485 1009.5821348735686
100.059537871 1009.5821348735687
101.044509485 1009.5821348735689
