0.000365394 1000.7752536376631
0.000468321 1000.8136776993543
0.000500926 1001.0092209953841
0.00052979 1001.1652634736444
0.004487884 1001.2115094688219
0.006143096 1001.2223359238563
0.007197537 1001.301830074215
0.020062676 1001.3051085646777
0.042604281 1001.3501050862407
0.079057145 1001.356795072068
0.079085985 1001.5128375503283
0.082030151 1001.5590835455058
0.083356996 1001.5699100005402
0.084567894 1001.5941777938277
0.084931109 1001.6136868811305
0.08507616 1001.6494041508989
0.094530932 1001.6526826413616
0.111742422 1001.6976791629245
0.113372597 1001.6976791629246
0.354658018 1001.6988143465569
0.475236574 1001.7014708895346
0.536468345 1001.7014708895347
0.598937776 1001.704009130249
0.658570098 1001.7040091302491
0.836593441 1001.7040648534065
0.898412312 1001.7040648534066
0.956765231 1001.7045273674005
1.137748489 1001.7045273674006
1.195038077 1001.7084072129321
1.196586918 1001.7084072129322
1.3112882240000001 1001.7088412407232
1.312859383 1001.7088412407234
1.555232371 1001.7108125510032
1.5568419759999998 1001.7108125510033
1.798963281 1001.7134247797271
1.916769559 1001.7139169721819
1.975751969 1001.713916972182
2.035678629 1001.7157861061908
2.154557255 1001.7163216901378
2.270788251 1001.7163216901379
2.389137642 1001.7216316967746
2.449476899 1001.7216316967747
2.508960546 1001.7242512347616
2.628904488 1001.72787722351
2.867793584 1001.7333314602405
2.98599654 1001.748519028049
2.9875946559999997 1001.7485190280491
3.104051797 1001.7621228860917
3.163616373 1001.7621228860918
3.338809878 1001.768028115352
3.397189182 1001.801986892277
3.3987436779999998 1001.8019868922771
3.456228392 1001.8037453851202
3.4577607710000002 1001.8037453851204
3.697339921 1001.8070238755829
3.875499823 1001.807023875583
3.9370246460000002 1001.8106564557917
3.9990013859999998 1001.8106564557918
4.06213425 1001.8520203971459
4.275822582 1001.9630181123258
4.2758595 1002.1190605905862
4.278802212 1002.1653065857635
4.280098632 1002.176133040798
4.280914531 1002.2556271911567
4.290987443 1002.2589056816194
4.309140219 1002.3039022031822
4.424609846 1002.3056606960255
7.173731365 1002.3125717666969
7.856057163 1002.312571766697
8.281684463 1002.4666919160742
8.281726469 1002.6227343943344
8.284717089 1002.6689803895118
8.286020812 1002.6798068445464
8.286822671 1002.7593009949051
8.316176911 1002.7662120655765
8.59892524 1002.7662120655766
12.210637608 1002.9272432856253
12.210826926 1002.9795650084787
12.211004234 1002.9887631146248
12.211033648 1002.9982306872422
12.211185468 1003.0389983281661
12.211251443 1003.0533659903933
12.211586453 1003.0832857638857
12.213721232 1003.1295317590631
12.214997863 1003.1403582140974
12.219782938 1003.2180938716131
12.226942241 1003.2198523644562
16.026032415 1003.3808835845049
16.026298658 1003.3982414144194
16.02641461 1003.4424034135044
16.026441915 1003.4518709861218
16.026600413 1003.4926386270456
16.026667764 1003.5070062892729
16.029163865 1003.5831720579424
16.03043403 1003.593998512977
16.035178891 1003.6717341704925
19.283913925 1003.6717341704926
19.763182956 1003.8327653905412
19.763426913 1003.8501232204558
19.763544592 1003.8942852195407
19.763572277 1003.9037527921581
19.763713556 1003.9445204330821
19.763784131 1003.9588880953092
19.766239312 1004.035053863979
19.767491029 1004.0458803190133
21.217083623 1004.0458803190135
23.389882283 1004.0477571091334
23.389930822 1004.1091748410349
23.390055436 1004.2242693689767
23.390165709 1004.2684313680617
23.390193034 1004.277898940679
23.390329671 1004.3186665816029
23.390398189 1004.3330342438302
23.3927531 1004.4092000124997
23.422189038 1004.4092000124998
23.573756651 1004.4092000124999
23.674413062 1004.4092000125
26.917075219 1004.41107680262
26.91713115 1004.4724945345214
26.917255345 1004.5875890624633
26.917363652 1004.6317510615482
26.917390675 1004.6412186341655
26.917592468 1004.6963539373168
26.9230758 1004.7023426634258
26.924112183 1004.7024929080943
26.927915064 1004.7679361669826
26.930723441 1004.7699074772626
29.165055943 1004.7699074772627
30.352998147 1004.9309386973113
30.353251859 1004.9482965272258
30.353358041 1004.9924585263108
30.353385266 1005.0019260989283
30.353574527 1005.0570614020793
30.357183172 1005.1131077488368
30.363732762 1005.1286436317451
30.398326167 1005.1286436317453
30.399062739 1005.1306149420252
33.680478663 1005.1324917321451
33.680530507 1005.1939094640467
33.680668642 1005.3090039919884
33.68078437 1005.3531659910734
33.680812323 1005.3626335636908
33.681003523 1005.4177688668419
33.686384956 1005.4237575929511
33.687388363 1005.4239078376196
33.691004499 1005.4893510965078
33.830266467 1005.4893510965079
36.928994526 1005.6503823165566
36.929264597 1005.6677401464711
36.929364626 1005.7119021455561
36.929574044 1005.7765050213246
36.93315253 1005.832551368082
36.950713979 1005.8366453884498
36.968772328 1005.8366453884499
36.972175954 1005.8480872509906
40.088047556 1005.8499640411104
40.088158957 1005.9046289070574
40.088228504 1006.0264763009537
40.088328089 1006.0706383000386
40.088548068 1006.1352411758071
40.093741018 1006.1412299019163
40.09469326 1006.1413801465848
40.102399357 1006.1504791080624
40.107473847 1006.1527979615671
40.107573192 1006.1661610080821
40.108447743 1006.1953815429324
40.371060599 1006.1953815429325
41.110688776 1006.1953815429326
43.148773657 1006.3564127629812
43.149021496 1006.3737705928958
43.149123128 1006.4179325919807
43.149322717 1006.4825354677492
43.154515205 1006.4885241938584
43.155489445 1006.4886744385269
43.164010505 1006.4977734000046
43.168906179 1006.5000922535093
43.169017872 1006.5134553000241
43.171878554 1006.5405811586826
43.172538091 1006.5405811586827
43.257493783 1006.5405811586828
46.149209492 1006.7016123787314
46.149471919 1006.7189702086459
46.149580721 1006.7631322077309
46.14976793 1006.8277350834994
46.154811104 1006.8337238096086
46.155745644 1006.8338740542771
46.163864518 1006.8429730157548
46.169589928 1006.8452918692594
46.16969798 1006.8586549157743
46.174289469 1006.8857807744328
48.738374935 1006.8857807744329
49.084525195 1007.0468119944815
49.08475275 1007.064169824396
49.084858297 1007.108331823481
49.085038858 1007.1729346992495
49.089956111 1007.1789234253587
49.090856647 1007.1790736700272
49.09888902 1007.1881726315048
49.104293381 1007.1904914850095
49.104400444 1007.2038545315244
49.112347059 1007.218184973085
49.192615616 1007.2181849730852
51.912994632 1007.3792161931339
51.913243674 1007.3965740230484
51.91335165 1007.4407360221334
51.913527917 1007.5053388979019
51.918476229 1007.5113276240111
51.919377458 1007.5114778686795
51.92712575 1007.5205768301572
51.932555006 1007.5228956836618
51.942193672 1007.5459231888251
51.980382416 1007.5459231888252
53.505419614 1007.5459231888253
54.65529659 1007.7069544088739
54.655536388 1007.7243122387885
54.655641615 1007.7684742378734
54.655861619 1007.7826775127311
54.65771068 1007.7990424596198
54.665935442 1007.8100242444006
54.668387001 1007.822260999682
54.668558474 1007.8281250745747
54.674220571 1007.8506338994018
55.512397173 1007.850633899402
57.387100787 1008.0116651194506
57.387369926 1008.0290229493652
57.387467153 1008.0731849484501
57.387722493 1008.0873882233079
57.389544228 1008.1037531701966
57.397679304 1008.1147349549774
57.400037582 1008.1269717102588
57.406603781 1008.1297499753098
57.41426582 1008.1534096849754
58.117309872 1008.1534096849755
60.02584945 1008.3144409050241
60.026083361 1008.3317987349386
60.027807716 1008.3759607340236
60.028020021 1008.3901640088814
60.029729879 1008.40652895577
60.037638602 1008.4175107405508
60.039966264 1008.4297474958322
60.046867386 1008.4325257608832
60.059463329 1008.4325257608833
61.908475878 1008.4325257608834
62.734656224 1008.593556980932
62.734889294 1008.6109148108466
62.734983308 1008.6550768099315
62.735227203 1008.6692800847893
62.736965528 1008.685645031678
62.744874534 1008.6966268164588
62.747142634 1008.7088635717402
63.411675301 1008.7088635717403
65.355992988 1008.8698947917889
65.356239306 1008.8872526217034
65.358283928 1008.9456178956461
65.360490651 1008.9619828425348
65.367475692 1008.9729646273156
65.370021109 1008.9764368896865
65.370216081 1008.985201382597
65.889342913 1008.9852013825971
67.77706572 1009.1462326026458
67.777310093 1009.1635904325603
67.777604505 1009.221955706503
67.78065813 1009.2294975782789
67.789168091 1009.2442368205519
68.644738181 1009.244236820552
70.09272343 1009.4052680406007
70.092948805 1009.4226258705153
70.093255691 1009.4809911444579
70.095713809 1009.4885330162339
72.306734578 1009.4904098063538
72.3069021 1009.666922066197
72.3071557 1009.7252873401397
73.739631423 1009.7252873401399
74.431215138 1009.7271641302599
74.431361681 1009.903676390103
74.433175961 1009.9124148256818
74.446186929 1009.9283118246275
74.446715292 1009.9283118246276
74.45684095 1009.9298717564172
75.198111834 1009.9298717564174
76.438312736 1009.9669582547365
76.438579665 1010.056139552657
76.439503495 1010.1169992419592
76.452776072 1010.132896240905
76.45326869 1010.1328962409051
78.427381749 1010.1699827392243
78.427759159 1010.2348187964616
78.428075622 1010.236262859408
78.428852916 1010.2370739933489
78.437923949 1010.2982264424917
78.438466688 1010.3178744050092
78.450563393 1010.3244333778965
80.32227102 1010.3263101680166
80.322400705 1010.340088225982
80.322451175 1010.5028224278598
80.333657652 1010.5094115420006
82.155916854 1010.5464980403198
82.156284257 1010.611334097557
82.157319672 1010.6135892944443
82.166065068 1010.6747417435871
82.166585707 1010.6943897061046
83.947595333 1010.7314762044238
83.948046191 1010.779364940706
83.949937285 1010.796312261661
83.950404799 1010.7985674585483
83.958851467 1010.8597199076911
83.983313029 1010.8597199076912
85.65957227 1010.8615966978113
85.659900021 1010.9615366609106
85.660631752 1010.9616424632477
85.661544067 1010.963897660135
87.295030002 1010.965774450255
87.295377816 1011.0657144133545
87.296134469 1011.0658202156915
88.86921534 1011.0676970058115
88.869536232 1011.1676369689109
88.907845665 1011.167636968911
90.419588225 1011.2432261037627
90.423205538 1011.2447004991944
90.426062785 1011.2617396025408
91.107994202 1011.261739602541
91.881004782 1011.2988261008601
91.881457379 1011.3467148371424
91.890909386 1011.3558422361708
93.29470135 1011.4314313710225
93.31154339 1011.4408174707721
93.335113352 1011.4408174707723
94.681645655 1011.516406605624
94.699673441 1011.5187069046428
94.731758857 1011.518706904643
95.606027329 1011.5187069046431
96.007297898 1011.541013751403
96.007616714 1011.5517393947587
96.018415886 1011.5926964137295
96.055329728 1011.5926964137296
96.876419213 1011.5926964137298
97.257993358 1011.6150032604897
97.292579342 1011.6150032604899
98.072355918 1011.61500326049
98.451128846 1011.6311413057366
98.459664341 1011.637233659105
98.46112429 1011.63731010725
98.465547772 1011.6373101072501
99.596004292 1011.6534481524967
99.600886447 1011.6595405058652
100.212790174 1011.6595405058653
