0.000362926 1002.0970305967952
0.000464015 1002.1358203821363
0.000593214 1002.1447968482174
0.000643201 1002.1751176860192
0.000707935 1002.2254550822926
0.000774476 1002.2414809447865
0.000802141 1002.2983063219936
0.00090672 1002.3276904410928
0.007138099 1002.3554572194449
0.008429059 1002.410381038057
0.012965308 1002.497672183618
0.018577007 1002.5363806708737
0.029374239 1002.6298160760635
0.079262904 1002.6703310302319
0.079338771 1002.6997151493312
0.084168176 1002.7274819276832
0.085245687 1002.7824057462954
0.088863779 1002.8696968918563
0.093288186 1002.908405379112
0.101841982 1003.0018407843019
0.179875822 1003.001840784302
0.224318197 1003.0084023896435
0.588205705 1003.0213353523403
0.831501527 1003.0254495721539
0.950364706 1003.0404110195564
1.08606398 1003.0422548016625
1.189667749 1003.0422548016626
1.326690607 1003.0436972150028
1.5627697600000001 1003.0451354417268
1.666044956 1003.0456419032688
1.74357538 1003.0456419032689
1.786558346 1003.049267751154
2.084898534 1003.0520417476826
2.202451434 1003.0525750594273
2.280118659 1003.0525750594275
2.504017717 1003.0633262082556
2.740532108 1003.0646784726026
2.800260028 1003.0785095113553
2.879487802 1003.0785095113554
2.922152062 1003.0837704349716
3.156185233 1003.0845000610608
3.214501276 1003.0963378449349
3.273572313 1003.1023956722813
3.7024615880000002 1003.1506173538165
3.921697354 1003.1893258410721
3.99778322 1003.1893258410722
4.255567219 1003.222275684527
4.255682414 1003.231252150608
4.255724795 1003.2615729884099
4.255780006 1003.3119103846832
4.255833676 1003.3279362471771
4.255860177 1003.3847616243842
4.255939773 1003.4141457434833
4.25680453 1003.4141457434835
4.2615967 1003.4419125218355
4.265342834 1003.5172805671635
4.266114131 1003.5841274860086
4.270406209 1003.6228359732642
4.443496309 1003.6228359732643
4.8496485620000005 1003.6241882376112
4.858312883 1003.6241882376113
5.315102765 1003.64328019998
5.323536278 1003.6432801999802
6.245696021 1003.6440098260694
6.254433884 1003.6440098260695
6.714353486 1003.6558476099434
8.326158139 1003.7634398909103
8.326209462 1003.8022296762514
8.326329278 1003.8415269801343
8.326387976 1003.8918643764076
8.326442025 1003.9078902389016
8.326467543 1003.9647156161086
8.326549862 1003.9940997352078
8.327429954 1003.9940997352079
8.333111928 1004.0767903321721
8.350689691 1004.0781425965191
8.352381526 1004.0972345588881
8.369211601 1004.0979641849774
10.491594156 1004.1105315949407
12.267079979 1004.2181238759075
12.26713069 1004.2569136612486
12.267251296 1004.2962109651315
12.26730877 1004.346548361405
12.267362578 1004.3625742238988
12.267387216 1004.4193996011059
12.267469448 1004.4487837202051
12.273916139 1004.5314743171695
12.291193855 1004.5328265815165
12.292815715 1004.5519185438853
16.094505665 1004.6655536824097
16.094560757 1004.7043434677508
16.094660591 1004.7133199338319
16.094706292 1004.7436407716337
16.09476097 1004.7939781679072
16.094817603 1004.810004030401
16.094844063 1004.8668294076082
16.095104878 1004.8852132101491
16.095964318 1004.8852132101492
16.100628248 1004.9789041236717
17.427075938 1004.9789041236718
17.830079684 1004.9867809404243
18.0442467 1004.9867809404244
19.827456774 1005.0990638146018
19.827505797 1005.1378535999429
19.827599661 1005.146830066024
19.827641377 1005.1771509038258
19.827693615 1005.2274883000993
19.827749489 1005.2435141625931
19.827774842 1005.3003395398002
19.828034779 1005.3187233423412
19.828869449 1005.3187233423413
19.837270575 1005.4124142558637
23.453992653 1005.5263923064449
23.454041366 1005.565182091786
23.454157295999998 1005.6044793956689
23.456271843 1005.6548167919423
23.456324632 1005.6708426544362
23.456570857 1005.7460518341843
23.46168155 1005.7541615901876
23.477631535 1005.8256842906052
25.377456306 1005.8318659309541
26.970383618 1005.9520256218842
26.97042486 1005.9908154072253
26.970539241 1006.0301127111082
26.970592608 1006.0804501073816
26.970644046 1006.0964759698755
26.97089242 1006.1716851496236
26.984052131 1006.1784753146281
26.984761736 1006.1784753146283
26.991680212 1006.2513176060445
30.3994341 1006.3714772969746
30.399488483 1006.4102670823157
30.399595771 1006.4495643861986
30.399651116 1006.499901782472
30.39970325 1006.5159276449659
30.399943304 1006.591136824714
30.411897893 1006.5979269897185
30.605289851 1006.5979269897186
33.742503504 1006.7180866806489
33.742550957 1006.7568764659899
33.742653106 1006.7961737698729
33.742724546 1006.8180883713782
33.742763633 1006.8625370286402
33.74299719 1006.9377462083881
33.74374814 1006.9377462083883
33.769092247 1006.9445363733928
36.99779606 1007.0646960643229
36.997844283 1007.103485849664
36.997958092 1007.1427831535469
36.99802851 1007.1646977550522
36.99806753 1007.2091464123142
36.998275615 1007.2843555920623
38.077152518 1007.2843555920624
40.150669599 1007.3184256365038
40.151953094 1007.4479926592409
40.152104513 1007.4627743748757
40.156224808 1007.5546811445947
40.182786749 1007.6073906221513
40.191263117 1007.6241748107319
43.255758185 1007.6582448551735
43.256792595 1007.7878118779105
43.256946735 1007.8025935935453
43.263002796 1007.879487064673
43.270624456 1007.8794870646731
43.287720921 1007.947209840821
46.266765061 1007.9812798852624
46.267819717 1008.1108469079994
46.267990207 1008.1256286236344
46.274079287 1008.202522094762
48.013620671 1008.2025220947621
49.213168137 1008.2365921392036
49.214134064 1008.3661591619406
49.214283555 1008.3809408775754
49.222344008 1008.4330545431852
49.2237368 1008.451029749579
49.227674052 1008.4578343487032
52.06269058 1008.4919043931446
52.063631167 1008.6214714158816
52.0637911 1008.6362531315165
52.072115712 1008.6883667971263
52.073488206 1008.70634200352
52.502517947 1008.7063420035201
54.795247643 1008.7404120479616
54.796198898 1008.8699790706986
54.796359292 1008.8847607863335
54.803852371 1008.9368744519433
54.806992963 1008.9428492530192
57.467262214 1009.1064863201976
57.47086842 1009.1064863201977
57.474835659 1009.1733817014424
59.014181027 1009.1733817014425
60.141789041 1009.337018768621
60.149210742 1009.4015154353277
62.665022444 1009.5651525025062
62.675290709 1009.5895146650804
62.676981201 1009.5933282997904
62.677226391 1009.6236577030367
63.881906536 1009.6236577030368
65.157563562 1009.7872947702152
65.161035214 1009.7872947702153
65.167336287 1009.8154705674996
65.175357063 1009.8457999707457
65.329992382 1009.8457999707458
67.490570845 1010.0094370379242
67.500107617 1010.0376128352084
68.009834274 1010.0376128352085
69.337111391 1010.0376128352086
69.722408093 1010.2012499023871
69.746024965 1010.2256120649613
71.852054398 1010.3892491321396
72.144661773 1010.3892491321398
73.115171302 1010.3892491321399
73.766591087 1010.38924913214
73.915371357 1010.4238442911604
73.915920415 1010.4281716943236
73.91625926 1010.5464186236503
73.917071253 1010.5507456454064
73.917346353 1010.5528861993182
73.969762686 1010.5528861993183
74.225765917 1010.5528861993184
75.888977064 1010.5874813583389
75.889852136 1010.7100556908288
75.906123318 1010.7131897882862
76.131272427 1010.7131897882863
77.402072824 1010.7131897882864
77.869183729 1010.7565757759021
77.87120735 1010.825576666757
77.884726998 1010.8266483403827
77.885124543 1010.8683438705149
78.101944984 1010.868343870515
79.597081191 1010.8683438705151
79.775391067 1010.9117298581308
79.776735321 1010.9807307489857
80.373085597 1010.9807307489858
81.518943321 1010.9807307489859
81.607506497 1011.0241167366016
81.612440693 1011.0365886272712
81.615972095 1011.0412312663015
81.624023956 1011.044908005304
81.625141671 1011.0857226211185
81.877127004 1011.0857226211186
83.280717623 1011.0857226211187
83.365803338 1011.1291086087343
83.369801385 1011.141580499404
83.373260342 1011.1462231384344
83.381312669 1011.1498998774368
83.38390826 1011.1619585203077
83.62815417 1011.1619585203078
84.982016683 1011.161958520308
85.06201481 1011.2053445079237
85.066450533 1011.2178163985932
85.069666188 1011.2224590376235
85.077114545 1011.226135776626
85.337702988 1011.2261357766262
86.714381455 1011.2266482664577
86.714532201 1011.2537632506953
86.714566464 1011.2819936549115
86.718144914 1011.2830186038882
86.727967021 1011.2866362939419
86.740825376 1011.286636293942
88.298544317 1011.2871487837735
88.298677634 1011.3142637680112
88.29871209 1011.3424941722274
88.302420394 1011.343519121204
88.312170591 1011.3446477221613
88.378393133 1011.3446477221614
88.811108415 1011.3446477221615
89.817575721 1011.3700631370998
89.826284045 1011.4015305494236
89.889244758 1011.4015305494237
91.298711379 1011.426945964362
91.315158777 1011.4269459643621
91.601149107 1011.4269459643622
92.727226641 1011.4274584541938
92.727923275 1011.441984514568
94.095970827 1011.4424970043997
99.028984264 1011.5204972426433
99.499443728 1011.5204972426434
