0.000367469 998.7065350462276
0.00046733 998.9814862237627
0.000658472 999.0413695384184
0.00077827 999.0451060903075
0.003913316 999.0750944006919
0.003968455 999.1198427168277
0.004153203 999.176319416367
0.004969594 999.1910588690321
0.017366362 999.1915165117995
0.018403953 999.1915165117996
0.078418557 999.4068492067584
0.07854266 999.4667325214141
0.078613763 999.4704690733032
0.080916864 999.5004573836875
0.081106981 999.6016823993627
0.081737273 999.6164218520277
0.092685336 999.6168794947952
0.152184985 999.6168794947953
0.323267659 999.6182292387207
0.333089572 999.6186868814881
0.333901075 999.6186868814882
0.514087776 999.6186868814883
0.564149989 999.6217155420029
0.644704419 999.6224784516202
0.706740275 999.6224784516203
0.867127682 999.6248046760546
0.87694507 999.625262318822
0.87774187 999.6252623188221
0.998243785 999.6252640588683
0.999052325 999.6252640588684
1.05944924 999.6252640588685
1.109363563 999.6308660319146
1.119169099 999.6313236746821
1.3592967470000001 999.6323459877824
1.591241049 999.6330228201381
1.600859949 999.6334804629055
1.650967032 999.6382767871455
1.660499825 999.6387344299129
1.661284658 999.638734429913
1.781470444 999.6388255684551
1.832759767 999.6406764054325
1.8424937780000001 999.6411340481999
1.9041104899999999 999.6411340482
2.07337006 999.6500634041893
2.083028035 999.6505210469567
2.083840319 999.6505210469568
2.191506786 999.6520085575246
2.192111665 999.6667480101895
2.201847555 999.6672056529569
2.202649326 999.667205652957
2.380739442 999.6672056529571
2.430492694 999.6690395108031
2.440167676 999.6694971535705
2.489615332 999.6727189127604
2.510946813 999.6731765555279
2.608029289 999.6766366611507
2.617846309 999.6770943039181
2.618643671 999.6770943039182
2.847922766 999.7038991527196
2.857671378 999.704356795487
3.083699824 999.7070783862877
3.093398079 999.7075360290552
3.152364993 999.7075360290553
3.321687829 999.7083167175374
3.331388515 999.7087743603048
3.332142169 999.7087743603049
3.441033109 999.7180459139571
3.461187403 999.7185035567245
3.572796866 999.7185035567246
3.68957815 999.7335710034575
3.749855698 999.7335710034577
3.9254532810000002 999.7483104561225
3.926253509 999.7483104561226
4.044289937 999.7487680988899
4.1073446 999.74876809889
4.27479848 999.7907736782431
4.274836818 1000.0657248557782
4.275033215 1000.129344722323
4.277365346 1000.1593330327073
4.277408773 1000.2040813488431
4.27756868 1000.2605580483826
4.278225501 1000.2752975010475
4.788864741 1000.2752975010476
4.867064606 1000.2903649477805
5.042405286 1000.2903649477806
5.331818395 1000.2908225905479
5.446274126 1000.290822590548
7.187149712 1000.3055620432128
7.3022342479999995 1000.305562043213
8.32678018 1000.3630927120665
8.32683876 1000.3891479723642
8.326866071 1000.4989538804633
8.326948525 1000.6028212166506
8.327057146 1000.7016637561463
8.327922186 1000.7016637561464
8.330615679 1000.7306297534304
8.331369166 1000.7316520665307
8.333136505 1000.8068421078035
8.333972468 1000.8068421078036
8.344431484 1000.832877082206
8.37705242 1000.8476165348709
9.911736299 1000.847616534871
12.265172701000001 1000.9198866563895
12.265238364 1000.9459419166872
12.265265516 1001.0557478247863
12.265348011 1001.1596151609735
12.265463037 1001.2584577004693
12.266304762 1001.2584577004694
12.269097893 1001.2874236977534
12.271625493 1001.3636360521265
12.2724455 1001.3636360521266
12.618699301 1001.3636360521267
16.091565451 1001.4359061736453
16.091623726 1001.461961433943
16.091649393 1001.5717673420421
16.091726658 1001.6756346782294
16.091833585 1001.7744772177251
16.095201115 1001.8034432150092
16.098125016 1001.81085397024
16.098379404 1001.8796555693824
19.798131657 1001.9519256909008
19.798197196 1001.9779809511984
19.798223441 1002.0877868592977
19.798304074 1002.191654195485
19.798410233 1002.2904967349808
19.8017323 1002.3194627322648
19.808937794 1002.3576362111532
19.815840079 1002.3924958530697
19.867255591 1002.3924958530698
23.405499035 1002.4647659745882
23.40556705 1002.4908212348859
23.405593359 1002.6006271429851
23.405671067 1002.7044944791724
23.405777632 1002.8033370186682
23.40908916 1002.8323030159522
23.416098746 1002.8704764948407
23.467435875 1002.8704764948408
26.933563935 1002.9427466163593
26.933623974 1002.9688018766569
26.933649153 1003.0786077847562
26.933801707 1003.2813176604392
26.937010598 1003.3102836577232
26.937762729 1003.3102836577233
30.366661841 1003.3825537792418
30.366743224 1003.5184149476387
30.366981381 1003.5221721992833
30.367051518 1003.6572419841108
30.367230317 1003.6664520077705
30.367678887 1003.7211248233217
30.375002349 1003.7500908206058
33.701083087 1003.8223609421243
33.701153026 1003.9582221105212
33.70132208 1004.1609319862042
33.71714745 1004.1838366276282
33.717465532 1004.1838383676748
36.948200194 1004.2561084891933
36.948275274 1004.39196965759
36.948472395 1004.3957269092347
36.948543887 1004.5307966940622
36.948734512 1004.540006717722
36.971885007 1004.5577720172711
39.147308298 1004.5577720172712
40.119989216 1004.6300421387896
40.120071446 1004.7659033071865
40.12029251 1004.7696605588312
40.120363633 1004.9047303436587
40.120544811 1004.9139403673183
40.144875431 1004.9317056668675
43.194482675 1005.003975788386
43.19457403 1005.1398369567828
43.194777948 1005.1435942084275
43.194847553 1005.278663993255
43.195013394 1005.2878740169148
46.184548067 1005.4152463075856
46.18615814 1005.4766834261208
46.189099599 1005.4805528461897
46.189742975 1005.4960053068302
46.191441132 1005.5794341472437
46.193287198 1005.6334433641048
46.206788428 1005.6348323433023
46.223669014 1005.6348323433024
49.117151383 1005.762204633973
49.118664141 1005.7803566737094
49.11919621 1005.8236417525083
49.121389527 1005.8275111725773
49.123674905 1005.9263924736313
49.124664297 1005.9804016904924
49.149630705 1005.9804016904925
52.006759734 1006.1077739811633
52.008013765 1006.1692110996985
52.01080185 1006.1730805197674
52.013067783 1006.2719618208214
52.017897202 1006.3103299102811
52.027673309 1006.3243168808563
54.825784463 1006.4516891715268
54.827340438 1006.4637475173149
54.829872372 1006.5169957101311
54.832134895 1006.6158770111851
54.837163453 1006.6390268985137
54.837251886 1006.6448694106133
54.854000175 1006.6483232872586
54.89265797 1006.6483232872587
55.380407968 1006.6483232872588
57.55721004 1006.7756955779294
57.561182819 1006.8410021165336
57.561844883 1006.8410021165337
57.564756727 1006.865586892845
57.565393342 1006.8655868928452
57.568013272 1006.8931959812835
57.568452004 1006.9688758170157
60.174965314 1006.9688758170158
60.184579709 1007.0962481076864
60.187910417 1007.1008746054423
60.188450295 1007.1615546462906
60.191085032 1007.1861394226022
60.196058709 1007.2137485110405
60.214993377 1007.2417809369271
62.736393475 1007.2417809369272
62.744179751 1007.3691532275977
62.747850056 1007.4344597662019
62.750429899 1007.4590445425135
62.753599766 1007.4866536309519
62.893516164 1007.486653630952
65.332836256 1007.5518487998831
65.33325574 1007.59428066931
65.335697895 1007.6186524193785
65.337736269 1007.6317268336397
65.34289946 1007.7035158662779
65.345125637 1007.7082701900747
67.834556923 1007.773465359006
67.834962724 1007.8158972284328
67.837507982 1007.8402689785012
67.838069611 1007.8402689785013
67.839565859 1007.8533433927626
67.840748847 1007.8846741447596
67.844372369 1007.9251324254008
67.847741216 1007.9298867491973
68.093793193 1007.9298867491974
70.092673462 1007.9950819181286
70.09304724 1008.0375137875554
70.095318949 1008.0618855376239
70.097239384 1008.0749599518851
70.098434713 1008.1062907038822
70.102007252 1008.1467489845234
72.232225407 1008.2119441534546
72.232620851 1008.2543760228814
72.234920345 1008.2787477729498
72.235460596 1008.2787477729499
72.236844471 1008.291822187211
72.237335786 1008.3231529392081
72.23785005 1008.3231529392082
72.247773019 1008.3366614636873
72.247913771 1008.3395533954942
72.253832831 1008.359938581981
72.261215952 1008.3636112198493
74.308013624 1008.4288063887805
74.30840489 1008.4712382582073
74.310579086 1008.4956100082759
74.312493483 1008.508684422537
74.313637783 1008.5400151745341
74.323629298 1008.5535236990131
74.323779005 1008.5564156308202
74.331129311 1008.563501091718
74.475967191 1008.5635010917181
75.105580241 1008.5635010917182
76.315249914 1008.6286962606492
76.315726902 1008.6581628185021
76.317818389 1008.6954998801447
76.31966655 1008.7085742944058
76.320839342 1008.7399050464029
76.330511651 1008.7534135708819
76.330636307 1008.7563055026891
78.317725805 1008.8215006716202
78.31819087 1008.8509672294731
78.320287465 1008.8883042911154
78.320811211 1008.8883042911156
78.322109155 1008.9013787053766
78.322604985 1008.9327094573737
78.332356424 1008.9462179818529
80.208957854 1009.0114131507842
80.209465602 1009.0408797086368
80.211473935 1009.0782167702794
80.213297381 1009.0912911845405
80.218145328 1009.1047761641166
80.218192435 1009.1132203675618
80.220653082 1009.1155222624257
80.23512634 1009.1155222624258
82.053409964 1009.180717431357
82.053841186 1009.2101839892097
82.055810197 1009.2475210508522
82.057563406 1009.2605954651134
82.062356153 1009.2740804446895
82.062404013 1009.2825246481347
82.064807457 1009.2848265429985
83.822079625 1009.3500217119298
83.822561794 1009.3794882697827
83.824439317 1009.416825331425
83.824941573 1009.4168253314251
83.826150027 1009.4298997456862
83.830274447 1009.4518289287074
85.538491007 1009.483158541217
85.538760798 1009.5464906554915
85.542987923 1009.583827717134
85.544212159 1009.5969021313953
87.190023829 1009.6282317439046
87.190291476 1009.6915638581792
87.192614675 1009.7289009198216
87.194504433 1009.739194476076
88.775842571 1009.7705240885854
88.776091837 1009.8338562028599
88.778294417 1009.8711932645024
88.794682535 1009.8737537953168
88.861068765 1009.873753795317
90.30231194 1009.9050834078264
90.302578762 1009.9684155221009
90.315239726 1009.9802358303523
91.773784188 1010.0115654428618
91.774042646 1010.0748975571361
91.790704139 1010.0783887678728
91.872607495 1010.078388767873
93.1826312 1010.1097183803823
93.182871934 1010.1730504946569
93.534545809 1010.173050494657
94.384961968 1010.1730504946571
94.543596895 1010.251848921675
95.251218559 1010.2518489216752
95.892209374 1010.278386095006
95.892885813 1010.2912421676858
95.907112989 1010.3096751868792
97.137603673 1010.33621236021
97.138253443 1010.3490684328898
97.722537983 1010.3490684328899
98.33797533 1010.3756056062206
98.34487543 1010.3884616789004
98.528023137 1010.3884616789006
99.484816433 1010.4048191731252
99.496529155 1010.4048191731255
