0.000364094 997.1127428438772
0.000464373 997.1773407038083
0.000516104 997.288350971337
0.000641943 997.328189658177
0.00080346 997.3311597448827
0.000999072 997.3945113575783
0.002372366 997.436304110863
0.002450479 997.4610524831376
0.002521282 997.555165254226
0.007169173 997.597531109267
0.00739994 997.6934542509575
0.01636692 997.8391377498108
0.073758748 997.8391377498109
0.080308814 997.8525694401176
0.081282499 997.8943621934023
0.081339741 997.9191105656769
0.081394178 998.0132233367653
0.085200355 998.0555891918063
0.085385215 998.1515123334968
0.092562696 998.2971958323501
0.137725307 998.2971958323502
0.215249966 998.3020648684203
0.216033036 998.3020648684204
0.322977903 998.3020648684205
0.339849602 998.3031681560559
0.418084355 998.303168156056
0.602857336 998.3047330596493
0.629287048 998.3047330596494
0.725335266 998.305739117721
0.828787148 998.3085417074694
0.949330515 998.3120051011629
0.967759017 998.312005101163
1.069934341 998.3142906243099
1.173362332 998.31429062431
1.311403559 998.3150656706155
1.312193024 998.3150656706156
1.415845454 998.3150656706157
1.4493477160000001 998.3308490251669
1.476138334 998.330849025167
1.56924577 998.3326834949448
1.71313155 998.332683494945
1.787226171 998.3433785447314
1.7880223750000002 998.3433785447315
1.9079840099999998 998.344544803279
2.026789486 998.347216169444
2.027555177 998.3472161694441
2.27069942 998.3613136604512
2.288631346 998.3613136604513
2.512840096 998.363048538416
2.632345905 998.3681988284617
2.867183805 998.3834400381633
2.867961358 998.3834400381634
3.108326916 998.3926229920858
3.109149458 998.3926229920859
3.214060367 998.392622992086
3.229934526 998.3931189740406
3.23072644 998.3931189740407
3.452818114 998.3931189740408
3.470302302 998.4056048695544
3.7073553 998.4222538256253
3.888065414 998.4434263646265
3.906126382 998.4434263646267
4.071945317 998.538802472894
4.300803079 998.5415009366952
4.300904993 998.5813396235353
4.301027463 998.584309710241
4.3011807 998.6476613229365
4.302166158 998.6894540762213
4.302223225 998.7142024484958
4.302281923 998.8083152195843
4.306002284 998.8506810746253
4.306187733 998.9466042163158
4.313137187 999.092287715169
4.472872153 999.0927836971238
4.605618418 999.0927836971239
8.323634034 999.1957588371365
8.323794174 999.1985386491305
8.323865439 999.2385676106821
8.324986935 999.2689360841821
8.325033498 999.3437119766625
8.3250869 999.368460348937
8.326066072 999.4081033936105
8.328805274 999.4414249804616
8.32894439 999.6008621167571
9.005334447 999.6462689393989
9.118701269 999.646268939399
9.569269346 999.6467649213537
10.963474222 999.6467649213538
12.265546593 999.6841366164796
12.265597689 999.7951468840082
12.265742536 999.7979266960023
12.267953476 999.8304834119333
12.26841771 999.8356821036894
12.268899295 999.8683241310539
12.268941512 999.9431000235343
12.268993148 999.9678483958088
12.269088218 1000.0074914404823
12.272468175 1000.1043270219383
12.273032367 1000.1505097343197
12.274884988 1000.1543473590322
13.486847927 1000.1548433409869
14.806703514 1000.154843340987
16.120089495 1000.1927110180675
16.120206192 1000.2860743970966
16.12027294 1000.3065010975902
16.120430636 1000.3390578135212
16.120920616 1000.3442565052773
16.121421344 1000.3768985326418
16.12150268 1000.4764227973967
16.122436455 1000.5160658420702
16.130045482 1000.5328651212224
16.13109815 1000.5490266939103
16.133699064 1000.5614599225046
16.13404989 1000.5922205432099
16.134175754 1000.6118946888326
16.1353535 1000.6177704595965
16.16842493 1000.6307712617917
16.170678226 1000.6629217606201
16.189436944 1000.6629217606202
19.856767106 1000.7007894377007
19.856904938 1000.7941528167298
19.856975592 1000.8145795172234
19.857146075 1000.8471362331544
19.857636763 1000.8523349249105
19.858141009 1000.884976952275
19.858226451 1000.9845012170299
19.863211422 1001.0075038930864
19.863520622 1001.0220041343964
19.866726833 1001.0409435408556
19.867758844 1001.0571051135435
19.870311509 1001.0695383421378
19.870652562 1001.1002989628431
19.870774084 1001.1199731084658
19.87193799 1001.1258488792297
20.108363012 1001.1258488792298
23.496259515 1001.1637165563104
23.496391886 1001.2570799353396
23.496460278 1001.2775066358331
23.496604955 1001.310063351764
23.49709853 1001.3152620435201
23.497600872 1001.3479040708847
23.497686435 1001.4474283356396
23.502668897 1001.4704310116962
23.502963799 1001.484931253006
23.507126352 1001.5200322321532
23.509604917 1001.5324654607475
23.509945684 1001.5632260814529
23.510062979 1001.5829002270756
27.053548487 1001.6207679041562
27.053678159 1001.7141312831853
27.053904622 1001.7671146996099
27.054402804 1001.772313391366
27.054883288 1001.8049554187305
27.054975269 1001.9044796834854
27.05985924 1001.927482359542
27.060139193 1001.9419826008519
27.064153515 1001.9770835799991
27.066984841 1002.0202774292986
27.067176661 1002.0367749911657
30.51165763 1002.0746426682462
30.511787969 1002.1680060472754
30.511877395 1002.188432747769
30.512033756 1002.2209894636999
30.512542435 1002.226188155456
30.513006993 1002.2588301828205
30.513092294 1002.3583544475754
30.513941451 1002.3583544475755
30.517945864 1002.381357123632
30.518229901 1002.395857364942
30.522254334 1002.4309583440892
30.535734349 1002.4391573032475
30.548318636 1002.4599447070101
33.889547917 1002.4978123840906
33.889678532 1002.5911757631198
33.88974949 1002.6116024636134
33.889899655 1002.6441591795443
33.890692733 1002.6441591795444
33.890869827 1002.6819998986649
33.890952105 1002.7815241634198
33.891764011 1002.7815241634199
33.895704081 1002.8045268394765
33.899834253 1002.8541280599335
35.117571711 1002.8541280599336
35.211619973 1002.8541280599337
37.171707284 1002.8919957370141
37.171835474 1002.9853591160435
37.172048613 1003.0383425324679
37.172956039 1003.0761832515885
37.173041254 1003.1757075163433
37.173874974 1003.1757075163434
37.177781169 1003.1987101924
37.193583012 1003.2261005985814
37.197931446 1003.2261005985815
38.801844627 1003.2261005985816
40.378810033 1003.2639682756621
40.379086334 1003.3446991200348
40.379161323 1003.4103150711159
40.380036611 1003.4481557902365
40.380120713 1003.5476800549914
40.384711263 1003.5706827310479
40.404237644 1003.5980731372294
41.296621065 1003.5980731372296
43.667256086 1003.63594081431
43.667536014 1003.7166716586826
43.667605369 1003.7822876097637
43.668461815 1003.8201283288843
43.668546605 1003.9196525936392
43.673064618 1003.9426552696958
43.741228717 1003.9426552696959
46.813348896 1003.9805229467765
46.813605626 1004.0612537911492
46.813671876 1004.1268697422303
46.814466352 1004.1647104613509
46.814546721 1004.2642347261058
46.821499415 1004.2836912485667
46.822156639 1004.2836912485668
46.853278884 1004.2836912485669
49.940045903 1004.3215589256475
49.940378507 1004.4679057211013
49.941208191 1004.5057464402219
49.941293898 1004.6052707049768
49.948719881 1004.6247272274377
50.250782095 1004.6247272274378
52.937614599 1004.6625949045183
52.937793754 1004.7763849840411
52.937932308 1004.808941699972
52.938700128 1004.8467824190926
52.938779526 1004.9463066838475
53.10359682 1004.9463066838476
54.757777837 1004.9463066838478
55.818041639 1004.9841743609283
55.81835427 1005.130521156382
55.819166476 1005.1683618755026
55.819979016 1005.2678861402575
56.087828728 1005.2678861402576
58.474254553 1005.305753817338
58.474370397 1005.3991171963673
58.474445882 1005.4195438968609
58.474568713 1005.4521006127918
58.476396552 1005.4912789649827
58.476491883 1005.5050209064502
58.477958842 1005.5365553086409
58.486681825 1005.5536489234046
58.486723162 1005.5713887307913
58.493213791 1005.5765626763877
58.601528393 1005.5765626763878
61.04507858 1005.6144303534683
61.045261144 1005.7282204329911
61.045389321 1005.760777148922
61.047168455 1005.7999555011129
61.047261636 1005.8136974425803
61.057293952 1005.8623254595346
61.057335699 1005.8800652669215
61.077473289 1005.8820149761752
61.225749176 1005.8820149761754
63.507370353 1005.9198826532559
63.507692232 1006.0662294487096
63.511409847 1006.1191497423679
63.521547933 1006.1221397317429
63.521589996 1006.1641997595502
63.525478092 1006.1787152881043
63.539479961 1006.185517566709
63.590777292 1006.1855175667091
63.828838993 1006.1855175667092
65.887998723 1006.2233852437896
65.8881198 1006.316748622819
65.88887137 1006.3697320392436
65.890137938 1006.4226523329016
65.89077207 1006.4226523329019
65.895843755 1006.4292668575879
65.896400904 1006.429266857588
65.900227354 1006.4677023500842
65.904074855 1006.4822178786382
66.070740663 1006.4822178786383
67.455089557 1006.4822178786384
68.228288219 1006.520085555719
68.228684318 1006.5775229607425
68.229053582 1006.613448934748
68.229179768 1006.6664323511726
68.230420104 1006.719352644831
68.24030335 1006.722342634206
68.240345534 1006.7644026620134
69.139326653 1006.7644026620135
70.479573693 1006.802270339094
70.47999718 1006.8597077441176
70.480372928 1006.8956337181232
70.480469586 1006.9486171345477
70.482778458 1006.9539568028213
70.489461649 1006.9756592720989
70.491041572 1007.0045274175811
70.501594263 1007.0081519528923
71.058451666 1007.0081519528924
72.642077046 1007.0460196299729
72.642440957 1007.1034570349965
72.642882279 1007.1923664254266
72.645131564 1007.1977060937002
72.654767274 1007.2367214977185
72.654982368 1007.24827670846
74.677119725 1007.2482767084601
74.760319586 1007.2861443855406
74.760711087 1007.3435817905643
74.761148431 1007.4324911809942
74.763409976 1007.4378308492678
74.77357452 1007.4768462532861
74.815322187 1007.4768462532862
76.72768912 1007.4768462532863
76.791426785 1007.5147139303667
76.791794167 1007.5721513353903
76.792170177 1007.6610607258204
76.794397935 1007.666400394094
77.73561350599999 1007.6664003940941
78.782192452 1007.7042680711747
78.782562883 1007.7617054761982
78.784549702 1007.8506148666285
79.188768606 1007.8506148666286
80.673621073 1007.8884825437091
80.674017666 1007.9459199487327
80.675514505 1007.997285422865
80.691133966 1008.0216382704308
80.698065118 1008.0300227035333
82.507720783 1008.0678903806137
82.508108866 1008.1253277856373
82.508532627 1008.1253277856374
82.509535197 1008.1766932597696
82.510080271 1008.1766932597699
82.525539856 1008.2010461073354
82.65618057 1008.2010461073355
84.010545661 1008.2010461073356
84.301662517 1008.2166553219652
84.303137545 1008.3477166635721
84.320641268 1008.3695906183782
85.524881381 1008.3695906183783
86.030532682 1008.4074582954588
86.030921398 1008.4648957004824
86.032322845 1008.5162611746148
87.193848064 1008.5162611746149
87.687151664 1008.5423297688939
87.68733337 1008.6115662567191
87.696648118 1008.6299417270341
87.698871509 1008.6518220232375
87.705395562 1008.6518220232376
87.709442871 1008.6629317308515
89.295100452 1008.6890003251305
89.29530328 1008.7582368129555
89.295705272 1008.7582368129556
89.304288145 1008.7766122832707
89.30646977 1008.7984925794741
89.312840176 1008.7984925794742
89.351254015 1008.7984925794743
90.836114052 1008.8245611737534
90.836301556 1008.8937976615784
90.836366386 1008.9114594323967
90.845008472 1008.9121731318936
90.851349468 1008.9306606449557
92.31842528 1008.9567292392345
92.318511192 1009.0436274978778
92.327212372 1009.0443411973747
92.389384936 1009.0443411973749
93.740884573 1009.0704097916539
93.740951217 1009.1573080502972
95.128242682 1009.1906597987696
95.13294972 1009.2019959371786
95.133291573 1009.2019959371787
95.136568022 1009.2153659106567
95.136923059 1009.2153659106568
95.136968499 1009.2471505667962
95.142029793 1009.2543634679572
95.142068659 1009.2689568697177
95.485578282 1009.2689568697178
96.453349715 1009.3023086181901
96.457832265 1009.3136447565993
96.461084907 1009.3270147300774
96.461915854 1009.3363659985588
96.462221957 1009.3587993862168
96.46565265 1009.3660122873779
96.465719031 1009.3796692962375
96.466002857 1009.3806056891382
96.612008161 1009.3806056891384
97.716998977 1009.4252935760197
97.717379595 1009.4252935760198
97.720248283 1009.4386635494978
97.720576779 1009.438663549498
97.720671598 1009.4480148179795
97.720985417 1009.4704482056375
97.724578857 1009.4706535044979
97.727328742 1009.4732532522077
97.72742299 1009.4869386165369
98.940194791 1009.5316265034184
98.94055123 1009.5316265034185
98.943423637 1009.5449964768965
98.943741697 1009.5449964768966
98.943775538 1009.576781133036
98.948368999 1009.5769473748927
98.965662878 1009.5769473748928
