0.000361295 1000.0667310098546
0.000460445 1000.2934015521308
0.000739213 1000.3966556025115
0.004672383 1000.4065456583479
0.016569398 1000.4077957202015
0.023805424 1000.421335961402
0.024276369 1000.4214748854571
0.024324715 1000.4394503280827
0.024431295 1000.4605627681086
0.080059888 1000.6730319767072
0.080255658 1000.7762860270878
0.083239864 1000.7861760829243
0.092587904 1000.7874261447779
0.098705838 1000.8009663859783
0.099077068 1000.8011053100334
0.099117771 1000.819080752659
0.09919828 1000.840193192685
0.282473718 1000.8418393515925
0.525432045 1000.8462272726491
0.648084846 1000.8468411073928
0.770878159 1000.847008889801
0.831973624 1000.8472597230162
0.951388811 1000.847606576223
1.191621781 1000.8483485170785
1.311950719 1000.8483485170786
1.430925363 1000.8488535668874
1.634755527 1000.8507434177961
1.665219233 1000.8507434177964
1.901664491 1000.8661652003706
2.047970617 1000.8671873825252
2.259833442 1000.871621193376
2.3499136529999998 1000.8716274466614
2.380622607 1000.8716274466616
2.555299188 1000.8728826261341
2.675877766 1000.8781293893362
2.735975394 1000.8781293893363
2.794606826 1000.881517502498
2.913284866 1000.8823082248392
3.14754645 1000.8876943617996
3.206607184 1000.8920926712893
3.383585942 1000.8959386247415
3.501642575 1000.896307805552
3.678058246 1000.8963078055522
3.767132747 1000.8964467296072
3.861122962 1000.90229028119
4.009492753 1000.9144221722328
4.101019988 1000.9214314591746
4.261704835 1000.9633447383638
4.26174666 1001.1900152806403
4.261948379 1001.2932693310207
4.264917539 1001.3031593868574
4.273974362 1001.3044094487108
4.280192063 1001.3180886139666
4.280233792 1001.3360640565921
4.280312373 1001.3571764966181
4.8835831 1001.357315420673
5.322336984 1001.3631589722559
5.436885316 1001.363158972256
7.169897348 1001.3752908632986
8.300196865 1001.438316582514
8.300243072 1001.6649871247902
8.300841047 1001.6793576132724
8.303223741 1001.7449622455878
8.303538416 1001.7781312310073
8.321405232 1001.7989040096992
8.663213617 1001.7989040096993
10.223902039 1001.8170183763799
12.228199699 1001.8879608523749
12.22825928 1002.1146313946514
12.231228441 1002.194606515449
12.254926576 1002.2124231987408
12.255573922 1002.2191406245046
12.264147011 1002.2339523601698
12.485619925 1002.23395236017
12.540277717 1002.2339523601702
13.470170985 1002.2441499700708
16.063123223 1002.3150924460659
16.0631867 1002.5417629883422
16.066023854 1002.6217381091398
16.066829186 1002.6217381091399
16.089023235 1002.6395547924318
16.099064413 1002.6450107854372
16.311749505 1002.6450107854373
16.636944025 1002.6450107854374
16.959161545 1002.6450107854375
17.273205144 1002.6497524023326
17.282891621 1002.655208395338
18.568759189 1002.6552083953381
19.82057442 1002.7308924882285
19.820628167 1002.9575630305047
19.823457116 1003.0375381513023
19.824269083 1003.0375381513024
20.965074434 1003.0429941443078
21.008719803 1003.042994144308
21.630149873 1003.0429941443081
23.457835455 1003.1241342302038
23.457879955 1003.3508047724803
23.460995601 1003.3723463328867
23.46134995 1003.4307798932778
24.03529729 1003.4307798932779
26.983408644 1003.5119199791735
26.983468798 1003.6899706014302
26.984932938 1003.7383301850881
26.985701362 1003.7383301850882
26.990313714 1003.7654871986673
27.0043071 1003.7979929022262
27.005027517 1003.7979929022265
27.007675369 1003.8120564767615
27.007704224 1003.8178237013921
27.008439074 1003.8178237013922
27.060088075 1003.8178237013923
30.419353814 1003.898963787288
30.419427831 1004.0770144095445
30.420930217 1004.1253739932024
30.421695547 1004.1253739932025
30.426362968 1004.1525310067816
30.440334429 1004.1850367103407
30.444425233 1004.1991002848758
30.445104185 1004.2048675095065
32.120497829 1004.2048675095066
33.770511516 1004.2860075954025
33.770570536 1004.4640582176589
33.771971907 1004.5124178013168
33.772731773 1004.5124178013169
33.777394957 1004.539574814896
33.790888131 1004.5720805184551
33.795913555 1004.5911458487906
36.006712921 1004.5911458487907
37.046110556 1004.6722859346864
37.046178081 1004.8503365569429
37.047632638 1004.8986961406008
37.048420377 1004.8986961406009
37.052922543 1004.92585315418
37.066646826 1004.9583588577392
40.211761086 1005.0394989436351
40.21182989 1005.2175495658915
40.213216642 1005.2659091495494
40.218395723 1005.2930661631286
43.297569545 1005.3742062490247
43.297631025 1005.5522568712812
43.299040598 1005.6006164549391
43.299793141 1005.6006164549392
43.31869449 1005.6277734685183
46.29803472 1005.7089135544142
46.298109807 1005.8869641766706
46.299403171 1005.9353237603285
46.300121928 1005.9353237603286
46.321350137 1005.9550048495656
46.32143692 1005.9607781486119
46.812865 1005.9607781486121
49.213520501 1006.041918234508
49.213613815 1006.2199688567645
49.214979784 1006.2683284404224
49.236085191 1006.2880095296595
52.062080435 1006.3691496155552
52.062154761 1006.5472002378119
52.063418975 1006.5955598214696
52.064143459 1006.5955598214697
52.096391731 1006.5988469952551
52.29312126 1006.5988469952554
52.528124704 1006.5988469952555
54.898366652 1006.679987081151
54.898446439 1006.8580377034077
54.899797076 1006.9063972870654
54.900498577 1006.9063972870655
54.937727258 1006.9063972870656
54.938327849 1006.9063972870657
55.265120062 1006.9063972870658
57.598899351 1007.1655879952183
57.602189398 1007.1933787482134
57.602826627 1007.2115476073991
57.632456462 1007.2139475788761
60.293523679 1007.4731382870283
60.296589306 1007.5009290400234
60.297199992 1007.5190978992091
60.405389414 1007.5190978992092
60.657358504 1007.5190978992093
60.800518571 1007.5190978992094
62.861488168 1007.7782886073618
62.864472881 1007.8060793603569
63.614244584 1007.806079360357
63.820906426 1007.8060793603571
65.283347887 1007.928888083645
65.283647842 1007.9606896811456
65.283877032 1008.058900184333
65.292241248 1008.0882752586579
65.39160197 1008.0882752586581
67.57387264 1008.2110839819461
67.574189655 1008.2428855794467
67.574419104 1008.3410960826341
67.589652809 1008.3549773458988
69.775626821 1008.4777860691868
69.775940816 1008.5095876666876
69.776155775 1008.607798169875
71.914049321 1008.730606893163
71.914316903 1008.7624084906636
71.914850964 1008.7624084906637
71.917377309 1008.8415201941316
71.919739456 1008.846079780918
73.969082362 1008.8837192551014
73.969147912 1008.9396225619012
73.969299439 1009.0006901017068
73.972335047 1009.0798018051748
73.981830457 1009.084361391961
74.033485665 1009.0843613919612
75.975300649 1009.1171863401814
75.976971315 1009.1662640297805
75.977254247 1009.2370359567949
75.977450875 1009.3034967521853
75.977642682 1009.3180834162179
77.257167084 1009.3180834162181
77.962753834 1009.3509083644383
77.964400404 1009.3999860540371
77.964696631 1009.4707579810517
77.964888088 1009.5372187764422
79.846344374 1009.5748582506253
79.846443375 1009.5759542986884
79.846481251 1009.5888839351685
79.846566377 1009.6918290972308
79.860790605 1009.6968485227526
79.861025108 1009.7209060200687
80.053670434 1009.7209060200688
80.148023047 1009.7209060200689
81.676567846 1009.7259741983971
81.678494159 1009.7630945577023
81.678909566 1009.8128317739134
81.679869908 1009.8233608851422
81.689678913 1009.8755163408573
81.689851035 1009.8805357663792
81.712962773 1009.8805357663794
82.57571603 1009.8805357663795
83.448135504 1009.9181752405626
83.448221413 1009.9192712886257
83.44834332799999 1009.9773538161984
83.448487299 1010.0328825232983
83.448782006 1010.035146087168
83.46514373 1010.035762723092
83.538771226 1010.0357627230921
84.837263238 1010.0357627230923
85.159848793 1010.0734021972753
85.159944867 1010.0744982453384
85.161884771 1010.1903730438808
85.767479322 1010.190373043881
86.802691412 1010.2325615815143
86.802995277 1010.2413291984551
86.80339717 1010.2413291984552
86.804747531 1010.2695131864566
86.806925041 1010.2767090672278
86.807306483 1010.2767090672279
86.814952658 1010.3312080761193
88.096944977 1010.3312080761194
88.231776409 1010.3312080761195
88.377651908 1010.4336629411928
89.625567269 1010.4336629411929
89.904459316 1010.4846190957669
89.90483968 1010.484619095767
89.906099709 1010.5128030837684
89.908136578 1010.5199989645396
89.908495536 1010.5199989645397
89.971674206 1010.5199989645398
90.15831067 1010.5199989645399
91.359704628 1010.5709551191143
91.36099295 1010.5991391071157
92.484234934 1010.5991391071158
92.767418355 1010.65009526169
92.781927874 1010.6782792496913
93.764350048 1010.6782792496915
94.139089283 1010.7292354042658
95.460006589 1010.7447830733603
95.469660583 1010.7450098323703
96.706719709 1010.7605575014649
97.902783276 1010.7750924544051
97.907050788 1010.775775006022
97.940305437 1010.7757750060222
98.511910658 1010.7757750060224
