0.000365204 998.1417843027582
0.000558634 998.1925337719673
0.000834359 998.2470872699698
0.00254451 998.2549970117645
0.004068772 998.2766824362388
0.004186404 998.2807268284554
0.004248959 998.2914727012078
0.004365909 998.3933450830825
0.004502889 998.3981627495452
0.006113457 998.4083201499229
0.014789443 998.4601015680003
0.016251387 998.4859755359755
0.031218719 998.688893313021
0.083428099 998.7776287330986
0.08480266 998.7984239071928
0.085075627 998.8271890869285
0.085142349 998.8395823832001
0.092066155 998.8913638012774
0.093272446 998.9172377692526
0.105071315 999.1201555462982
0.2275909 999.122737316867
0.295873362 999.1227373168671
0.47286111 999.1249732127609
0.539084177 999.124973212761
0.712560005 999.1351306131386
0.774565461 999.1351306131387
0.963313304 999.1359721483861
1.073587591 999.136028431733
1.139389121 999.1360284317332
1.19264497 999.1422130657544
1.373386968 999.1422130657545
1.433376634 999.1447911240354
1.493975852 999.1447911240355
1.673741321 999.1509005491771
1.735246099 999.1509005491772
1.91846472 999.1611200712135
2.159576135 999.1722846326365
2.347714357 999.1722846326367
2.3996555969999998 999.1869120312159
2.63987033 999.1924546943051
2.705077814 999.1924546943052
2.878331618 999.1954031454464
3.005541697 999.1954031454466
3.116334038 999.2058505609668
3.304300221 999.205850560967
3.357823713 999.212785999191
3.425219045 999.2127859991912
3.597007217 999.2529703870184
3.719608454 999.2608859299124
3.781471219 999.2608859299125
3.8489756440000003 999.2878000830451
4.079516722 999.4157037762367
4.140879668 999.4157037762368
4.294834045 999.4363014831288
4.29541083 999.4401190997612
4.296015617 999.4429127360083
4.296346227 999.498764722926
4.297200084 999.4987647229261
4.297534477 999.5204501474003
4.29763451 999.5244945396169
4.2976876 999.5352404123693
4.29797739 999.5478378848646
4.2981875800000005 999.6043757599831
4.29872682 999.6419304607067
4.299979905 999.6520878610844
4.306844454 999.6678577971229
4.325772805 999.7699276349642
4.346227683 999.7778431778581
4.382563973 999.7778431778582
4.558963373 999.7778431778584
4.734560281 999.7778431778585
5.254785484 999.7847786160826
5.660434991 999.7847786160828
6.290711787 999.9797808502341
6.521723542 999.9797808502342
8.345572063 1000.0315786099953
8.345680563 1000.0823280792044
8.345972235 1000.0889393320841
8.347117567 1000.1447913190017
8.347943776 1000.1447913190018
8.348271473 1000.166476743476
8.34836879 1000.1705211356925
8.34842147 1000.1812670084449
8.348612443 1000.2879570567825
8.349851606 1000.2981144571602
8.356617096 1000.3138843931987
10.07329129 1000.4331006029676
10.417876024 1000.4331006029677
12.304934389 1000.6128020559205
12.305050716 1000.6635515251295
12.305613228 1000.6673691417619
12.306518883 1000.7102249747161
12.307335902 1000.7260147649268
12.307649402 1000.747700189401
12.307755493 1000.7517445816177
12.308095693 1000.7750879268655
12.308305322 1000.8316258019838
12.308957252 1000.8381794270779
12.309214617 1000.8669446068135
12.310030803 1000.8669446068136
12.337653052 1000.8864203557009
12.43404352 1000.886420355701
16.152195791 1001.0661218086539
16.152314885 1001.1168712778629
16.152876703 1001.1206888944953
16.153801156 1001.1635447274494
16.154647905 1001.1635447274496
16.154950421 1001.2010199421344
16.155047062 1001.205064334351
16.155367704 1001.2284076795987
16.15557668 1001.2849455547172
16.156244772 1001.2914991798112
16.156506912 1001.3202643595469
16.157306806 1001.320264359547
16.748145797 1001.3202643595471
19.928180687 1001.4999658124999
19.928290854 1001.5507152817089
19.928847604 1001.5545328983413
19.929703538 1001.5973887312955
19.930490659 1001.5973887312956
19.930771056 1001.6348639459804
19.93086619 1001.6389083381971
19.931188185 1001.6622516834449
19.931396295 1001.7187895585632
19.932023155 1001.7253431836573
19.932282311 1001.7541083633929
20.134216032 1001.754108363393
23.575970635 1001.933809816346
23.576079787 1001.984559285555
23.576623577 1001.9883769021873
23.577473339 1002.0312327351415
23.578510032 1002.0687079498265
23.578609174 1002.072752342043
23.57892561 1002.0960956872908
23.579139773 1002.1526335624092
23.594278631 1002.1541424642231
24.61069052 1002.1541424642232
27.139796812 1002.3338439171761
27.139920295 1002.3845933863852
27.140505312 1002.3884110030175
27.142176754 1002.4312668359718
27.142454358 1002.4687420506567
27.142550989 1002.4727864428733
27.142882871 1002.496129788121
27.143095068 1002.5526676632394
27.540106472 1002.5526676632395
30.597909422 1002.7323691161926
30.598023627 1002.7831185854016
30.598560694 1002.7869362020339
30.599403374 1002.8297920349881
30.600452366 1002.8672672496731
30.600547982 1002.8713116418896
30.60085642 1002.8946549871373
30.606704935 1002.9404257443134
30.622702163 1002.947701383513
33.962070896 1003.127402836466
33.962191097 1003.1781523056751
33.962741031 1003.1819699223073
33.963606656 1003.2248257552617
33.968701711 1003.2327691834327
33.969414475 1003.2623009699464
33.97189187 1003.268826011364
33.972477064 1003.3199404932094
33.975310231 1003.3326833586787
33.99308804 1003.3335018956654
34.087946998 1003.3335018956656
37.256333984 1003.5132033486184
37.256446017 1003.5639528178275
37.257002756 1003.5677704344598
37.258570177 1003.6106262674141
37.258822981 1003.648101482099
37.258924093 1003.6521458743156
37.259508373 1003.6541009961305
37.265800997 1003.6546265235164
37.266378104 1003.7057410053619
37.269138798 1003.7184838708312
39.455294315 1003.7184838708313
40.448614607 1003.8981853237842
40.448731334 1003.9489347929932
40.449312042 1003.9527524096256
40.450143409 1003.9956082425798
40.455033636 1004.0035516707508
40.455727638 1004.0330834572648
40.458749456 1004.0396084986822
40.465441438 1004.0402185541377
40.46568497 1004.0741805946531
40.469759714 1004.0998741445408
42.358159124 1004.0998741445409
43.591699231 1004.2795755974937
43.591804869 1004.3303250667028
43.592340044 1004.3341426833351
43.593103897 1004.3769985162894
43.597898013 1004.3849419444604
43.59856496 1004.4144737309742
43.600899916 1004.4209987723917
43.603622099 1004.4262352980562
43.608092274 1004.4555708683627
45.146164452 1004.4555708683628
46.688925664 1004.6352723213156
46.689029362 1004.6860217905247
46.689548327 1004.689839407157
46.691254727 1004.7701704547962
46.691352726 1004.7742148470128
46.691937249 1004.7761699688277
46.697950272 1004.7766954962136
46.783032845 1004.7766954962137
49.934677349 1004.9563969491666
49.934782362 1005.0071464183757
49.935284995 1005.010964035008
49.936940255 1005.0912950826472
49.937591626 1005.0972945966787
51.341950547 1005.0972945966788
52.99160414 1005.2769960496316
52.991719602 1005.3277455188406
52.992245634 1005.3315631354731
52.997655392 1005.3823623965983
52.998630254 1005.3947522919813
53.158456113 1005.3947522919814
55.136969906 1005.3947522919815
55.865404243 1005.5744537449343
55.865601204 1005.6132285052909
55.866032686 1005.6290208307756
55.871724873 1005.6798200919009
55.876081622 1005.6922099872838
55.948321505 1005.692209987284
56.653175434 1005.6922099872841
58.542114869 1005.8719114402368
58.54232189 1005.9106862005933
58.542771524 1005.9264785260783
58.55364366 1005.9729879588988
61.111052794 1006.1526894118516
61.111229871 1006.1914641722082
61.111667069 1006.207256497693
61.121759812 1006.2526503838345
63.567214038 1006.4323518367873
63.567812796 1006.4869189226289
65.944196526 1006.6666203755818
65.94805794 1006.6994798214835
65.956459316 1006.7124958061695
65.970419555 1006.7124958061696
68.082456446 1006.7124958061697
68.237448716 1006.740041660547
68.237499174 1006.7869988538805
68.237647098 1006.8195169827832
68.238182677 1006.8921972591226
68.24046308 1006.9250567050243
70.361144513 1006.9250567050244
70.463134995 1006.9526025594017
70.463183002 1006.9995597527353
70.463365737 1007.032077881638
70.463480896 1007.0782579955106
70.463880307 1007.1047581579772
70.46666252 1007.1376176038789
70.497502349 1007.137617603879
72.605957365 1007.2121206515898
72.606173874 1007.2446387804924
72.606291997 1007.2908188943653
72.606699498 1007.3173190568317
72.610294281 1007.3347674914963
72.616468475 1007.3382829517994
72.617754014 1007.3391198015019
72.625997979 1007.3456039611186
72.656309707 1007.3456039611187
74.49036571 1007.3456039611189
74.678462697 1007.4201070088297
74.678648973 1007.4526251377323
74.679136065 1007.5253054140717
74.682720598 1007.5427538487363
74.689637689 1007.5462693090393
74.690410061 1007.5471061587417
75.474411596 1007.5471061587418
76.697755262 1007.6216092064525
76.697936136 1007.6541273353552
76.698050158 1007.700307449228
76.698432934 1007.7268076116947
76.702448085 1007.7442560463593
76.70907091 1007.7486083563646
77.092604334 1007.7486083563647
78.656491393 1007.8231114040755
78.656701929 1007.8328217539072
78.656800397 1007.901809646851
78.657178792 1007.9283098093174
78.661203999 1007.945758243982
78.67181768 1007.9492737042851
80.138675661 1007.9492737042852
80.55103845 1008.023776751996
80.551240388 1008.0334871018277
80.551678711 1008.128975157238
80.571268077 1008.1484068388023
80.750177662 1008.1484068388024
81.876431689 1008.1484068388025
82.392537876 1008.2229098865133
82.392743209 1008.232620236345
82.393226967 1008.3281082917553
82.471353369 1008.3281082917555
84.193416986 1008.4026113394664
84.193599216 1008.4123216892981
84.196572256 1008.4319914279306
84.197448151 1008.5050645348233
84.248456064 1008.5050645348234
85.210457401 1008.5050645348235
85.916738063 1008.5066119833267
85.916898954 1008.6089476709986
85.919514422 1008.6820207778914
86.110047861 1008.6820207778915
87.571921682 1008.7038427076562
87.572073444 1008.7662341754341
87.574844452 1008.7859039140666
87.581927929 1008.8246291676063
87.9473239 1008.8246291676064
89.175696512 1008.9285123037815
89.185301237 1008.9433377962852
90.250237222 1008.9433377962853
90.725530703 1008.96515972605
90.72570375 1009.0275511938279
90.728445055 1009.0472209324604
90.757571082 1009.0472209324605
92.205301072 1009.0690428622253
92.205526267 1009.1072568034962
92.206062408 1009.1137386492867
92.212250353 1009.141806405416
92.847398777 1009.1418064054161
93.62254989 1009.163628335181
93.622776704 1009.2018422764519
93.623306799 1009.2083241222424
93.632385196 1009.2258463106369
93.634839526 1009.2327511357169
93.642795182 1009.232751135717
95.017660894 1009.2545730654818
95.017885217 1009.2927870067527
95.027008536 1009.3167910409378
95.032543911 1009.3167910409379
95.366205862 1009.316791040938
96.36103299 1009.3386129707028
96.36128049 1009.3768269119737
96.373422818 1009.3899707095233
97.593775883 1009.3899707095234
97.619433672 1009.4117926392881
97.61964437 1009.450006580559
98.753011587 1009.4500065805591
98.826925603 1009.4573501855626
98.82841847 1009.4894324379005
98.833553822 1009.4925302195854
98.836161163 1009.4954263688711
99.92134047 1009.4954263688712
99.979778952 1009.5008796267529
99.980093286 1009.5027699738747
99.981188767 1009.5348522262126
99.983091187 1009.5379500078976
