0.000363331 997.6598289623963
0.000466306 997.748097079725
0.000497489 997.9045144466869
0.000543744 998.0396128222368
0.001408624 998.0687874168087
0.006070481 998.074274266197
0.006213883 998.1041312310177
0.007179419 998.1492081866287
0.008745712 998.2954679641128
0.011137944 998.3685177588719
0.080158476 998.3999320811664
0.080736291 998.4291066757384
0.084277692 998.4345935251264
0.084388734 998.4644504899474
0.085155407 998.5095274455583
0.086374387 998.6557872230425
0.088272384 998.7288370178015
0.149221633 998.7325283210149
0.311903573 998.7340190563094
0.45293255 998.7340190563095
0.513773861 998.7439310935086
0.634498136 998.745149537278
0.695439314 998.7484103386042
0.755248667 998.7491418240037
0.993114152 998.750538788673
1.031943635 998.7505387886732
1.1123327729999999 998.7507922644769
1.232284074 998.7509465218907
1.353828785 998.7530431997492
1.413291233 998.754652460501
1.651823998 998.7588928699944
1.7701006160000001 998.7603481333174
1.889944822 998.7672590702222
2.04833433 998.7715245112034
2.12717143 998.7734289234087
2.187466488 998.7870508366776
2.245937941 998.7870508366777
2.425696495 998.7882321296426
2.54405739 998.789579692415
2.584329908 998.7895796924153
2.664166766 998.7956445673457
2.9048194880000002 998.8166608259868
2.9641678110000003 998.8166608259869
3.062474004 998.8190066610938
3.141079854 998.8344991411394
3.380760398 998.854156990973
3.5403959560000002 998.8541569909731
3.621067618 998.8594766437385
3.780722351 998.8669632041589
4.036344985 998.9164820347995
4.272576942 998.9419910690004
4.272628077 999.0770894445503
4.2732458 999.1062640391223
4.27682182 999.1117508885103
4.276936323 999.1416078533313
4.277679774 999.1866848089422
4.279115291 999.3004805234069
4.2795516639999995 999.3254580260058
4.279783439 999.3329445864262
4.300361303 999.382463417067
4.397058067 999.4074409196661
4.8925163000000005 999.4149274800865
8.280009102 999.5149328475271
8.280071893 999.650031223077
8.2842173 999.6554639367668
8.284294725 999.6846926670372
8.284408077 999.714549631858
8.285128413 999.7596265874689
8.286312979 999.9058863649531
12.186838264 1000.0133782928141
12.186947548 1000.0766074621334
12.187034187 1000.0991190479577
12.187134314 1000.1130757967964
12.188799366 1000.14527192359
12.188968611 1000.1473466155575
12.191046689 1000.1539093820535
12.191120493 1000.183138112324
12.191231345 1000.2129950771447
12.198847803 1000.2210366696048
12.199975541 1000.2278825052782
12.200707667 1000.391525597054
16.007682501 1000.4990175249151
16.007776291 1000.5622466942344
16.007857246 1000.584758280059
16.007958576 1000.5987150288976
16.009596939 1000.630911155691
16.009786048 1000.6329858476587
16.011727385 1000.6531761554994
16.011882307 1000.6687773444252
16.011997609 1000.6986343092459
16.01843897 1000.7066759017058
16.019659699 1000.7135217373792
16.020429455 1000.7776602986829
16.020531211 1000.8186524055276
16.021175495 1000.8771648291552
19.709349561 1000.984656757016
19.709449232 1001.0478859263355
19.709532874 1001.0703975121598
19.70962735 1001.0843542609985
19.71118993 1001.1165503877921
19.711351691 1001.1186250797596
19.71338221 1001.1251878462556
19.713455075 1001.154416576526
19.713561828 1001.1842735413468
19.720927301 1001.1923151338069
19.722071516 1001.1991609694803
19.730284293 1001.2010068146078
19.730944598 1001.2577888942867
19.737104421 1001.2956979069606
19.737860453 1001.2956979069608
19.739657211 1001.298226762698
19.792546814 1001.2982267626983
23.331019944 1001.4057186905593
23.331111907 1001.4689478598787
23.33119333 1001.4914594457032
23.33128731 1001.5054161945418
23.332876527 1001.5376123213352
23.333054129 1001.5396870133029
23.335028989 1001.5462497797989
23.335098905 1001.5754785100694
23.335208498 1001.6053354748901
23.341599453 1001.61337706735
23.342737271 1001.6202229030234
23.350847844 1001.6220687481509
23.351475987 1001.67885082783
23.357572068 1001.716759840504
23.409132325 1001.7167598405041
26.855039354 1001.824251768365
26.855154637 1001.8874809376844
26.85523787 1001.9099925235087
26.855335164 1001.9239492723475
26.85692958 1001.956145399141
26.857093053 1001.9582200911086
26.859047912 1001.9647828576046
26.859107554 1001.9940115878751
26.859214751 1002.0238685526958
26.866334417 1002.0319101451557
26.867447822 1002.0387559808291
26.875308372 1002.0406018259566
26.87595265 1002.0973839056358
26.891417846 1002.1012852813813
26.891510888 1002.1216710050408
26.905563611 1002.1352929183097
30.276527988 1002.2427848461707
30.276633281 1002.3060140154901
30.2767137 1002.3285256013144
30.276804418 1002.342482350153
30.277582465 1002.3424823501532
30.278331623 1002.3746784769467
30.278511294 1002.3767531689143
30.280349147 1002.396943476755
30.280472919 1002.4125446656806
30.280576406 1002.4424016305015
30.287525001 1002.4504432229614
30.2885603 1002.4572890586348
30.296165048 1002.5159169834415
30.311370589 1002.5198183591867
30.31146126 1002.5402040828462
30.407322889 1002.5402040828465
31.407068033 1002.5402040828466
33.614138777 1002.6476960107075
33.614242664 1002.7109251800268
33.61432856 1002.7334367658511
33.614423514 1002.74739351469
33.616148827 1002.7816643334511
33.618021759 1002.8018546412918
33.618159126 1002.8174558302176
33.619286983 1002.8251303761813
33.625163594 1002.8553543874982
33.626227488 1002.8622002231716
33.633726544 1002.9208281479782
34.236081269 1002.9208281479783
36.855341535 1003.0283200758392
36.855440317 1003.0915492451586
36.855516083 1003.1140608309829
36.855608382 1003.1280175798217
36.857218742 1003.1622883985829
36.859056452 1003.1688511650789
36.859115642 1003.1980798953493
36.86021472 1003.205754441313
36.866142078 1003.23597845263
36.86718374 1003.2428242883036
36.874718202 1003.2446701334309
36.875369768 1003.244670133431
36.882091821 1003.2525478571774
36.88548037 1003.2775191678902
36.888029871 1003.2974599263844
36.89115068 1003.3007207277105
38.473180073 1003.3007207277107
40.014220388 1003.4082126555716
40.014317071 1003.4714418248909
40.014396461 1003.4939534107152
40.014492243 1003.5079101595541
40.018001296 1003.5487437448112
40.018061307 1003.5779724750817
40.019121968 1003.5856470210454
40.03247249 1003.5914431210995
40.033052063 1003.6245627131632
40.033703215 1003.6245627131633
40.040257731 1003.6324404369097
40.087460065 1003.6324404369099
43.087078556 1003.7399323647709
43.08715745 1003.8031615340902
43.087232726 1003.8256731199145
43.087321337 1003.8396298687534
43.09063908 1003.8804634540103
43.090708514 1003.9096921842807
43.091733891 1003.9173667302447
43.104075667 1003.9231628302986
43.11093469 1003.9641601461091
46.107974973 1004.07165207397
46.108060143 1004.1348812432896
46.108139712 1004.1573928291139
46.108236543 1004.1713495779525
46.111623153 1004.2121831632096
46.112676463 1004.2490864394438
46.124646813 1004.2548825394979
46.136148459 1004.292729495955
46.962723503 1004.2927294959551
49.00450155 1004.400221423816
49.004598777 1004.4634505931356
49.004681572 1004.4859621789599
49.004773681 1004.4999189277985
49.00812393 1004.5076416228637
49.00835328 1004.527490036744
49.008390635 1004.539847223555
49.008753231 1004.5407525130556
49.016459091 1004.5661686019585
49.021200986 1004.5749837094334
49.021528784 1004.5834518893439
51.84522893 1004.6909438172048
51.845331281 1004.7541729865244
51.845411131 1004.7766845723487
51.845499676 1004.7906413211873
51.848759369 1004.7983640162525
51.8489789 1004.8182124301328
51.849018869 1004.8305696169438
51.849369793 1004.8314749064444
51.857112416 1004.8568909953473
51.861811017 1004.8657061028222
53.60535031 1004.8657061028223
54.678947825 1004.9731980306834
54.679027749 1005.0364272000028
54.679105616 1005.0589387858271
54.682417897 1005.0806182297309
54.682656448 1005.1004666436114
54.682697447 1005.1128238304221
54.683029893 1005.1137291199228
54.689856069 1005.1391452088259
57.313246415 1005.2466371366868
57.313370687 1005.3098663060063
57.313448888 1005.3323778918306
57.31661454 1005.3871682259264
57.324717358 1005.4125843148292
57.494381003 1005.4125843148294
59.869964436 1005.5200762426903
59.870084137 1005.5833054120097
59.872424605 1005.593303161279
59.872923533 1005.6008444109214
59.875002072 1005.6274964417379
59.87520187 1005.6473448556183
59.875238433 1005.6597020424291
59.875559843 1005.6606073319298
59.888983237 1005.6799096000522
59.894462168 1005.683124966725
59.898325151 1005.6851848808782
59.991864938 1005.6851848808783
60.107284518 1005.6851848808784
62.315807079 1005.7926768087393
62.315923665 1005.8559059780588
62.316484678 1005.865903727328
62.3169757 1005.8734449769704
62.319085356 1005.9000970077869
62.319296295 1005.9199454216673
62.319332089 1005.9323026084782
62.319637032 1005.9332078979788
62.332880697 1005.9525101661012
62.342949819 1005.9536498652174
62.444829921 1005.9536498652175
64.203570449 1005.9536498652176
64.681805375 1006.0611417930785
64.681893051 1006.124370962398
64.682904484 1006.1419099613096
64.685050534 1006.1685619921261
64.685276449 1006.2007675928173
64.685585497 1006.201672882318
64.698272921 1006.2209751504404
64.828265965 1006.2209751504405
66.97545607 1006.3284670783014
66.975558629 1006.3916962476209
66.976186698 1006.391696247621
66.97654602 1006.4092352465325
66.977178789 1006.4092352465326
66.978617839 1006.435887277349
66.978859731 1006.4680928780404
67.011274922 1006.4680928780405
69.18704062 1006.6388139752211
69.18807329 1006.6563529741327
69.191024602 1006.6832677802261
69.20253486 1006.7074279789946
71.330289417 1006.8781490761751
71.331303877 1006.8956880750867
71.333941782 1006.9226028811801
71.346688669 1006.9235942372443
71.466061225 1006.9235942372444
73.403855914 1007.0310861651054
73.403950351 1007.0943153344249
73.404843125 1007.1118543333365
73.406778123 1007.138506364153
73.407286985 1007.1385063641532
73.407515757 1007.1387691394299
73.953608716 1007.13876913943
75.420545978 1007.2462610672909
75.420651566 1007.3094902366104
75.421606834 1007.327029235522
75.423589655 1007.3536812663385
75.452681555 1007.3536812663386
77.172529801 1007.3536812663388
77.370679295 1007.5244023635191
77.371582065 1007.5419413624307
77.374205096 1007.5439587037181
77.377094082 1007.5514790085239
77.390279067 1007.5578835538619
79.138490163 1007.557883553862
79.257136708 1007.7286046510424
79.258017845 1007.746143649954
79.443448625 1007.7461436499541
81.104816745 1007.9168647471345
81.105456006 1007.9168647471346
81.110976395 1007.9223250500529
81.112113093 1007.9344037460461
81.697261513 1007.9344037460462
82.887227468 1008.1051248432266
82.887811404 1008.1051248432267
82.893707331 1008.110585146145
82.911656373 1008.1105851461451
84.180115979 1008.1105851461452
84.629371031 1008.2813062433256
84.64301607 1008.282399220587
84.745924934 1008.2823992205871
86.206737747 1008.2823992205872
86.283503388 1008.3733336608841
86.283688612 1008.4221520953063
86.283982204 1008.4531203177676
86.98914016 1008.4531203177677
87.868965671 1008.5440547580647
87.869154917 1008.5928731924869
89.409811603 1008.6211435288801
89.409961861 1008.6790176465078
89.410267735 1008.7224116768514
89.428226948 1008.7259006686528
89.803678308 1008.7259006686529
90.875413581 1008.754171005046
90.87554277 1008.8120451226737
90.875861662 1008.8554391530173
90.937826092 1008.8554391530174
91.353833544 1008.8554391530175
92.283150594 1008.9204994853451
92.283634339 1008.9204994853452
92.284806591 1008.9434855025643
92.28623942 1008.9555255724388
92.290326194 1008.9686711698602
92.292762876 1008.9849192699359
92.411165614 1008.984919269936
93.741817552 1009.0131896063294
93.741935953 1009.071063723957
93.744213254 1009.0729656194827
93.74559482 1009.0850056893573
93.749177727 1009.0981512867788
93.755801562 1009.1030244940348
95.081484501 1009.1312948304281
95.081612309 1009.1891689480558
95.083802111 1009.1910708435815
95.085148941 1009.2031109134562
95.08889876 1009.2162565108777
96.336556358 1009.244526847271
96.336691693 1009.3024009648985
96.338814618 1009.3043028604243
96.340096452 1009.3163429302989
96.353087825 1009.316342930299
97.53741673 1009.3814032626267
97.538890634 1009.4043892798458
97.540211149 1009.4164293497203
97.585834948 1009.4164293497204
98.688105434 1009.4446996861136
98.688576241 1009.4747202773492
98.690756879 1009.504475699267
98.694423474 1009.5136652584766
99.378183175 1009.5136652584767
99.790006799 1009.54193559487
99.790481922 1009.5719561861056
99.792087104 1009.6017116080234
99.807868657 1009.6017116080235
