0.000366479 1000.8261478014891
0.000468644 1000.9815374120088
0.000521012 1000.9818438675742
0.000550103 1001.0377279241437
0.000599509 1001.0801079368466
0.00237978 1001.2241073660914
0.003012061 1001.3378318110142
0.008905585 1001.3389747151984
0.008937905 1001.3410760049063
0.009013774 1001.3425234017868
0.009218418 1001.3430153847022
0.010915563 1001.3468628255038
0.012034925 1001.3730366668841
0.013063498 1001.3730366668842
0.021893282 1001.3832948698013
0.025902003 1001.3911438420024
0.027240262 1001.419522406517
0.042413811 1001.4375075372651
0.054542835 1001.4469310249166
0.056471008 1001.483235129647
0.081676871 1001.5784762394048
0.082143642 1001.6922006843276
0.086908672 1001.6933435885119
0.086937609 1001.6954448782197
0.087002177 1001.6968922751003
0.087177774 1001.6973842580156
0.088557893 1001.7012316988172
0.089488021 1001.7274055401975
0.09034854 1001.7274055401977
0.097629464 1001.7376637431147
0.100742667 1001.7455127153158
0.101813325 1001.7738912798304
0.123171632 1001.80129989823
0.124746828 1001.8376040029605
0.184942644 1001.8392348989224
0.24712141 1001.8392348989225
0.429939771 1001.8396509811039
0.491126881 1001.8396509811041
0.674064043 1001.8401949535742
0.734770625 1001.8401949535743
0.795233315 1001.8410983779845
0.854806527 1001.8410983779846
0.975397175 1001.8410983779847
1.035425034 1001.8413527753348
1.21350333 1001.8413527753349
1.272134042 1001.8415903608999
1.332359344 1001.8415903609
1.509068624 1001.8420879910825
1.5712404709999999 1001.8428597579183
1.630190378 1001.8428597579184
1.688156982 1001.8461085667333
1.747902485 1001.8477142607886
1.808885254 1001.8477142607887
1.867641403 1001.8506764824992
1.98973648 1001.8549703579773
2.106586014 1001.8635791439027
2.16851019 1001.8635791439028
2.22791218 1001.8693287125769
2.348366601 1001.869540398178
2.58047802 1001.8716116430819
2.7584297859999998 1001.871611643082
2.817753116 1001.8765019884802
2.8790663050000003 1001.8765019884803
3.175599193 1001.881869845999
3.235282278 1001.8818698459991
3.414340273 1001.8849685984881
3.473425921 1001.8849685984882
3.532210052 1001.8897188182002
3.834724361 1001.9180973827148
4.068816546 1001.9360825134629
4.128854427 1001.9455060011144
4.190816478 1001.9792320620617
4.27180944 1002.1187390148579
4.272312147 1002.2324634597807
4.277032126 1002.2336063639649
4.277063013 1002.2357076536728
4.277126016 1002.2371550505533
4.277301257 1002.2376470334686
4.278629746 1002.2414944742702
4.279503165 1002.2676683156506
4.280321125 1002.2676683156507
4.287735208 1002.2730550076595
4.288121222 1002.2779265185677
4.291128839 1002.2857754907689
4.29214638 1002.3141540552834
4.303121829 1002.3321391860316
4.313637108 1002.3778667784135
4.42961322 1002.380368254182
5.359032658 1002.3809655309027
5.822351225 1002.3857157506147
6.858027742 1002.3983533849303
6.974114419 1002.4140943151293
7.89217136 1002.4320794458774
8.313277301 1002.4340333015971
8.313329486 1002.4764133143
8.314599529 1002.6204127435448
8.315408357999999 1002.7064737071204
8.31970222 1002.7352800926518
8.31973107 1002.7373813823597
8.319792395 1002.7388287792402
8.319968016 1002.7393207621556
8.322176132 1002.7693420443375
8.322972045 1002.7693420443376
8.329731199 1002.7796002472546
8.332809326 1002.7874492194558
8.333822472 1002.8158277839703
8.34531304 1002.8338129147185
8.910137384 1002.8385631344305
10.599100861 1002.8669416989451
12.256975776 1002.9020243388914
12.257041807 1002.9444043515942
12.258344620999999 1003.0884037808391
12.258837056 1003.2021282257618
12.26337483 1003.2032711299461
12.263462666 1003.2068198165344
12.263627308 1003.2073117994498
12.265831091 1003.2373330816318
12.28575587 1003.250690037038
12.288086972 1003.3018039520127
16.102214614 1003.3548717227071
16.102283375 1003.39725173541
16.103613972 1003.5412511646549
16.104110232 1003.6549756095776
16.108548304 1003.6561185137618
16.108624543 1003.6596672003502
16.108780069 1003.6601591832656
16.109564513 1003.6601591832657
16.110920097 1003.6901804654476
16.11170638 1003.6901804654477
16.130202486 1003.7035374208538
16.137705569 1003.7035374208539
19.845412203 1003.7566051915481
19.845480424 1003.798985204251
19.846687389 1003.9429846334959
19.847453257 1004.0290455970714
19.851550783 1004.0578519826029
19.851631352 1004.0614006691912
19.851803742 1004.0618926521066
19.853892069 1004.0919139342886
20.012039553 1004.0919139342888
23.51540008 1004.144981704983
23.515611293 1004.1774376510573
23.516311363 1004.1873617176858
23.516754354 1004.3313611469307
23.517547486 1004.4174221105062
23.521639543 1004.4462284960377
23.521718704 1004.4497771826261
23.521869914 1004.4502691655414
23.533810407 1004.4782192028193
23.539490638 1004.4802904477234
23.575748895 1004.4802904477235
27.055798843 1004.5333582184178
27.055982501 1004.5658141644922
27.057021292 1004.7197376603655
27.057774312 1004.805798623941
27.061719504 1004.8346050094725
27.061804042 1004.8381536960609
27.061959274 1004.8386456789763
27.073568196 1004.8665957162542
30.513212247 1004.9196634869486
30.513404034 1004.9521194330229
30.514455411 1005.1060429288963
30.515212678 1005.1921038924718
30.519195934 1005.2209102780033
30.519276717 1005.2244589645917
30.519425037 1005.224950947507
30.543218399 1005.2249509475071
33.86368604 1005.2273471466642
33.863833205 1005.3104746642757
33.86501973 1005.3199638250708
33.865067511 1005.3741085564069
33.86532382 1005.4368223916604
33.865681347 1005.449148774588
33.86571014 1005.5504591237246
33.873450927 1005.5586930320184
33.878516914 1005.5724972247086
33.881119612 1005.5830685931949
33.894294187 1005.5833061787599
37.121251468 1005.585702377917
37.121384013 1005.6688298955286
37.122499202 1005.6783190563236
37.12254157 1005.7324637876598
37.122764109 1005.7951776229131
37.123124917 1005.8075040058408
37.12315099 1005.9088143549775
37.130643998 1005.9170482632711
37.131393068 1005.9170482632712
37.135636059 1005.9308524559614
37.138145744 1005.9414238244476
37.274496419 1005.9414238244477
40.299107192 1005.9438200236048
40.299469363 1005.9682728692708
40.299756298 1005.9841920657476
40.3004439 1006.0364367020114
40.300490029 1006.0905814333476
40.300723633 1006.1532952686009
40.301101783 1006.1656216515286
40.301127528 1006.2669320006653
40.308510813 1006.2751659089589
40.309216586 1006.275165908959
40.313261807 1006.2889701016493
40.326936069 1006.2983836483747
40.370297159 1006.2983836483749
43.385499103 1006.300779847532
43.38607387 1006.3411518896747
43.386731522 1006.3933965259386
43.386773069 1006.4475412572747
43.387104598 1006.4972308076057
43.387322916 1006.6238918245924
43.394509984 1006.6321257328862
43.399230718 1006.6459299255764
43.414798888 1006.6459299255765
46.396046113 1006.6483261247336
46.396413155 1006.6727789703995
46.396697872 1006.6886981668763
46.397432041 1006.7950875344762
46.397659772 1006.8578013697296
46.398022312 1006.971438101794
46.405922358 1006.9796720100877
46.436925746 1006.9796720100878
49.33795116 1007.0224402513878
49.338682762 1007.1288296189877
49.339038043 1007.1785191693186
49.339266807 1007.3051801863054
52.265013177 1007.3075763854625
52.265372504 1007.3320292311286
52.265657112 1007.3479484276053
52.267506058 1007.5875159944569
52.269883454 1007.6053490275956
52.293022712 1007.6053490275957
55.082547037 1007.6481172688956
55.083210752 1007.7545066364954
55.083565595 1007.8041961868264
55.084124551 1007.8172204717489
55.084923351 1007.8876848357472
55.095721417 1007.8883865498212
55.115448927 1007.9021198768522
56.522697936 1007.9021198768523
57.84415826 1007.9045160760094
57.844490996 1007.9289689216754
57.846283327 1008.1844556850039
57.858600622 1008.1851573990779
59.28124957 1008.185157399078
60.561976174 1008.187553598235
60.562273724 1008.212006443901
60.564685036 1008.2237820845952
60.564713758 1008.3343150079778
60.56491964 1008.3970288432312
60.565623245 1008.4674932072295
63.348878941 1008.4943422520527
63.351958755 1008.5837369650894
63.352042734 1008.6210139169209
63.354538839 1008.6299201272187
63.354589815 1008.630098583486
63.356067566 1008.6306338952605
63.356185139 1008.6670934070971
63.357065947 1008.6876210394787
63.357632099 1008.7266895131963
63.36143323 1008.7363471321098
63.371916555 1008.7463604174123
63.37868281 1008.7463604174125
65.828287368 1008.7732094622356
65.831097177 1008.8626041752724
65.83117766 1008.8998811271039
65.833673806 1008.9087873374017
65.833728615 1008.9089657936689
65.835196116 1008.9095011054435
65.835308189 1008.9459606172801
65.836143617 1008.9664882496617
65.83670424 1009.0055567233793
65.84049854 1009.0152143422928
66.040008654 1009.0152143422929
68.164614521 1009.0420633871158
68.166830931 1009.1687350519842
68.169262402 1009.1776412622821
68.169302702 1009.1778197185494
68.1707123 1009.1783550303238
68.171322315 1009.2148145421603
68.171611455 1009.235342174542
68.1721641 1009.2744106482596
70.067629667 1009.2744106482597
70.3788737 1009.3012596930828
70.381552199 1009.3906544061194
70.381641904 1009.427931357951
70.38244533 1009.4530768987096
70.385623461 1009.4740108481271
70.386401768 1009.4945384805087
70.388376703 1009.5336069542263
70.513183168 1009.5336069542265
72.531806556 1009.5604559990495
72.533712164 1009.5681237876979
72.533804937 1009.6685300753904
72.534690238 1009.6871276639177
72.53545441 1009.7122732046763
72.538502534 1009.733207154094
72.539965766 1009.7537347864755
72.546343895 1009.7588268868894
72.55193503 1009.769825727618
72.558126643 1009.770163697576
73.939610394 1009.7701636975761
74.605257404 1009.797012742399
74.607288272 1009.9236844072674
74.609683967 1009.9325906175651
74.609725771 1009.9327690738324
74.611604789 1009.9697638974435
74.611878447 1009.9902915298251
74.617638801 1009.9953836302391
74.647969685 1009.9953836302392
74.87780949 1009.9953836302393
76.233423396 1009.9953836302394
76.623135877 1010.0222326750624
76.624970417 1010.0299004637108
76.625062875 1010.1303067514033
76.625901577 1010.1489043399306
76.62662116999999 1010.1740498806892
76.629556532 1010.1949838301068
76.630894035 1010.2155114624884
76.643383248 1010.2185894653315
78.573797152 1010.2185894653317
78.611614356 1010.2454385101546
78.614055523 1010.3348332231914
78.614150699 1010.3721101750228
78.614893605 1010.3972557157814
78.617746635 1010.4181896651991
78.629893677 1010.4304609094847
79.631894309 1010.4304609094849
80.51278819 1010.5653840306488
80.513614155 1010.5839816191761
80.515823164 1010.5930662857412
80.531454647 1010.5930662857413
80.531573709 1010.5960502986487
80.550812283 1010.5960502986488
81.725975265 1010.596050298649
82.35099078 1010.6135341797082
82.351320042 1010.6188416947708
82.351718619 1010.6835244917256
82.35208893 1010.7325400063248
82.352703438 1010.7325400063249
82.353576356 1010.7364255825771
82.354155659 1010.7364255825772
82.459269014 1010.7364255825773
83.156053631 1010.7364255825775
84.157260802 1010.7539094636368
84.157586251 1010.7592169786994
84.157964522 1010.8238997756542
84.158352666 1010.8729152902534
84.159795657 1010.8768008665057
84.285901829 1010.8768008665058
85.856632541 1010.9642750595826
85.867942857 1011.0004255389139
85.9153847 1011.000425538914
87.497117197 1011.0179094199733
87.497733448 1011.0878997319907
87.520841912 1011.0878997319908
88.402998985 1011.0878997319909
89.078467734 1011.1053836130503
89.079502344 1011.1285092242865
89.40507663 1011.1285092242866
90.599263294 1011.145993105346
90.606462039 1011.1611819958762
90.606830349 1011.1660329176789
90.95940806 1011.166032917679
92.058162576 1011.1835167987382
92.068566289 1011.1981489691121
92.068831388 1011.1987056892683
92.085694946 1011.1987056892684
92.105926429 1011.1987056892685
93.462969358 1011.2161895703277
93.483412871 1011.2161895703279
93.91638858499999 1011.216189570328
94.852106638 1011.2313881525214
94.871777923 1011.2313881525215
95.283263636 1011.2313881525216
