0.000366338 1003.1875123757579
0.000588811 1003.1956162039845
0.000622825 1003.3912733771351
0.000896066 1003.4597627207612
0.001260974 1003.5438532288714
0.008905005 1003.5881306772507
0.016614983 1003.6175347364708
0.079170397 1003.7143716537344
0.07936198 1003.7828609973604
0.079607246 1003.8669515054706
0.085529591 1003.9112289538499
0.091764588 1003.94063301307
0.152488037 1003.9418139531481
0.453495633 1003.9527203484287
0.51338057 1003.9527203484288
0.574060009 1003.9542050032909
0.694925221 1003.9552266744013
0.754608964 1003.9552266744014
0.814418786 1003.95528178718
0.933661575 1003.956053660857
0.993757223 1003.9560536608572
1.054873555 1003.9560941100281
1.112375146 1003.9564361580849
1.354533649 1003.9631363646787
1.414655555 1003.963210147556
1.475550914 1003.9632101475561
1.535992276 1003.9651956558895
1.654590094 1003.9733540081762
1.713450338 1003.9733540081763
1.773453783 1003.9770752003229
1.8337430829999999 1003.9810693325679
2.310014063 1003.9843893910538
2.489561317 1003.9905665065221
2.548477826 1003.9983331050638
2.607514846 1004.0004558460528
2.665886005 1004.0005876463619
2.786298463 1004.005706757605
2.904403941 1004.0206658569491
2.964154933 1004.0234305559109
3.023919091 1004.0241173768692
3.143451277 1004.024925501711
3.319103423 1004.0249255017111
3.378398463 1004.0388347922637
3.437190537 1004.0418301239871
3.497147499 1004.0537150522539
3.617767932 1004.0734952136202
3.679997874 1004.0757684334209
3.738854919 1004.1090160098211
3.800175698 1004.1090160098212
3.858356103 1004.1148965499631
3.918874177 1004.1148965499632
3.980127925 1004.1532934582003
4.042471499 1004.1532934582004
4.101346005 1004.1565203507743
4.271369552 1004.1594514132706
4.271480708 1004.1675552414972
4.271507684 1004.3632124146478
4.271705263 1004.4317017582739
4.272530006 1004.431701758274
4.283646398 1004.5894737739835
4.864195899 1004.5927006665573
5.445222863 1004.6063778233136
6.489816844 1004.6506552716928
6.953060627 1004.6538821642666
8.322101966 1004.7415182435504
8.322231029 1004.7496220717769
8.32225876 1004.9452792449276
8.322473179 1005.0137685885537
8.323325329 1005.0137685885538
9.557548102 1005.058046036933
9.558320924 1005.0580460369331
9.893449221000001 1005.0580460369332
10.903418043 1005.0612729295069
12.246191077 1005.1964133497438
12.246310424 1005.2045171779704
12.248115312 1005.400174351121
12.248307066 1005.4686636947472
16.076847441 1005.5635922592427
16.07692582 1005.7917619713463
16.07758414 1005.8038493067052
16.079843486 1005.8064107454563
16.091552287 1005.8568357158814
16.110629206 1005.8745595141874
19.798925695 1005.9694880786828
19.799031109 1006.1976577907865
19.799716786 1006.2097451261452
19.820648419 1006.2303787858928
19.828941092 1006.2414141687703
19.840240276 1006.2475912842385
20.355223559 1006.2475912842386
23.420152758 1006.3425198487341
23.4202437 1006.5706895608378
23.441377857 1006.603410555944
23.449322713 1006.6144459388216
24.349655339 1006.6144459388217
26.922443692 1006.7093745033171
26.922520108 1006.9375442154208
26.943179937 1006.970265210527
26.965204587 1006.9702652105271
26.992541351 1006.9702652105273
30.349318337 1007.0651937750226
30.349409694 1007.2933634871263
30.350250269 1007.2933634871264
30.49387478 1007.2933634871265
33.68147237 1007.3798146759211
33.681573992 1007.3953386767986
33.68181459 1007.4277015915425
33.682078314 1007.6090510629934
33.720358866 1007.6164617637256
36.923985458 1007.7029129525203
36.924082825 1007.7184369533977
36.924326382 1007.7507998681416
36.924593887 1007.9321493395927
37.059544604 1007.9321493395928
40.057727198 1008.0186005283874
40.057799507 1008.0341245292649
40.057977648 1008.1533848024137
40.058901987 1008.1828687460246
40.061126538 1008.2155730469312
43.135079 1008.466292453363
43.135909294 1008.4662924533632
43.140408934 1008.4984649362177
43.141129271 1008.4984649362178
44.977088294 1008.4984649362179
46.134028816 1008.5849161250125
46.134350834 1008.6328030406337
46.135315451 1008.7440073698783
46.13595998 1008.7491843426496
46.162406036 1008.7709715924252
46.170976332 1008.7813568255045
49.107143222 1008.829873709983
49.107338627 1009.0268992591649
49.117427357 1009.026899259165
49.134399551 1009.0538634817118
50.902428693 1009.0538634817119
51.917120106 1009.1882015861278
51.918071354 1009.2994059153723
51.946455568 1009.3107630219939
54.314275178 1009.310763021994
54.770559353 1009.4451011264099
54.771491662 1009.5563054556544
55.369354713999996 1009.5563054556545
57.533947804 1009.6906435600704
57.535183223 1009.714128513341
57.53554169 1009.8018478893149
57.654899494 1009.801847889315
60.128650511 1009.8174682408156
60.12877367 1009.9361859937309
60.133270934 1009.942914011628
60.139425853 1009.9681814364227
60.139880594 1010.0089689070663
60.141375396 1010.0318928130217
60.141614046 1010.0392541121817
60.145289478 1010.0440907111508
60.591309924 1010.044090711151
62.637749555 1010.1784288155668
62.642314347 1010.1851568334639
62.648378751 1010.2104242582586
62.649014469 1010.232113067144
62.649390142 1010.2512117289023
62.655251071 1010.2741356348575
62.664936666 1010.2814969340175
62.82379716 1010.2814969340176
65.026111663 1010.3241844170036
65.026968846 1010.4225630563307
65.032255473 1010.4334043432021
65.032834008 1010.4695192900108
65.044630903 1010.4871594153105
65.638813921 1010.4871594153107
67.327843443 1010.6282255376237
67.332988494 1010.6390668244952
67.333885613 1010.6681475588787
69.517849992 1010.8024856632944
69.522092546 1010.8092136811916
69.527644415 1010.8200549680631
69.532606527 1010.8304523221207
69.534600587 1010.8408246996208
69.537430077 1010.846251915488
69.67018702 1010.8462519154881
69.770285482 1010.8462519154882
70.198692421 1010.8462519154883
71.648350774 1010.9805900199041
71.652450615 1010.9873180378012
71.657678878 1010.9981593246727
71.662464811 1011.0085566787303
71.664491748 1011.0189290562305
71.814932835 1011.0189290562306
73.70079848 1011.0958493048396
73.700928067 1011.1128987663864
73.701436102 1011.1532671606464
73.704870332 1011.1599951785436
73.710329063 1011.170836465415
73.7185404 1011.1715586478388
73.721570322 1011.1812338194726
73.75082401 1011.1812338194727
74.068691981 1011.1812338194728
75.699326288 1011.2581540680818
75.699442332 1011.2752035296286
75.703300368 1011.3222999417858
75.708588656 1011.3331412286573
75.716254088 1011.333863411081
75.772474401 1011.3338634110811
76.821583963 1011.3338634110812
77.686441302 1011.4749295333942
77.691675928 1011.4857708202657
78.484794423 1011.4857708202658
79.585903472 1011.6268369425787
79.612781123 1011.6268369425788
81.411238979 1011.7034234612486
81.418615144 1011.7284918014041
81.419104007 1011.7284918014042
81.420408015 1011.7633249378027
81.497419415 1011.7633249378028
83.201182825 1011.7734068894255
83.201376143 1011.835767163638
83.205637589 1011.8649797966282
83.713685615 1011.8649797966283
84.91216358 1011.8750617482509
84.91233504 1011.9374220224634
84.916356423 1011.9666346554536
85.490715541 1011.9666346554537
86.563243935 1011.9767166070762
86.563426667 1012.0390768812888
86.570909255 1012.0435549040626
86.578835078 1012.0606043656093
86.805981825 1012.0606043656094
87.930965538 1012.0606043656095
88.147389878 1012.0706863172321
88.147553772 1012.1330465914446
88.652600241 1012.1330465914447
89.66659107 1012.1431285430673
89.670207255 1012.1648542920485
89.671924638 1012.1925089720924
90.377016116 1012.1925089720925
91.117460445 1012.2243166726963
91.904358119 1012.2243166726964
92.514192373 1012.234398624319
92.546606945 1012.2343986243192
92.937230505 1012.2343986243193
93.895908048 1012.2417413419251
93.914482799 1012.2417413419253
94.877975322 1012.2417413419254
98.819102292 1012.2436375292801
98.992315039 1012.2436375292802
99.877422661 1012.2436375292804
