0.000368227 1000.9524037337645
0.000511828 1000.9897085097358
0.001046611 1001.0451188430578
0.002218874 1001.0451188430579
0.002685689 1001.0562513675667
0.002901916 1001.2410962238938
0.004007406 1001.2410962238939
0.007499533 1001.2491219384082
0.00851317 1001.2491219384083
0.04372915 1001.2641284600736
0.07885787 1001.3396046871366
0.078909509 1001.3769094631078
0.079256893 1001.4323197964299
0.080065122 1001.43231979643
0.080409968 1001.4434523209387
0.080576867 1001.6282971772661
0.084229185 1001.6363228917802
0.085038855 1001.6363228917803
0.113400925 1001.6513294134456
0.173964918 1001.6533644489166
0.234154996 1001.6533644489168
0.295427667 1001.6622150115877
0.415584846 1001.6622150115878
0.537129183 1001.662224002383
0.595557157 1001.6642024568046
0.719074376 1001.6642024568047
1.3139073589999999 1001.6676803645594
2.114791054 1001.6797104818781
2.11827423 1001.6877361963923
2.351765612 1001.689417682548
2.352556411 1001.6894176825481
2.379404971 1001.7044242042134
2.854083147 1001.714272318523
3.371591104 1001.7165292037935
3.486657848 1001.7418619687974
3.49031447 1001.7498876833115
3.518202222 1001.7498876833117
3.7325809530000003 1001.8320533462497
3.969095705 1001.8400790607636
4.031626474 1001.8400790607639
4.266157476 1002.0081112085834
4.26621994 1002.0454159845547
4.267495815 1002.0904282033587
4.26777916 1002.1119588423855
4.268667186 1002.1119588423857
4.27240766 1002.1541680350113
4.285047006 1002.1640161493208
4.629296177 1002.1666730622426
4.744153386 1002.1666730622428
5.074290738 1002.1821577129374
5.086758715 1002.1920058272467
5.202452137 1002.1920058272469
6.006221863 1002.2000315417611
6.910059648 1002.2643233758752
6.9108229869999995 1002.2643233758754
6.922348574 1002.2741714901847
7.151633154 1002.2821972046988
7.554635845 1002.2821972046991
8.068891497 1002.290222919213
8.184207305 1002.2902229192132
8.280699893 1002.3224428057483
8.28073526 1002.5019406917095
8.281232505 1002.5161462370829
8.281284991 1002.5275081779444
8.281331495 1002.5695656115859
8.281606103 1002.6038927840727
8.284082358 1002.6489050028767
8.287550676 1002.7126448345291
8.299331158 1002.7224929488386
8.356608288 1002.7224929488389
10.202214939 1002.7305186633528
10.25969447 1002.730518663353
12.200158751 1002.7725866641977
12.200213713 1002.9520845501588
12.200252224 1003.0540366425221
12.203634636 1003.0990488613261
12.206412903 1003.1627886929787
14.28268211 1003.1708144074928
16.016486102 1003.4570276106906
16.017157181 1003.460005214175
16.017461992 1003.4943323866619
16.017910292 1003.5393446054659
16.018204154 1003.5608752444928
16.05220825 1003.5608842352881
16.634501717 1003.5608842352883
18.029629586 1003.5689009590069
18.062867791 1003.5689099498022
19.718600187 1003.863139876719
19.719231993 1003.8661174802033
19.719958827 1003.9454568714942
19.720234228 1003.9669875105211
19.753237765 1003.9669965013164
20.882704142 1003.9669965013165
23.322251261 1004.1965881026364
23.322836562 1004.264213022513
23.32545269 1004.3435524138039
23.330245673 1004.3541974546885
23.330994793 1004.3541974546886
23.332589592 1004.3562324901596
23.344176232 1004.3650830528305
23.39421713 1004.3650830528308
26.826119576 1004.5946746541507
26.826729062 1004.6622995740271
26.829380462 1004.700277237314
26.833947456 1004.7222845690388
26.834004942 1004.7522840062026
26.834730133 1004.7522840062027
26.836309646 1004.754319041674
30.261160251 1004.9839106429937
30.261765088 1005.0515355628703
30.264377864 1005.089513226157
30.267994019 1005.1115205578818
30.268052016 1005.1415199950458
30.268780167 1005.1415199950459
33.591227288 1005.3711115963658
33.591869497 1005.4387365162422
33.594423151 1005.4767141795292
33.601049464 1005.4897762320377
33.601434512 1005.4960629781599
33.617234537 1005.4987215112537
33.617463998 1005.5214486678618
33.61932829 1005.5287209484177
33.64592676 1005.5287209484179
36.818340124 1005.7583125497376
36.818960047 1005.8259374696142
36.821481947 1005.863915132901
36.827671609 1005.8769771854095
36.828071488 1005.8832639315319
36.843544691 1005.9086496212338
39.99011211 1006.1382412225538
39.99067716 1006.2058661424302
39.993085644 1006.2438438057171
40.000060452 1006.2587748491864
40.001628554 1006.2587748491866
40.016041995 1006.2857138727594
43.073893178 1006.5153054740794
43.07449052 1006.5829303939557
43.076939573 1006.6209080572427
43.082734501 1006.6358391007119
43.083427684 1006.6358391007121
43.10939546 1006.6402568558736
46.058476169 1006.8698484571936
46.059039602 1006.93747337707
46.061361434 1006.9754510403569
46.067283915 1006.9903820838261
46.109821655 1006.9903820838264
48.994717262 1007.2199736851461
48.995279035 1007.2875986050227
48.997608449 1007.3255762683094
49.003978619 1007.3405073117789
51.828722353 1007.5700989130988
51.829275124 1007.6377238329752
51.831546673 1007.6757014962621
51.870254521 1007.6757014962624
54.564134621 1007.6877047414611
54.56424347 1007.8077459679545
54.566257522 1007.839490226609
54.566383056 1007.8701682723896
54.566493507 1007.9729180174587
54.576701198 1007.9950035833737
57.481700766 1008.0070068285723
57.4818034 1008.1270480550658
57.481965457 1008.1587923137205
57.482091164 1008.1894703595009
57.488601566 1008.2284949848935
57.498698003 1008.3108877433273
60.153516937 1008.322890988526
60.153638336 1008.4429322150196
60.153785144 1008.4746764736741
60.153907383 1008.5053545194545
60.160333411 1008.5443791448471
60.172789555 1008.5722896037204
62.855066507 1008.5842928489192
62.855188247 1008.7043340754126
62.855336263 1008.7360783340671
62.855466712 1008.7667563798475
62.862088638 1008.8057810052403
62.866146934 1008.8115818781189
62.87523572 1008.8336914641133
62.90935864 1008.8336914641134
63.256830284 1008.8336914641135
65.221066384 1008.845694709312
65.221172552 1008.9657359358055
65.22309885600001 1008.99748019446
65.223209972 1009.0281582402404
65.229203766 1009.067182865633
65.244951436 1009.0729837385118
65.278560594 1009.0729837385119
65.742251632 1009.072983738512
67.576890439 1009.0849869837107
67.576991953 1009.2050282102041
67.577137276 1009.2367724688586
67.577249407 1009.267450514639
67.588262478 1009.2700013282063
67.59330284 1009.2773116566423
67.606521203 1009.3018262434139
67.985613509 1009.301826243414
68.880253096 1009.3018262434141
69.803473837 1009.3138294886128
69.803603147 1009.4338707151062
69.803762143 1009.4656149737607
69.804008888 1009.4722635150388
69.804461357 1009.4962930195411
69.813834217 1009.4988438331081
69.81924905 1009.5061541615444
69.974812934 1009.5061541615446
71.94416764 1009.5181574067433
71.944276736 1009.6381986332367
71.944415363 1009.6699428918914
71.944631745 1009.6765914331695
71.950743926 1009.6957783279233
71.95520286 1009.7031717512389
71.969267332 1009.7040562685456
72.268641975 1009.7040562685457
73.102866241 1009.7040562685459
74.028483463 1009.7160595137445
74.028576424 1009.836100740238
74.028719283 1009.8678449988925
74.029265463 1009.8678449988926
74.050632152 1009.8850598419774
74.340531736 1009.8850598419775
75.142610316 1009.8850598419776
76.040794228 1009.8970630871763
76.040909315 1010.0171043136697
76.041065827 1010.0488485723245
78.038755991 1010.0608518175233
78.038875279 1010.1808930440167
78.039013429 1010.2126373026712
79.038529228 1010.2126373026713
79.928920617 1010.3168729580684
79.93519888 1010.3281817403865
79.939575525 1010.3543479902614
80.253651575 1010.3543479902615
81.766134562 1010.4585836456588
81.766798798 1010.4585836456589
81.77178572 1010.469892427977
81.780837139 1010.4769267635226
81.783151226 1010.4769267635227
83.545502544 1010.5811624189199
83.546096174 1010.58116241892
83.551986602 1010.5924712012381
85.26149335 1010.6967068566354
85.379188584 1010.6967068566355
86.915595945 1010.7455154945565
86.915955272 1010.7909398452131
87.828153392 1010.7909398452132
88.523509377 1010.7980242009562
88.524959075 1010.8216262612368
88.526212948 1010.8679719480111
88.5264244 1010.8749381136089
88.536990628 1010.8768782332157
88.576482201 1010.8768782332158
90.056570014 1010.9031987701972
90.063798523 1010.9075646492395
90.064954868 1010.9539103360139
90.065171962 1010.9608765016117
90.170712762 1010.9608765016118
91.528649598 1010.9871970385932
91.535135878 1010.9915629176355
91.536315916 1011.0379086044097
91.536759131 1011.03790860441
91.537162935 1011.0432809826686
92.937107127 1011.0696015196501
92.943781837 1011.0739673986924
92.947175744 1011.1203130854666
92.964988074 1011.1203130854668
93.65737662 1011.1203130854669
94.314384308 1011.1503129620958
94.314800566 1011.1503129620959
94.317345184 1011.1818859383259
94.317705031 1011.181885938326
94.374803453 1011.1818859383261
95.634966384 1011.2082064753073
95.644984096 1011.2434587911852
95.71647543 1011.2434587911854
