0.000359617 999.2791491834795
0.000463937 999.7362189555244
0.000596957 999.9528663992506
0.003953282 1000.002828906557
0.004030335 1000.064299080826
0.004849795 1000.077762668463
0.007270221 1000.3542569141468
0.081958069 1000.3905509159117
0.082019521 1000.4520210901807
0.082648131 1000.4654846778177
0.084562428 1000.7419789235015
0.206449432 1000.7421251479278
0.266517324 1000.7478848796848
0.4498926 1000.7478848796849
0.514904629 1000.7561927801937
0.571370815 1000.7561927801938
0.631986164 1000.7575221106885
0.692561637 1000.7600220913522
0.752038765 1000.7600220913523
0.812260257 1000.7665610922195
0.933181783 1000.7723677348738
1.053719241 1000.7754650036918
1.113972164 1000.7803902557433
1.345626685 1000.7806399486516
1.465214239 1000.7806399486517
1.583722471 1000.7815372628578
1.704590344 1000.7865684774854
1.823708053 1000.7883213121427
1.882140842 1000.7883213121428
1.943330811 1000.7888027567274
2.059280621 1000.7941880917826
2.295898904 1000.7953917581723
2.354378847 1000.7965764796586
2.476573733 1000.7975227898637
2.531757155 1000.7975227898638
2.5896766810000003 1000.7976099943448
2.709490744 1000.797609994345
2.8294570390000002 1000.7996741604284
2.889040526 1000.812179691815
3.007693439 1000.8221300874485
3.243313591 1000.8231057665835
3.361647538 1000.8231057665836
3.480726855 1000.8297274871063
3.710741298 1000.8903684447322
3.7724613590000002 1000.9164540051618
4.005449062 1000.9914311629609
4.244081839 1001.0579138213665
4.246592709 1001.1078763286729
4.246665228 1001.1223823610378
4.246852921 1001.1255425572915
4.24731773 1001.1828100905789
4.249883131 1001.2240659534954
4.249954362 1001.2653959631654
4.250102661 1001.4593043362626
6.664005025 1001.5275426935463
8.272986478 1001.6214826302738
8.275380007 1001.6962134588733
8.275505568 1001.7402608790854
8.275971209 1001.7975284123727
8.279397388 1001.8549592299693
8.299675586 1001.8709128072381
8.301263477 1001.8791679747541
8.305205871 1001.8802014894404
8.314734233 1001.9729599398277
10.335726532 1001.9954158668478
10.45037256 1001.9954158668479
12.206396468 1002.0145521570396
12.206643474 1002.0827703163958
12.20843645 1002.1800500878793
12.208987708 1002.2311996007658
12.210729608 1002.2547809164788
12.210853531 1002.2988283366909
12.211315153 1002.3560958699783
12.214916932 1002.4217989013525
12.223199922 1002.4353470444836
12.232810135 1002.4632890401494
12.437854619 1002.4632890401496
16.035755703 1002.4824253303412
16.036021683 1002.5506434896974
16.036152846 1002.647923261181
16.038507048 1002.7226540897805
16.038631346 1002.7667015099926
16.039114776 1002.8239690432799
16.057232448 1002.8288344912525
16.057497452 1002.8372276595132
16.061975404 1002.8973534381454
16.067305529 1002.9066421203476
17.047970253 1002.9066421203477
19.771971233 1002.9257784105394
19.772211248 1002.9939965698954
19.772338652 1003.091276341379
19.773119703 1003.0912763413791
19.774618112 1003.1660071699785
19.774747774 1003.2100545901906
19.775197524 1003.2673221234779
19.793132332 1003.2805807397112
19.797479067 1003.3407065183434
19.815229977 1003.3407065183435
19.825604254 1003.3499952005457
23.396317911 1003.3691314907373
23.396564827 1003.4373496500936
23.39667988 1003.534629421577
23.399010005 1003.6093602501766
23.399134241 1003.6534076703887
23.399583003 1003.710675203676
23.417460532 1003.7239338199093
23.420791535 1003.7840595985415
25.857669211 1003.7840595985416
26.932829463 1003.8031958887333
26.933046166 1003.8714140480894
26.933158918 1003.968693819573
26.935424477 1004.0434246481724
26.935551452 1004.0874720683845
26.939141798 1004.1156791120062
26.950136125 1004.1271352460905
26.960034742 1004.1623670641062
26.967631151 1004.1873247950831
27.164829987 1004.1873247950832
29.224620669 1004.1873247950833
30.368954355 1004.2064610852749
30.369176344 1004.2746792446311
30.369660808 1004.2913673215758
30.370105529 1004.3719590161147
30.371566001 1004.4466898447141
30.371690101 1004.4907372649262
30.394286681 1004.4908697159834
30.394995231 1004.4908697159835
30.396128807 1004.5083648823518
30.396154941 1004.5656322606479
30.40461968 1004.5747798232359
32.071816424 1004.574779823236
33.727534193 1004.5939161134276
33.727764551 1004.6621342727838
33.728234832 1004.6788223497284
33.72868157 1004.7594140442674
33.730170332 1004.8341448728668
33.730293864 1004.8781922930789
33.752198423 1004.8783247441361
33.754035974 1004.9530872888006
34.544368587 1004.9530872888007
36.98738364 1004.9722235789924
36.987615422 1005.0404417383485
36.988092996 1005.0571298152931
36.988528562 1005.1377215098321
36.989977193 1005.2124523384315
36.99010602 1005.2564997586436
37.012132178 1005.2566322097009
37.015757707 1005.2631962117388
37.061742664 1005.2631962117389
39.188797644 1005.263196211739
40.160435077 1005.2823325019307
40.160676027 1005.3505506612868
40.161169375 1005.3672387382314
40.161570011 1005.4478304327703
40.16300093 1005.5225612613698
40.163127274 1005.5666086815819
40.18597897 1005.5667411326391
40.205885564 1005.5667411326392
43.129655377 1005.5667411326393
43.262893251 1005.585877422831
43.263152621 1005.6540955821871
43.263588237 1005.6707836591318
43.263972026 1005.7513753536707
43.265296739 1005.8261061822701
43.265417119 1005.8701536024822
44.423159793 1005.8701536024823
46.271312704 1005.889289892674
46.271558096 1005.9575080520302
46.271668463 1006.0547878235137
46.27371945 1006.1295186521132
46.273838895 1006.1735660723253
49.210576404 1006.2609205218732
49.210723664 1006.3582002933567
49.213528025 1006.3598217125807
49.213825393 1006.370774459352
49.215750725 1006.4327975492181
49.222000135 1006.4644044006039
49.243124252 1006.464404400604
49.647089965 1006.4644044006042
52.047590271 1006.551758850152
52.047737144 1006.6490386216356
52.050610455 1006.6506600408595
52.050928584 1006.6616127876308
52.052876553 1006.7236358774969
52.059645325 1006.7331293156636
52.0784521 1006.7362734131176
52.503911348 1006.7362734131177
54.885965108 1006.8236278626655
54.886103411 1006.9209076341491
54.890577085 1006.9225290533731
54.890844633 1006.9334818001442
54.892690329 1006.9955048900104
54.898461366 1007.0049983281771
55.019477338 1007.0049983281772
57.637183911 1007.0923527777251
57.640029419 1007.1912539684326
57.640328207 1007.2022067152038
57.642191085 1007.2642298050699
57.659412768 1007.26422980507
60.550746447 1007.351584254618
60.553613711 1007.3598843046332
60.553643767 1007.3999874987782
60.553751065 1007.4020142804513
60.553835819 1007.4614381920967
60.560446783 1007.4931794402232
60.584584287 1007.5234612819629
63.13001855 1007.6108157315107
63.13280909 1007.6191157815258
63.132839762 1007.6592189756708
63.132864809 1007.6694839788524
63.133030196 1007.7206696689894
63.139270064 1007.7524109171159
63.209876356 1007.752410917116
64.445770139 1007.7524109171161
65.628492592 1007.839765366664
65.631196357 1007.848065416679
65.63132201 1007.8901953924973
65.631406983 1007.9496193041426
65.651762804 1007.9502757500993
65.652044087 1007.9579971007935
65.661714812 1007.9579971007936
65.805507244 1007.9579971007937
68.042729237 1008.0453515503416
68.045460819 1008.0957815761749
68.045558082 1008.1552054878202
68.066949442 1008.155861933777
69.150029311 1008.1558619337771
70.293886906 1008.2432163833249
70.296543684 1008.25151643334
70.296661717 1008.2936464091582
70.296748486 1008.3530703208037
70.607015287 1008.3530703208038
72.438318137 1008.4404247703517
72.443803085 1008.4515391849991
72.445653887 1008.4582633576746
72.445784786 1008.4655451243469
72.448714594 1008.4979503405268
72.448787515 1008.5494705646065
72.467072025 1008.5502787078303
72.472066937 1008.5502787078304
74.491820544 1008.6376331573783
74.496965432 1008.6487475720257
74.498757585 1008.6554717447012
74.49888336 1008.6627535113736
74.500121628 1008.7018921739862
74.50052665 1008.7349371772152
74.502519025 1008.7466789516333
76.48226539 1008.834033401181
76.489170258 1008.8518719885041
76.489776222 1008.8591537551764
76.490548688 1008.8982924177889
76.493833603 1008.9306001084926
76.510373723 1008.9306001084927
76.838773507 1008.9306001084929
78.464136845 1009.0179545580407
78.470825805 1009.0357931453636
78.471411848 1009.043074912036
78.472153029 1009.0822135746486
78.479460993 1009.0989594293283
78.485078714 1009.0989594293284
79.047194089 1009.0989594293285
80.327665536 1009.1863138788764
80.334270699 1009.2041524661993
80.334388877 1009.2114342328717
80.337061291 1009.2438394490515
80.338428017 1009.2505728954841
80.352236361 1009.2645093817473
80.844314077 1009.2645093817474
82.16557006 1009.3518638312952
82.172265592 1009.3697024186182
82.172376258 1009.3769841852906
82.17355254 1009.416122847903
82.301151978 1009.4161228479031
83.944589216 1009.503477297451
83.951045842 1009.521315884774
83.951156673 1009.5285976514464
83.953792858 1009.5610028676263
85.66012158 1009.6483573171741
85.666509886 1009.666195904497
85.667055104 1009.6734776711694
85.670762326 1009.702380052529
85.814010845 1009.7023800525291
87.310374802 1009.75124844897
87.310777825 1009.789734502077
87.316350044 1009.8075730894
87.316467979 1009.8148548560723
87.333414901 1009.8437572374318
88.900600749 1009.8926256338727
88.906547222 1009.9489502743027
88.90666962 1009.956232040975
89.147122927 1009.9562320409751
90.434523426 1010.005100437416
90.441419146 1010.0681937499819
90.568968232 1010.068193749982
91.902410943 1010.1170621464229
91.909208611 1010.1445821997977
91.913216193 1010.1614106100471
91.913819253 1010.1733867868528
93.015509863 1010.1733867868529
93.308183032 1010.2222551832938
93.314950954 1010.2497752366686
93.318976836 1010.2666036469179
93.320459442 1010.2698387571289
93.41680324 1010.269838757129
94.23429154 1010.2698387571292
94.678775573 1010.3187071535699
94.689155309 1010.3630556171942
95.047098832 1010.3630556171943
95.917258276 1010.3630556171944
95.997050964 1010.4119240136353
96.00947738 1010.4135126163085
96.009661651 1010.4428707420357
96.015829951 1010.4428707420358
97.236770536 1010.4428707420359
97.256965806 1010.4917391384766
97.272454693 1010.4933277411499
97.498051331 1010.49332774115
98.483456865 1010.5148958917764
98.483543511 1010.524853597896
98.483904893 1010.5248535978961
98.49107477 1010.5351233528177
99.637740522 1010.5566915034441
99.637833737 1010.5666492095638
99.65438579 1010.5666492095639
100.544731852 1010.566649209564
