0.00036851 998.4066084267893
0.000507444 998.4747548203893
0.000539732 998.5213621015562
0.000573065 998.7427033329866
0.00171373 998.7427033329868
0.003238969 998.8527641619123
0.030824315 998.8763109956442
0.080412181 998.9160449852918
0.080441373 999.1373862167222
0.081208966 999.1373862167225
0.082401758 999.247447045648
0.10385948 999.2709938793798
0.347864076 999.2717948425716
0.529958833 999.2717948425718
0.832439308 999.2871679839109
1.076150274 999.2903847437542
1.3147457519999999 999.2930262058285
1.432469002 999.2937936512892
1.78871934 999.2995310151966
1.9083626 999.300131532271
2.029441773 999.3001315322713
2.150040768 999.3016781529818
2.270620599 999.3031695716659
2.387434293 999.3041008527682
2.4473808679999998 999.3255015840775
2.686176035 999.3262058449438
2.926393441 999.3263983698746
3.282210413 999.3368431774152
3.401432415 999.3517004908215
3.519886511 999.3526824353848
3.640712158 999.3568015416633
4.116160592 999.4004455726797
4.275394907 999.459421579196
4.275430478 999.5060288603629
4.275456633 999.7273700917933
4.288328806 999.763191192983
4.296559477 999.7669701912041
4.297608684 999.7955216904422
4.298030494 999.8014606777572
4.298375773 999.8609777544507
8.313835178 999.8821422798653
8.313912245 999.9964656574919
8.313938709 1000.0430729386587
8.313963158 1000.2644141700891
8.326438474 1000.3002352712788
8.326718472 1000.3004277962095
8.33372782 1000.3108726037501
8.390427221 1000.3108726037503
12.244975686 1000.3888514456628
12.245057693 1000.4569978392631
12.24508502 1000.5036051204297
12.245111834 1000.7249463518601
12.257713868 1000.76076745305
16.083818026 1000.792569310936
16.083876607 1000.9068926885625
16.083904029 1000.9534999697294
16.083928003 1001.1748412011598
16.103442441 1001.1861346103874
16.124890611 1001.1861346103876
19.827257149 1001.2641134523003
19.827342761 1001.3322598459004
19.827370385000002 1001.3788671270672
19.827395946 1001.6002083584976
19.850055522 1001.6036172660326
19.869166078 1001.6093546299401
23.478680783 1001.6873334718525
23.478759404 1001.7554798654526
23.478786576 1001.8020871466194
23.478810629 1002.0234283780499
23.50117003 1002.0268372855849
25.116670121 1002.0268372855851
27.015921633 1002.1048161274975
27.016008195 1002.1729625210976
27.016035901 1002.2195698022645
27.016061141 1002.4409110336949
27.208151997 1002.4409110336951
30.475112696 1002.5188898756076
30.475200929 1002.5870362692076
30.475228228 1002.6336435503745
30.475252626 1002.8549847818049
31.046019688 1002.8549847818051
33.823894149 1002.8715937913842
33.824089159 1002.8900269986036
33.824451689 1002.925899460492
33.825282691 1002.9717811815831
33.825328934 1002.986569124668
33.825612189 1003.044226053795
33.825954699 1003.0727853889575
33.82771259 1003.1034973203195
33.828777705 1003.227647804606
33.855940464 1003.2461959380294
37.096385484 1003.2628049476084
37.096558629 1003.2812381548281
37.097669761 1003.3629923378076
37.097716835 1003.3777802808925
37.097903592 1003.4119390888302
37.09800047 1003.4354372100195
37.098332646 1003.4639965451818
37.099996057 1003.494708476544
37.101006617 1003.6188589608303
37.239342475 1003.6188589608305
40.305745828 1003.6354679704095
40.305899454 1003.6539011776292
40.307021589 1003.7356553606087
40.307069361 1003.7504433036936
40.307360349 1003.8081002328206
40.30769209 1003.8366595679829
40.309359352 1003.8673714993452
40.313053978 1003.8743899357783
40.313209223 1003.9915219836314
43.459589279 1004.0081309932107
43.459747034 1004.0265642004301
43.460873427 1004.036986787517
43.460903989 1004.1231063264945
43.461194739 1004.1807632556215
43.461517221 1004.2093225907838
43.463154183 1004.2400345221461
43.468160044 1004.2708332852849
43.469491317 1004.3069784365568
43.474374101 1004.3161957018394
43.499273214 1004.3446075010818
43.589913239 1004.344607501082
46.502058802 1004.361216510661
46.502208607 1004.3796497178807
46.503282749 1004.3900723049674
46.503313523 1004.4761918439451
46.503594425 1004.5338487730721
46.503916923 1004.5624081082344
46.505494896 1004.5931200395967
46.509480214999996 1004.6239188027355
46.512187119000004 1004.6304918650319
46.515592245 1004.66928121929
49.491834448 1004.6858902288691
49.491979449 1004.7043234360888
49.493044894 1004.7147460231756
49.493076448 1004.8008655621531
49.493364435 1004.8585224912804
49.493676264 1004.8870818264425
49.495247514 1004.9177937578047
49.499154587 1004.9485925209435
49.501828108 1004.9551655832402
49.512670377 1004.9934653093956
49.513213636 1004.9939549374981
49.5891142 1004.9939549374983
52.38179845 1005.0105639470773
52.381948607 1005.028997154297
52.38296379 1005.0394197413837
52.382993446 1005.1255392803614
52.383274374 1005.1831962094884
52.383584127 1005.2117555446507
52.385063954 1005.242467476013
52.38973589 1005.2732662391518
52.39235277 1005.2798393014482
52.403355287 1005.3130793547225
55.350465768 1005.3296883643015
55.350613105 1005.3481215715212
55.351651751 1005.3585441586081
55.351686122 1005.4446636975856
55.351956112 1005.5023206267126
55.352292796 1005.5308799618749
55.353814156 1005.5615918932372
55.357542037 1005.592390656376
55.360125547 1005.5989637186726
55.376279395 1005.6322037719467
58.053104865 1005.648812781526
58.053239563 1005.6672459887454
58.054197032 1005.6776685758323
58.054225091 1005.7637881148098
58.05449566 1005.8214450439368
58.054783162 1005.8500043790991
58.056269072 1005.8807163104614
58.059921349 1005.9115150736002
58.062435193 1005.9180881358966
58.150131238 1005.9180881358968
60.618341872 1005.9346971454759
60.619201292 1005.9531303526956
60.619504874 1005.9635529397822
60.619534967 1006.0496724787599
60.619813387 1006.1073294078869
60.620128201 1006.1358887430492
60.621582034 1006.1666006744115
60.625207354 1006.1973994375503
60.641073708 1006.2039724998469
63.082041157 1006.220581509426
63.083089048 1006.2218487208947
63.084054241 1006.2494373037323
63.084080864 1006.33555684271
63.084340782 1006.393213771837
63.084638486 1006.4217731069994
63.086051958 1006.4524850383616
63.089607713 1006.4832838015004
65.463053927 1006.4998928110795
65.464070501 1006.5011600225484
65.464126453 1006.5287486053858
65.464368041 1006.602437875646
65.46443596 1006.6725250734905
65.464721921 1006.7010844086528
65.466096243 1006.7317963400151
65.470452965 1006.7616988844532
65.483661944 1006.7625951031539
65.596190972 1006.7625951031541
67.778730982 1006.7792041127332
67.779722317 1006.7804713242019
67.779776964 1006.8080599070395
67.780015228 1006.8817491772995
67.780084818 1006.9518363751442
67.780377987 1006.9803957103065
67.781708133 1007.0111076416686
67.785795407 1007.0410101861066
69.50548776 1007.0410101861069
70.014285757 1007.0576191956857
70.015291642 1007.0588864071547
70.015347706 1007.086474989992
70.015579059 1007.1601642602523
70.01564631 1007.2302514580967
70.015932869 1007.258810793259
70.017221028 1007.2895227246213
70.176961805 1007.2895227246215
72.17581836 1007.3061317342006
72.176786265 1007.3073989456693
72.176841584 1007.3349875285069
72.177053865 1007.4086767987669
72.177133614 1007.4787639966116
72.177411121 1007.5073233317737
72.191802596 1007.5126179534432
72.201470299 1007.5127292420709
72.950289872 1007.5127292420711
74.298378846 1007.52933825165
74.299339574 1007.530605463119
74.299395687 1007.5581940459563
74.299610838 1007.6318833162165
74.299676987 1007.701970514061
74.299962159 1007.7305298492233
74.314162094 1007.7358244708926
74.402292521 1007.7358244708928
76.328269637 1007.7524334804721
76.329206091 1007.7537006919408
76.329263052 1007.7812892747784
76.329469916 1007.8549785450384
76.329536313 1007.9250657428829
76.342362586 1007.9294924965204
76.342643761 1007.9404987121425
76.346286789 1007.9489999546845
76.354347864 1007.9489999546847
78.33332153 1007.9656089642639
78.33425475 1007.9668761757328
78.334308565 1007.9944647585702
78.334516422 1008.0681540288303
78.334586267 1008.1382412266748
78.347080128 1008.1426679803124
78.349427717 1008.1436806993179
78.354993839 1008.143680699318
78.383550953 1008.1436806993181
80.235071647 1008.1602897088972
80.235945957 1008.161556920366
80.236000855 1008.1891455032035
80.236206 1008.2628347734636
80.236827363 1008.3329219713082
80.249083808 1008.3373487249457
80.355419917 1008.3373487249459
82.095438837 1008.353957734525
82.096336015 1008.3828135288313
82.096534789 1008.4565027990914
82.099570255 1008.4958635419264
82.100189186 1008.5108794768394
82.110103712 1008.5133568628978
82.997388886 1008.5133568628979
83.876732395 1008.5299658724771
83.877613248 1008.5588216667834
83.877811288 1008.6325109370434
83.881435694 1008.6868876147914
83.881995913 1008.6868876147915
85.593807863 1008.7034966243707
85.594959004 1008.7060639412155
85.595159233 1008.7718268769113
85.595278075 1008.7912413418766
85.595510756 1008.8060416889371
85.6123209 1008.8474709742452
85.617798194 1008.8604183666849
85.860262687 1008.860418366685
87.255943941 1008.8770273762641
87.257027075 1008.8795946931086
87.257230323 1008.9453576288047
87.257355072 1008.96477209377
87.257560219 1008.9795724408305
87.27444493 1008.9853005601284
87.366014087 1008.9853005601285
88.594935808 1008.9853005601286
88.855481727 1009.0019095697077
88.856534402 1009.0044768865524
88.856731026 1009.0702398222483
88.857025116 1009.104454634274
88.901740022 1009.1044546342742
90.40046629 1009.1210636438532
90.401542315 1009.1277047226506
90.401575711 1009.1993344199265
90.401920231 1009.2139250102172
90.415147862 1009.2158113767731
90.415533893 1009.2158113767732
90.418142442 1009.2191239621612
90.925134584 1009.2191239621613
91.269118227 1009.2191239621615
91.877222463 1009.2357329717404
91.878219935 1009.3140037478136
91.878468419 1009.3285943381045
91.891127504 1009.3304807046602
91.891903484 1009.3304807046603
91.912929612 1009.3304807046604
92.035415212 1009.3304807046605
93.301100553 1009.3304807046607
93.302119452 1009.3470897142397
93.30304103 1009.3537307930369
93.303067968 1009.425360490313
93.303345928 1009.4399510806036
93.316745298 1009.4418374471596
93.9598043 1009.4418374471597
94.690196675 1009.4584464567388
94.691153467 1009.536717232812
94.691440109 1009.5513078231028
95.693374612 1009.5513078231029
96.019146828 1009.5679168326819
96.024439929 1009.5686226300693
96.024865714 1009.6149904542383
96.02626381 1009.6298849011469
96.034649352 1009.6354604867162
96.627622545 1009.6354604867163
97.283061174 1009.6520694962952
97.2879487 1009.6991431178515
97.289374268 1009.7140375647601
97.325078148 1009.7140375647604
98.495067801 1009.7306465743393
98.499852757 1009.7777201958957
98.504927722 1009.7916105946255
98.572560448 1009.7916105946256
98.920980251 1009.7916105946257
99.653484016 1009.8082196042047
99.655641127 1009.8521033272675
99.658664883 1009.855293225761
99.664222904 1009.8591387653513
