0.000368515 1002.1390475085508
0.000488895 1002.184255556719
0.000656559 1002.281579294554
0.000857578 1002.2937645546198
0.001040121 1002.407665653992
0.002679959 1002.4433089161669
0.008675867 1002.4509548907903
0.017281432 1002.4700685447539
0.032082773 1002.4990903590061
0.03211621 1002.6711773895698
0.04219694 1002.67117738957
0.080846832 1002.7331194434223
0.081411921 1002.7830261067774
0.08182068 1002.8186693689523
0.086745213 1002.8263153435756
0.093673584 1002.8454289975392
0.105153948 1002.8744508117917
0.105279404 1002.9319508431633
0.105933778 1002.9627211020636
0.106056618 1003.0465378423552
0.140813771 1003.0465378423554
0.166374737 1003.0475805818947
0.22723068 1003.0482220471714
0.235441306 1003.0482220471715
0.350697427 1003.0514329133395
0.481431831 1003.0548414471613
0.535096353 1003.0548414471614
0.725213853 1003.0551786403233
0.777626834 1003.0551786403234
0.958008926 1003.0583167383829
0.965882545 1003.058316738383
1.197064826 1003.0628246149467
1.4138866540000001 1003.0628246149469
1.44734849 1003.0636738408432
1.507472972 1003.0636738408433
1.67885453 1003.0638631889265
1.7980066780000001 1003.0657292223251
1.925731901 1003.0678839577693
2.039097539 1003.0698726988066
2.047094057 1003.0698726988068
2.280914613 1003.0710878985811
2.288639952 1003.0710878985813
2.40884276 1003.0819382689103
2.461865413 1003.0819382689104
2.647170459 1003.0945116281563
2.766466705 1003.1020821174608
2.884576283 1003.1109600831627
3.004234317 1003.1109600831628
3.115781915 1003.1147941394001
3.123509493 1003.1147941394003
3.211297494 1003.1147941394004
3.244701345 1003.115103898647
3.2959773869999998 1003.1151038986471
3.355726291 1003.1154734419849
3.451808986 1003.115473441985
3.485041727 1003.1334403677971
3.59594865 1003.1336012880333
3.722066533 1003.1551147078832
3.8448409789999998 1003.1684601145346
4.085081045 1003.2830471137264
4.298047381 1003.3332317123035
4.298216699 1003.3454169723691
4.298637548 1003.4094114083864
4.2992169780000005 1003.4593180717413
4.300554735 1003.4658422785639
4.304286661 1003.5026073085397
4.31123639 1003.5108705921741
4.33670382 1003.5552561355778
4.387639066 1003.5552561355779
4.568264521 1003.6120768643649
4.906203796 1003.612076864365
5.504090479 1003.6127561669496
5.836260742 1003.6127561669497
8.127093997 1003.6746943391033
8.133878174 1003.6829576227377
8.192284573 1003.6829576227378
8.353827705 1003.7191000405847
8.353878674 1003.7643080887527
8.353995622 1003.8616318265879
8.354142735 1003.8738170866535
8.354530949 1003.9378115226708
8.360016146 1004.0310074228241
8.375775336 1004.0339120302025
8.481150352 1004.04150848773
8.593956396 1004.0415084877301
8.707619508 1004.0445990615334
8.763859758 1004.0445990615335
8.932108965 1004.0478215678711
9.043475464 1004.0478215678712
9.380736906 1004.0498860878574
9.609216834 1004.0498860878575
9.826683148 1004.0510975314281
9.842555201 1004.0540021388065
9.955465034 1004.0540021388066
10.05434059 1004.0549498628728
10.069841452 1004.0578544702512
10.183478546 1004.0578544702513
10.50436367 1004.0663415644801
10.510347257 1004.0746048481145
10.622871018 1004.0746048481146
11.071372366 1004.0746048481147
11.409032132 1004.0775094554929
11.520952964 1004.077509455493
11.74798124 1004.0775094554931
12.300459018 1004.1543446912522
12.300513854 1004.1995527394201
12.300634702 1004.2968764772553
12.300790031 1004.3090617373209
12.301193348 1004.3730561733382
12.307466154 1004.4662520734914
12.322319204 1004.4691566808699
16.117798733 1004.5488965240074
16.117857887 1004.5941045721754
16.117977373 1004.6914283100106
16.120237389 1004.7036135700762
16.120616151 1004.7676080060935
16.126648197 1004.8608039062467
19.871071619 1004.9405437493841
19.871126271 1004.9857517975521
19.871377819 1005.095260795453
19.871778947 1005.1592552314702
19.878572701 1005.1971649294055
19.878801161 1005.2193547712388
19.90164759 1005.22566785138
19.90178156 1005.2277323713664
20.055320545 1005.2277323713665
23.51386257 1005.3074722145038
23.51392898 1005.3526802626719
23.51419942 1005.4621892605727
23.51474416 1005.4740368824545
23.521583268 1005.5862832363587
23.543019932 1005.5925963164998
25.264951978 1005.5925963164999
26.529972421 1005.5925963165
27.0599605 1005.6723361596372
27.060013915 1005.7175442078053
27.060136166 1005.8148679456405
27.060282291 1005.8270532057061
27.060824438 1005.8389008275877
27.067554983 1005.9511471814919
27.097349195 1005.9542377552955
27.34449361 1005.9542377552956
30.529259508 1005.9542377552957
30.54263453 1006.033977598433
30.542682485 1006.079185646601
30.542804199 1006.1765093844361
30.542939469 1006.1886946445018
30.543469287 1006.2005422663835
30.549996313 1006.3127886202877
32.279413974 1006.3127886202878
33.911231587 1006.3925284634252
33.911289758 1006.4377365115932
33.911407793 1006.5350602494284
33.911548151 1006.547245509494
33.912056279 1006.5590931313758
33.92280145 1006.624800843933
34.220483037 1006.6248008439331
35.873712136 1006.6248008439333
37.182412719 1006.7045406870706
37.182469059 1006.7497487352387
37.182709669 1006.8592577331393
37.183205054 1006.8711053550211
37.19541888 1006.9180803657723
37.211903999 1006.9218768886204
37.257300652 1006.9218768886205
40.394121748 1007.001616731758
40.394185169 1007.0468247799259
40.394432313 1007.1563337778267
40.406564553 1007.2151564104597
41.566079015 1007.2151564104598
43.604856834 1007.2948962535971
43.604913266 1007.3401043017651
43.605147072 1007.4496132996659
43.6214589 1007.4585843553624
43.622281061 1007.4602726129846
43.623175117 1007.4811825295537
43.62351769 1007.4827806492668
43.623542991 1007.4887935839223
43.666767212 1007.4887935839225
44.740782532 1007.4887935839226
46.683078241 1007.56853342706
46.683132101 1007.613741475228
46.683368734 1007.7232504731288
46.700136537 1007.7322215288253
46.701751171 1007.7548197030167
46.702083131 1007.7564178227298
46.882143491 1007.7564178227299
49.778685173 1007.8361576658673
49.77877254 1007.8813657140353
49.779056417 1007.93238653206
49.779516866 1007.9529696100445
49.780714877 1007.9757822667814
49.791576218 1007.9892841377427
49.806090358 1008.0033273410189
49.806759206 1008.0204583471921
52.941924114 1008.1001981903296
52.941975759 1008.1454062384976
52.942223736 1008.1964270565223
52.942647244 1008.2170101345068
52.943730847 1008.2398227912437
52.954237161 1008.253324662205
52.974672231 1008.2611964298347
55.97452322 1008.3409362729723
55.974587406 1008.3861443211403
55.974837778 1008.437165139165
55.975248108 1008.4577482171495
55.976323022 1008.4805608738864
55.986455348 1008.4940627448477
58.56858735 1008.5738025879851
58.568674533 1008.6190106361532
58.568938634 1008.670031454178
58.569364592 1008.6906145321625
58.570451901 1008.7134271888993
58.583266302 1008.7269290598607
58.733261559 1008.7269290598608
61.232832995 1008.8066689029981
61.232890955 1008.8518769511662
61.233144236 1008.902897769191
61.235187891 1008.9234808471755
61.236231698 1008.9462935039123
61.257483193 1008.9558842078084
61.675457625 1008.9558842078085
63.726302752 1009.0356240509458
63.72636203 1009.0808320991139
63.726621549 1009.1318529171386
63.727061668 1009.1524359951231
63.728119182 1009.17524865186
63.762944144 1009.1752486518601
66.147874707 1009.3001965431656
66.148178775 1009.3512173611903
66.148593534 1009.3718004391749
66.162704808 1009.3914619954786
66.397614137 1009.3914619954787
68.443817761 1009.5164098867842
68.444102206 1009.5674307048089
68.444513216 1009.5880137827935
68.458123216 1009.5975188479304
68.458578298 1009.6076753390971
68.540913464 1009.6076753390972
70.675558057 1009.7326232304026
70.675845745 1009.7836440484274
70.676249715 1009.8042271264119
70.697322411 1009.8049754573141
70.942605272 1009.8049754573142
71.764907179 1009.8049754573143
72.808901665 1009.9299233486197
72.809159263 1009.9809441666443
72.836914468 1009.9809441666445
73.310907465 1009.9809441666446
74.838940544 1009.9809441666447
74.873692327 1010.0453728529907
74.875237648 1010.1151180050656
74.887979823 1010.1569128759747
74.902775448 1010.1569128759749
75.728551881 1010.156912875975
76.867993992 1010.221341562321
76.869485974 1010.2910867143958
76.882244226 1010.3183214189966
76.883245375 1010.3183214189967
76.886314966 1010.3237823446061
77.625332383 1010.3237823446062
78.76944614 1010.3237823446063
78.863899393 1010.3882110309524
78.865351752 1010.4579561830272
78.876829329 1010.485190887628
78.877869526 1010.4851908876282
80.795100393 1010.5496195739742
80.796522004 1010.6193647260491
80.808269258 1010.6465994306499
81.696503328 1010.64659943065
82.632294109 1010.711028116996
82.633698946 1010.7807732690708
82.647342837 1010.8028561851493
82.647634007 1010.8078945572154
82.749343877 1010.8078945572155
82.927526303 1010.8078945572156
84.424166123 1010.8723232435617
84.425538932 1010.9420683956365
84.437993693 1010.964151311715
85.50730621 1010.9641513117151
86.147346906 1011.0285799980612
86.148663261 1011.098325150136
87.000776762 1011.0983251501361
87.803776171 1011.1627538364822
87.805070578 1011.2324989885572
89.407355868 1011.2969276749033
89.412289437 1011.305368289223
89.419910584 1011.3100081310171
89.420080039 1011.3632976692921
89.736388573 1011.3632976692923
90.953741448 1011.4277263556384
90.958487765 1011.4361669699581
90.965426262 1011.4408068117522
90.966883517 1011.4412109384886
90.968193938 1011.4749473092107
90.969903631 1011.4749473092108
92.430106276 1011.539375995557
92.4347588 1011.5478166098768
92.442492135 1011.5528605784073
92.443793086 1011.5576857146741
93.856744712 1011.6221144010202
93.861347289 1011.6305550153401
93.868224962 1011.6351948571341
93.869563499 1011.6355989838705
95.236125005 1011.7000276702166
95.240713666 1011.7084682845365
95.247399986 1011.7131081263306
96.557391486 1011.7775368126767
96.561838604 1011.7859774269965
97.83115902 1011.8504061133426
97.842627452 1011.8521085425207
99.042599093 1011.9165372288667
99.054010453 1011.9165372288668
