0.000363987 1001.9750062988776
0.00048741 1002.1133719318183
0.000670758 1002.1135251609325
0.001193516 1002.1944199168486
0.001477517 1002.388302733395
0.062820506 1002.3883027333951
0.078842434 1002.4392215998214
0.078965709 1002.4393748289357
0.079485989 1002.7141524013982
0.320728203 1002.7211847625709
0.380580457 1002.7213275829175
0.500739394 1002.7277347342236
0.548717078 1002.7277347342238
0.560773258 1002.7287687448344
0.802204046 1002.7294906253695
0.922364628 1002.7348565778485
0.970013981 1002.7348565778486
1.102870448 1002.7419311157541
1.211088438 1002.7419311157543
1.223138364 1002.7444656636856
1.281832136 1002.7459719038435
1.328494349 1002.7459719038436
1.448120503 1002.7459719038437
1.520090613 1002.7495310065768
1.638698668 1002.7501554385407
1.685281008 1002.7501554385408
1.6978841249999999 1002.7513742875371
1.757651717 1002.7547320640055
1.8042131989999999 1002.7547320640056
1.8172583169999998 1002.7555170035524
1.936151894 1002.7558614642086
2.347562681 1002.766013278455
2.396493989 1002.7660132784551
2.409172183 1002.7697501446665
2.457692092 1002.7697501446667
2.5291573769999998 1002.7722612791282
2.575369629 1002.7722612791283
2.645643918 1002.773062299169
2.692359039 1002.7730622991692
2.704203009 1002.7733028459157
2.9964154670000003 1002.7818488325347
3.231843274 1002.7978366577026
3.648388104 1002.8210962633075
3.695516015 1002.8210962633076
4.010974828 1002.8308516759108
4.247809129 1002.8415716587183
4.247858878 1002.9799372916589
4.247987104 1002.9800905207732
4.248361128 1003.0609852766893
4.249406044 1003.0862353942372
4.250227973 1003.0862353942373
4.252031302 1003.0912631812981
4.252372034 1003.1648991684967
4.256436955 1003.1684518697458
4.262164994 1003.1769978563648
4.262650294 1003.2162452871377
4.291496884 1003.2260006997409
4.463701734 1003.226000699741
5.513201994 1003.2636452058233
5.742271522 1003.2636452058234
8.269126786 1003.3044428713727
8.269321638 1003.3751112662798
8.269355001 1003.4006545357761
8.269624328 1003.5431692372305
8.270525685 1003.5431692372306
8.272352338 1003.5481970242914
8.272671816 1003.6218330114901
8.276659663 1003.6253857127391
8.277447002 1003.6253857127392
8.282755383 1003.6731791301311
12.170521877 1003.8079047961922
12.170582483 1003.8334480656886
12.170860052 1003.975962767143
12.171795204 1003.9759627671431
12.17357103 1003.9809905542038
12.173922673 1004.0546265414025
12.177948163 1004.0581792426516
12.178753432 1004.0581792426517
14.469620313 1004.0581792426518
15.985435875 1004.1162991441448
15.985494074 1004.2546647770855
15.986013637 1004.3357127621158
15.987070889 1004.3609628796637
15.987909558 1004.3609628796638
15.989635892999999 1004.3659906667247
15.989970187 1004.4396266539233
15.993833116 1004.4431793551723
16.154172482 1004.4431793551724
19.69910739 1004.5779050212336
19.699162752 1004.6034482907298
19.69944098 1004.7459629921843
19.702041903 1004.7509907792452
19.702366523 1004.8246267664439
20.676567518 1004.824626766444
23.299683091 1004.882746667937
23.299738714 1005.0211123008777
23.300222763 1005.1021602859079
23.301220803 1005.1274104034559
23.301998613 1005.127410403456
23.303665911 1005.1324381905167
23.304422212 1005.1324381905168
23.304865304 1005.1414693727679
23.329856499999998 1005.1711806108974
23.3347358 1005.1910560970543
23.334788654 1005.2023373115039
23.686989445000002 1005.202337311504
26.804618026 1005.2544384833153
26.804668147 1005.3626062470614
26.804926583 1005.5051209485159
26.805756274 1005.505120948516
26.818034606 1005.5174579340568
26.818748045 1005.5174579340569
26.840036688 1005.5417693123325
26.840202078 1005.5435252034783
26.937630772 1005.5435252034785
30.245650386 1005.5956263752898
30.245706019 1005.703794139036
30.245978146 1005.8463088404905
30.258912649 1005.8586458260313
31.112736499 1005.8586458260314
33.572370099 1005.9167657275244
33.572577134 1005.9693329085853
33.572668024 1006.0486100906286
33.573175796 1006.0551313604651
33.573854431 1006.1614294630433
33.58629498 1006.1737664485842
34.095324689 1006.1737664485843
36.813374422 1006.3084921146456
36.813424879 1006.3340353841418
36.813683234 1006.4765500855963
36.816114459 1006.4815778726571
36.898864793 1006.4815778726572
38.158700519 1006.4815778726573
39.964045424 1006.5396977741505
39.964287669 1006.5922649552114
39.964366474 1006.6715421372546
39.965499975 1006.7843615096693
39.97949072 1006.7885644262478
39.991623079 1006.788564426248
42.110892804 1006.7885644262481
43.059774514 1006.8466843277412
43.059979843 1006.8992515088021
43.060073829 1006.9785286908453
43.061208093 1007.09134806326
43.076008591 1007.0955509798385
43.144844672 1007.0955509798387
44.025933611 1007.0955509798388
46.07221561 1007.1536708813318
46.072435938 1007.2062380623927
46.07252852 1007.2855152444359
46.073616093 1007.3983346168507
46.31210702 1007.3983346168508
46.976672324 1007.3983346168509
48.993514671 1007.4564545183439
48.993732447 1007.5090216994048
48.99381212 1007.5882988814482
48.994915396 1007.7011182538629
49.173541198 1007.701118253863
51.803779043 1007.7574748644456
51.803891213 1007.8118053364169
51.804055424 1007.8575409995464
51.804299828 1007.8625009210155
51.808088241 1007.9664958101263
51.825436193 1007.9796297422529
51.863989138 1007.979629742253
53.75853257 1007.9796297422531
54.512204628 1008.0359863528358
54.512324398 1008.0903168248071
54.512546477 1008.1142534660102
54.512732924 1008.1410124094056
54.516450797 1008.2450072985165
55.736426082 1008.2450072985166
57.341069574 1008.3013639090993
57.341178834 1008.3556943810706
57.343162409 1008.3796310222735
57.343734526 1008.4014300442001
57.346733833 1008.4041503756888
57.347065855 1008.4112622204516
57.352298161 1008.4640563478204
57.355728467 1008.4708369258028
57.367362815 1008.4779314727797
57.370833749 1008.4832858442844
57.373809186 1008.5074109559671
58.763012374 1008.5074109559672
59.879002993 1008.5637675665499
59.879111158 1008.6180980385211
59.879332787 1008.6420346797242
59.879899897 1008.6638337016508
59.888387755 1008.726460005271
59.888965371 1008.7264600052711
59.891742948 1008.7332405832535
59.902733891 1008.7403351302304
61.230369784 1008.7403351302305
62.360432245 1008.7966917408132
62.360540518 1008.8510222127844
62.362949283 1008.8749588539876
62.363485673 1008.8967578759141
62.371544279 1008.9593841795343
62.372117163 1008.9593841795344
62.374804824 1008.9661647575168
64.74969658 1009.0225213680995
64.749807741 1009.0768518400707
64.75002183 1009.1007884812738
64.750531262 1009.1225875032002
64.75871664 1009.1852138068206
65.511924156 1009.1852138068207
67.105059838 1009.2415704174034
67.105327518 1009.3416365525043
67.119200411 1009.3431536400652
67.119350774 1009.4042628561244
67.940338477 1009.4042628561245
69.320183632 1009.4606194667072
69.320293862 1009.5149499386785
69.320470211 1009.560685601808
69.335886774 1009.5678120668872
69.337025367 1009.5925896554645
69.340167976 1009.6232132790086
69.436174157 1009.6232132790087
71.44984483 1009.6795698895916
71.450090474 1009.7796360246923
71.464734045 1009.7867624897716
71.466280697 1009.8001784219382
71.469427869 1009.8137339586184
71.469989376 1009.8410243281916
73.512819758 1009.8973809387743
73.513103596 1009.9974470738752
73.529974342 1010.0045735389543
73.53105311 1010.017989471121
73.534137793 1010.0315450078011
73.536623674 1010.0525296484127
73.537701988 1010.0546759548349
73.739770279 1010.054675954835
75.516744285 1010.1110325654178
75.516998328 1010.2110987005186
75.532782345 1010.2316410977645
75.535701354 1010.2451966344446
75.538430859 1010.2661812750562
75.904895302 1010.2661812750563
77.502826229 1010.322537885639
77.5031016 1010.4226040207399
77.518737374 1010.4431464179858
77.521569933 1010.4567019546658
77.885746012 1010.456701954666
79.423306752 1010.5130585652487
79.423570259 1010.6131247003495
79.440357892 1010.6336670975954
81.260516889 1010.6900237081782
81.26103855 1010.7594929056165
81.261254981 1010.7900898432791
81.284733275 1010.7999220195304
81.638391808 1010.7999220195305
83.028861962 1010.8562786301133
83.029360303 1010.9257478275516
83.02956333 1010.9563447652142
84.75042268 1010.9637518171238
84.751010908 1010.9892051179819
84.75858113 1011.0708531072021
84.758806332 1011.1033389099778
84.766550325 1011.1040480597283
85.779569157 1011.1040480597284
86.39301197 1011.111455111638
86.399214092 1011.2185564017162
86.399435407 1011.2510422044919
86.422596388 1011.251042204492
87.985823378 1011.2584492564017
87.996912434 1011.3740316815027
88.005639012 1011.3793187290994
88.116417561 1011.3793187290995
89.514622581 1011.3867257810092
89.525126137 1011.5023082061102
90.290286852 1011.5023082061103
91.001216383 1011.50971525802
91.01270978 1011.5381687572839
91.012761133 1011.5560119743858
91.015758965 1011.5732887238232
92.179976558 1011.5732887238233
92.431059898 1011.580695775733
92.442196885 1011.6091492749968
92.44224621 1011.6269924920987
92.619929546 1011.6269924920988
93.805705114 1011.6343995440084
93.816815577 1011.6628530432722
94.302559902 1011.6628530432723
95.097805684 1011.670260095182
