0.000364715 1000.6766756957294
0.000466271 1000.740512330954
0.000498261 1000.8056139849208
0.000587355 1000.8885246321116
0.000825429 1000.9068184423035
0.000970975 1000.9645006744369
0.001276041 1000.9919926879908
0.002562412 1001.1779306897034
0.003657105 1001.1779306897035
0.052979873 1001.183980121919
0.079895207 1001.2432294751281
0.080076678 1001.2615232853198
0.080176035 1001.3192055174534
0.080394647 1001.3466975310073
0.081367767 1001.53263553272
0.082251232 1001.5326355327201
0.157393845 1001.5326355327202
0.204549162 1001.532782614821
0.205367628 1001.5327826148211
0.243942998 1001.5388320470366
0.608610979 1001.5417800504325
0.788367769 1001.5458421617362
0.870876096 1001.5504453214375
0.884999977 1001.5504453214376
0.93115507 1001.5513159519043
0.931984474 1001.5513159519044
0.970625382 1001.5573653841196
1.113219845 1001.5585106027115
1.127342579 1001.5585106027116
1.233400127 1001.5617686413776
1.234205084 1001.5617686413777
1.291808784 1001.56420972366
1.292593913 1001.5642097236602
1.364924393 1001.5642097236603
1.411018932 1001.5669963291879
1.484353925 1001.566996329188
1.530941313 1001.5677606655039
1.531720785 1001.567760665504
1.56966899 1001.5738100977195
1.6900000020000001 1001.5738100977196
1.867747761 1001.5778574123154
2.068250014 1001.5799747769009
2.082053635 1001.579974776901
2.127634277 1001.5821339754747
2.12841753 1001.5821339754748
2.18790539 1001.5821339754749
2.247164094 1001.584145813083
2.261610334 1001.5841458130831
2.365359088 1001.5856171160898
2.366149288 1001.5856171160899
2.403205738 1001.5916665483052
2.463309727 1001.591973820492
2.5232409970000003 1001.5919738204921
2.662223096 1001.5920402977321
2.663019109 1001.5920402977322
2.701197143 1001.5980897299474
2.761024892 1001.5997477390716
3.080756627 1001.6133786019403
3.095067303 1001.6133786019404
3.119811742 1001.6194280341557
3.29609484 1001.6194280341558
3.355098694 1001.6210789067421
3.475463298 1001.6210789067422
3.555785612 1001.62332167228
3.676928563 1001.6345502878406
3.677716734 1001.6345502878407
3.738935148 1001.6421650465419
3.739771365 1001.642165046542
3.863475842 1001.6643656585305
3.864276899 1001.6643656585306
4.022255453 1001.7251469173631
4.082843938 1001.7251469173632
4.283865324 1001.7899289974034
4.283938237 1001.8728396445945
4.284111774 1001.8911334547861
4.28421679 1001.9488156869197
4.285349445 1002.1622457021863
4.2861855 1002.1622457021864
4.451905061 1002.164488467724
4.460512031 1002.1644884677241
5.370788928 1002.1757170832848
5.5109367989999996 1002.1757170832849
5.784557575 1002.183331841986
6.134316155 1002.1833318419862
6.707973611 1002.2055324539747
7.111217534 1002.2055324539748
7.667870649 1002.2663137128072
7.784383614 1002.2663137128073
8.326875598 1002.2794655199796
8.326914511 1002.3445671739462
8.326979627 1002.4274778211372
8.327149418 1002.4457716313289
8.327267254 1002.5034538634623
8.327504616 1002.5309458770162
8.329511743 1002.5837107818577
8.330321064 1002.5837107818578
8.334433247 1002.6128158681079
8.335243554 1002.6128158681081
8.353207162 1002.6399514401232
8.35581639 1002.6621520521119
11.583785709 1002.6743074113801
11.584559874 1002.6743074113803
11.588556797 1002.7034124976303
11.589325606 1002.7034124976306
12.260572393 1002.8055100617386
12.260622506 1002.8706117157054
12.260690459 1002.9535223628965
12.260872181 1002.9718161730881
12.260988729 1003.0294984052215
12.263134035 1003.1097553236169
12.263951259 1003.109755323617
12.26801253 1003.1388604098671
12.290564612 1003.1388604098672
12.324828866 1003.1388604098673
13.484477025 1003.1405112824536
16.103910483 1003.2426088465619
16.103963776 1003.3077105005285
16.104034381 1003.3906211477196
16.104201882 1003.4089149579112
16.104313839 1003.4665971900448
16.106691937 1003.5286903856678
16.107418261 1003.5468541084404
16.128633536 1003.574308322104
16.132430287 1003.5759591946903
16.165685244 1003.5759591946904
19.818024122 1003.6797076313851
19.818079772 1003.7448092853517
19.818148228 1003.8277199325428
19.818332561 1003.8460137427344
19.818450439 1003.9036959748678
19.820675445 1003.9657891704908
19.833362438 1003.9698364850867
19.843847709 1004.0114071069271
23.428959361 1004.1151555436215
23.429021013 1004.1802571975884
23.429088724 1004.2631678447792
23.429262907000002 1004.281461654971
23.429378606 1004.3391438871045
23.431506515 1004.4012370827274
23.443323902 1004.4012370827276
23.467082286 1004.4190935333133
24.219584025 1004.4190935333135
26.953330998 1004.5228419700079
26.953384025 1004.5879436239748
26.953449144 1004.6708542711656
26.953611581 1004.6891480813574
26.953722725 1004.7468303134908
26.955849766 1004.8089235091138
26.967606274 1004.8089235091139
27.73009823 1004.808923509114
30.38348418 1004.9777735997751
30.383570594 1005.0606842469662
30.383746543 1005.0789780571578
30.383858063 1005.1366602892914
30.398374111 1005.1987534849145
33.711841586 1005.3676035755759
33.71193701 1005.4505142227667
33.71212158 1005.4688080329583
33.712238604 1005.526490265092
33.735911657 1005.5606155247317
33.743138174 1005.5721387471151
36.978669548 1005.7409888377765
36.978751844 1005.8238994849676
36.978906493 1005.8421932951592
36.979010862 1005.8998755272926
37.001481353 1005.9340007869325
40.130833089 1006.1028508775937
40.130931904 1006.1857615247848
40.131098882 1006.2040553349764
40.131530061 1006.2074066338816
40.131582145 1006.2357575269323
40.131619957 1006.2383666091375
40.132007197 1006.2617375671098
40.155168752 1006.263725799903
40.169538836 1006.2669855445185
43.208196713 1006.43583563518
43.208279775 1006.5187462823709
43.208433507 1006.5370400925625
43.208813421 1006.5403913914676
43.208863352 1006.5687422845184
43.24194258 1006.5704524035285
46.204477221 1006.7393024941899
46.204594268 1006.8222131413809
46.204761668 1006.8405069515725
46.205184823 1006.8438582504775
46.205227343 1006.8722091435284
49.100126069 1007.0410592341897
49.100214053 1007.1239698813807
49.100371281 1007.1422636915723
49.100772438 1007.1456149904775
49.11964684 1007.1515349007078
49.241604731 1007.1515349007079
51.929516883 1007.3203849913692
51.929606544 1007.4032956385602
51.929771624 1007.4215894487518
51.930193449 1007.4249407476569
51.954535331 1007.4308606578873
54.729195426 1007.4400806553981
54.72938182 1007.456642594699
54.732197287 1007.4575220244634
54.732226833 1007.4645934032488
54.732317641 1007.4893503088757
54.732423954 1007.6932513598698
54.745078233 1007.7009152059311
54.760922187 1007.7042665048363
55.339035028 1007.7042665048364
57.613805368 1007.7134865023472
57.613997933 1007.7300484416481
57.61687816 1007.7309278714125
57.616909142 1007.737999250198
57.617002731 1007.7627561558248
57.617114102 1007.9666572068189
58.864464891 1007.966657206819
60.315931698 1007.97587720433
60.316702955 1007.9924391436308
60.318790477 1007.9933185733953
60.318818717 1008.0003899521806
60.318909461 1008.0251468578076
60.319273165 1008.1171402750964
60.319300016 1008.1295036526377
60.319692476 1008.2290479088016
60.582747496 1008.2290479088017
62.858351739 1008.2382679063124
62.861837475 1008.3035247608648
62.863256935 1008.4016724523319
62.863653421 1008.4393436627605
62.866153709 1008.4801665957458
64.717309049 1008.4801665957459
65.522591122 1008.4893865932568
65.525988237 1008.5546434478091
65.527347881 1008.6527911392762
65.527750283 1008.6904623497048
65.532485103 1008.7037059985139
68.008598564 1008.7129259960248
68.011147652 1008.7781828505771
68.012468332 1008.8763305420443
68.012834546 1008.9140017524728
68.017454722 1008.9272454012819
70.265617658 1008.9364653987927
70.268834803 1009.0017222533451
70.270227087 1009.0779749076121
70.270497297 1009.1375411552408
70.290135567 1009.1375411552409
72.400160558 1009.1467611527518
72.402585349 1009.2120180073042
72.40389824 1009.2882706615711
72.404286911 1009.3219156105971
72.409279999 1009.3305006164666
74.477439697 1009.3397206139774
74.480579718 1009.4049774685298
74.481906224 1009.4812301227968
74.482314681 1009.5148750718228
76.474059483 1009.5240950693335
76.476538542 1009.5893519238858
76.47945993 1009.6179058602737
76.47986918 1009.6227472244335
76.48530445 1009.6451409541561
76.48882949 1009.6504846170237
76.491542739 1009.6818448395098
76.584058224 1009.68184483951
77.517539996 1009.6818448395101
78.460446969 1009.6910648370208
78.463169918 1009.7051814334656
78.465615414 1009.784875627961
78.466065849 1009.7897169921209
78.471453762 1009.8121107218434
78.474431105 1009.817454384711
78.479534916 1009.8287718622448
78.481558173 1009.8336133499707
78.549473796 1009.8336133499708
80.355821936 1009.8711646076977
80.361079743 1009.9366441384218
80.366771655 1009.9638792323042
80.369652008 1009.9692228951718
80.396370397 1009.9692228951719
80.423374684 1009.969222895172
82.200326386 1009.9925594891275
82.200895386 1009.9925594891276
82.202697472 1010.072253683623
82.20830637 1010.0994887775055
83.003449114 1010.0994887775056
83.9687688 1010.1228253714611
83.970983421 1010.2025195659565
83.978227824 1010.229754659839
85.693442835 1010.2530912537945
85.694028458 1010.2530912537947
85.69571713 1010.33278544829
85.70350876 1010.3327854482901
85.703863602 1010.3446359132901
87.324155974 1010.3679725072456
87.326352399 1010.447666701741
87.334021858 1010.4476667017411
87.424582612 1010.4476667017412
88.923854845 1010.4710032956967
88.925961113 1010.5506974901922
90.446873518 1010.5580781506112
90.451697206 1010.5994896437281
91.895752405 1010.606870304147
91.906604032 1010.6225152109047
91.908958609 1010.6300665190213
91.909088068 1010.6370409014551
92.647954159 1010.6370409014552
93.292552401 1010.6444215618741
93.302792669 1010.6600664686318
93.304889094 1010.6676177767483
93.307440556 1010.6737635458544
94.027617947 1010.6737635458545
94.662726862 1010.6811442062734
94.673113205 1010.6967891130311
94.675304363 1010.7043404211477
95.972833315 1010.7117210815666
95.981404773 1010.7117210815667
95.982844783 1010.7273659883243
96.000805502 1010.7273659883244
97.230074793 1010.7347466487433
97.23746919 1010.7347466487435
97.307275475 1010.7347466487436
98.426376794 1010.7358791504865
98.443872656 1010.7358791504867
99.575752168 1010.7370116522297
