0.000374774 1002.4376879201201
0.000600316 1002.476193785083
0.000787379 1002.5970018332363
0.001599357 1002.6136624952547
0.009644819 1002.7084722574072
0.014195717 1002.8284188449405
0.087423826 1002.8479356962436
0.089843033 1002.8786394735974
0.089957116 1003.0089862178801
0.093584114 1003.1289328054135
0.155553993 1003.1301058943624
0.277459195 1003.1301906521031
0.400309285 1003.1323679793637
0.523016897 1003.132367979364
0.643797928 1003.1329560482515
0.70466612 1003.1369197784232
0.826431407 1003.138593006447
0.886950161 1003.1409550148081
0.947957045 1003.1422034768476
1.066656205 1003.144518157486
1.3647019440000001 1003.1488298085579
1.603987995 1003.1559071488483
1.66435885 1003.1564979090803
1.783894687 1003.1586600594122
1.941365984 1003.1593801520634
1.961710947 1003.1593801520636
2.141264548 1003.1637600207788
2.200752064 1003.1650942190141
2.261934722 1003.1650942190143
2.322282781 1003.1738743525881
2.443828313 1003.178669688013
2.563664229 1003.1889973093467
2.801460596 1003.1895282651391
2.920073215 1003.1904889781198
2.9789309680000002 1003.2051811278035
3.098167806 1003.2057458917465
3.461066017 1003.224604068154
3.811718365 1003.2488308365313
3.93232257 1003.2527722508465
3.991027796 1003.2527722508468
4.279145739 1003.3301973567035
4.279370059 1003.3627421917903
4.28134007 1003.4895112698197
4.28842802 1003.549575773753
4.291867482 1003.6133507152527
4.292691782 1003.613350715253
4.409073172 1003.6138816710451
4.87239781 1003.6148423840258
5.102503563 1003.6295345337095
5.261701029 1003.6295345337097
5.567616596 1003.6300992976525
5.632904501 1003.6300992976527
6.543211146 1003.64895747406
6.6030043240000005 1003.6489574740602
7.015431247 1003.6731842424373
7.482121438 1003.6771256567528
8.412240797 1003.790157521417
8.412381809 1003.8286633863796
8.412515763 1003.9494714345329
8.419651941 1004.0095359384662
8.420476173 1004.0095359384665
8.427506555 1004.025719756923
8.429286152 1004.0262845208659
8.772213781 1004.0262845208662
9.665236739000001 1004.0337627068435
9.6729455 1004.0499465253002
9.676293887 1004.0505112892432
11.465946927 1004.0538879396155
11.803242244 1004.0538879396157
12.34908629 1004.1917113366
12.34920978 1004.2302172015628
12.349341723 1004.3510252497161
12.356397102 1004.4110897536494
12.364109774 1004.4272735721062
16.233947733 1004.5684736194629
16.234087559 1004.6069794844256
16.234287142 1004.6181013557558
16.235036198 1004.7277875325789
16.241205812 1004.7878520365122
16.242006507 1004.7878520365124
16.249141743 1004.7883829923045
18.528352214 1004.7883829923047
19.995298605 1004.9295830396612
19.99542482 1004.9680889046241
19.995635195 1004.9792107759544
19.996353466 1005.0888969527774
20.002609152 1005.1489614567107
20.009682895 1005.1489614567109
23.663111579 1005.2901615040674
23.663241309 1005.3286673690303
23.663337822 1005.4494754171836
23.67243058 1005.4799227638338
23.699224054 1005.484302632549
23.711323502 1005.5095399211169
24.895313747 1005.5095399211172
27.210733456 1005.6507399684734
27.210865145 1005.6892458334363
27.210976919 1005.8100538815896
27.220061884 1005.8405012282398
27.246554446 1005.8448810969552
27.29711981 1005.8448810969554
30.668378862 1005.9860811443119
30.668617224 1006.1453950574281
30.689689617 1006.1609804095007
30.701864788 1006.175842404078
30.726501362 1006.1758424040783
34.033367913 1006.3170424514348
34.033587387 1006.476356364551
34.05444359 1006.4919417166235
36.33664737 1006.4919417166237
37.309572008 1006.63314176398
37.309799556 1006.7924556770962
37.332081068 1006.7937135237856
37.349167423 1006.7937135237859
37.558628437 1006.7937135237861
40.484839953 1006.9349135711428
40.485434024 1006.9447857057659
40.485899681 1007.0942274842588
41.274506666 1007.094227484259
43.580018618 1007.2354275316155
43.580551989 1007.2452996662388
43.584569081 1007.2845111030759
43.585573645 1007.3442863676586
43.602871631 1007.3502340444278
43.603488975 1007.3502340444279
43.900170391 1007.350234044428
46.332049776 1007.3502340444281
46.59367625 1007.3812548367384
46.593853868 1007.4283606996028
46.595251054 1007.4914340917846
46.597847927 1007.540517663245
46.598905275 1007.6002929278279
46.620457848 1007.6062406045971
49.542947079 1007.6843672597718
49.544319547 1007.7474406519536
49.546907921 1007.796524223414
49.547909068 1007.8562994879969
52.39985332 1007.9344261431718
52.401148894 1007.9974995353537
52.404650599 1008.0679262933543
52.404782441 1008.1047229476956
55.217732424 1008.1828496028704
55.219143843 1008.2459229950523
55.228141554 1008.2922749593001
55.243804528 1008.3330230415584
58.405541084 1008.4742230889151
58.418574784 1008.4931631947818
58.420036801 1008.500234244538
58.425972181 1008.5137370761765
61.20061966 1008.6549371235333
61.213160286 1008.6738772293997
61.215087528 1008.6809482791559
61.227894072 1008.6868718347919
61.62457871 1008.6868718347921
63.771750232 1008.8280718821488
63.784206175 1008.8470119880153
63.78557509 1008.8540830377715
66.401797106 1008.9952830851282
66.41394618 1009.0142231909947
66.424486734 1009.0142231909949
68.751643462 1009.1554232383517
70.987501811 1009.2783152596649
70.999666839 1009.2882458448039
71.009186858 1009.2924665449348
73.132530097 1009.3036324732691
73.132719718 1009.3580213770317
73.134758146 1009.3751473759803
73.142615453 1009.3818408903342
73.142909681 1009.3911475920243
73.14461278 1009.3915833798392
73.144664099 1009.4140777542609
73.144841299 1009.4252347529577
73.175536025 1009.425234752958
75.225489148 1009.4364006812925
75.22562618 1009.4907895850549
75.227881575 1009.5068993515076
75.231706763 1009.5079155840035
75.235292554 1009.5146090983576
75.243325137 1009.5481267742712
75.243570353 1009.5560708439956
75.272422383 1009.5560708439957
77.242202183 1009.6216256760928
77.244273555 1009.6387516750414
77.252413556 1009.6454451893953
77.264239634 1009.664768283753
77.666297307 1009.6647682837531
79.249223351 1009.6683139648387
79.250263109 1009.7464328823029
79.25403658 1009.7474491147988
79.257328776 1009.7541426291527
79.258309772 1009.7653160561446
79.424107728 1009.7653160561447
81.183693787 1009.7688617372303
81.184744451 1009.8469806546944
81.188134808 1009.8479968871903
81.192412453 1009.8546904015443
81.433157569 1009.8546904015444
81.591903599 1009.8546904015445
83.031595153 1009.8582360826301
83.032358193 1009.9373712325901
83.042451843 1009.944064746944
83.197214452 1009.9440647469442
84.845619248 1009.9476104280297
84.846175275 1009.9476104280299
84.848010964 1010.0267455779898
84.848559262 1010.0267455779899
86.576114828 1010.0302912590755
86.580296381 1010.0413137111217
86.58047967 1010.0619901264188
86.592607082 1010.1084101765396
86.62567078 1010.1084101765397
88.223830115 1010.1119558576253
88.227284255 1010.138954761488
88.231064119 1010.1389547614881
88.239604602 1010.1436547249684
88.296582648 1010.1436547249685
89.813451106 1010.1741993099168
89.835844521 1010.174199309917
90.102806421 1010.1741993099171
90.53857226 1010.1741993099172
91.353832475 1010.1805886853066
91.358884136 1010.1903794579645
91.359076934 1010.1913682248427
92.821256045 1010.1977576002322
92.826174234 1010.2075483728901
92.867538756 1010.2075483728902
