0.000366623 1000.1187562409499
0.000520313 1000.2521187007374
0.000613403 1000.3523648019811
0.000793931 1000.3849493998925
0.002299384 1000.4553613931706
0.002376713 1000.4903071890565
0.002945067 1000.557349303739
0.003239403 1000.5740883081802
0.004316969 1000.631878888333
0.004902569 1000.7348974582856
0.004934937 1000.8015495919761
0.009426216 1000.8712691093737
0.010903498 1000.898247378525
0.045526552 1000.9127722565968
0.0812845 1000.9430034016685
0.082319935 1001.0175329862624
0.082820297 1001.1872036899057
0.09534825 1001.2178375575256
0.101976757 1001.2746013937287
0.223307625 1001.2763705596338
0.270134599 1001.28608555963
0.297382483 1001.3006104377018
0.419495917 1001.3016716919424
0.479784072 1001.3016716919425
0.723390458 1001.3021122673458
0.964130734 1001.3056860505563
1.022840327 1001.3056860505565
1.203656204 1001.308472289019
1.3245790689999999 1001.3137118731339
1.567342684 1001.3176125058259
1.627267488 1001.3199645517724
1.6880971329999999 1001.3199645517725
1.746126345 1001.3203473939376
1.9856775199999999 1001.3270470617823
2.045873143 1001.3270470617824
2.22686896 1001.3273712188484
2.286185459 1001.3273712188485
2.463774169 1001.3347451672487
2.70639518 1001.3440902840472
2.824993985 1001.347036152664
3.229170389 1001.3522162840608
3.27549168 1001.3631451422121
3.302341928 1001.377670020284
3.628798937 1001.3845402934347
3.655700096 1001.3990651715065
3.929898391 1001.4199089784153
3.957074627 1001.4344338564871
4.289392861 1001.4504296553546
4.289472031 1001.4853754512404
4.289918425 1001.5524175659231
4.29098582 1001.6269471505169
4.291476793 1001.7966178541602
4.304242354 1001.82725172178
4.419335128 1001.8280429058993
4.425490445 1001.8848067421025
5.356539423 1001.8993316201743
8.31019789 1001.991719245702
8.311522295 1002.0587613603846
8.313389997 1002.1002101943243
8.315242779 1002.111074186049
8.315339533 1002.1919263087793
8.315818627 1002.283296714806
8.324083804 1002.3335955162415
8.47614626 1002.3335955162416
12.235162286 1002.3512592202252
12.236261935 1002.4216712135031
12.23632592 1002.4566170093891
12.236764716 1002.5236591240717
12.237946759 1002.5458971434022
12.237974745 1002.5787134737826
12.238654488 1002.5981887086655
12.241513151 1002.6006605144565
12.241658285 1002.630303467106
12.241927264 1002.6372128082908
12.241965571 1002.7481944784931
13.557027655 1002.7481944784932
15.451206432 1002.7481944784934
16.061058092 1002.7658581824769
16.062187004 1002.836270175755
16.062250556 1002.8712159716408
16.063544981 1002.9382580863235
16.063751858 1003.0127876709173
16.067393984 1003.0152594767083
16.067800992 1003.0518117705426
16.071699121 1003.137093913839
16.07728582 1003.1557696158341
19.197407226 1003.1557696158342
19.804752064 1003.1734333198177
19.8056055 1003.1734333198178
19.805911044 1003.1740892976874
19.805956665 1003.2787911089817
19.807249495 1003.3458332236643
19.809142873 1003.3496232850637
19.81100332 1003.4228346140491
19.811786209 1003.4228346140492
19.811930698 1003.4524775666988
19.812124189 1003.4560003765035
19.815230049 1003.5446690511798
20.851236272 1003.5446690511799
23.446304886 1003.5623327551634
23.447409306 1003.5629887330331
23.44745884 1003.6676905443275
23.448721746 1003.73473265901
23.45056858 1003.7385227204094
23.452291298 1003.7870454846745
23.452450158 1003.8117340493948
23.453184009 1003.8117340493949
23.453328126 1003.8413770020445
23.453521806 1003.8448998118492
23.460633401 1003.884461406552
23.461120833 1003.8967984202435
23.465844217 1003.9335684865255
26.98669905 1004.0216441837871
26.987069683 1004.0220962174285
26.987373859 1004.036498570541
26.98764849 1004.056589979673
26.988011283 1004.1236320943556
26.988200002 1004.1981616789494
26.998876555 1004.2133579699819
26.999540261 1004.2733608418976
27.000028533 1004.2856978555891
27.006821826 1004.2958714687843
27.008377729 1004.3058404639066
27.009073273 1004.3058404639067
27.996298525 1004.3058404639069
30.457100719 1004.3939161611685
30.457186261 1004.4288619570543
30.458402874 1004.4959040717368
30.458738365 1004.5181420910674
30.458765929 1004.5509584214478
30.4594346 1004.5704336563307
30.462091355 1004.5729054621218
30.462943769 1004.6025484147714
30.470865685 1004.606173283577
30.475317729 1004.6681434461657
30.476902882 1004.678112441288
33.832222788 1004.6964321231412
33.83250042 1004.746207181765
33.832575629 1004.766640172191
33.832896232 1004.7810425253034
33.833175041 1004.8011339344356
33.833529831 1004.8681760491181
33.835283045 1004.8719661105175
33.837839266 1004.8875867291686
33.838237669 1004.9089306061936
33.838414049 1004.9364198274225
33.844046222 1004.9579019247443
33.845665716 1004.9784452609583
33.850043522 1005.0404154235468
33.856246232 1005.0419199644438
34.231898741 1005.0419199644439
37.089890071 1005.0602396462972
37.089948225 1005.1649414575916
37.092275226 1005.171809603507
37.092399543 1005.2100429988019
37.0927839 1005.2181443589404
37.092860915 1005.2357736336735
37.094449115 1005.2842963979385
37.096045638 1005.3002273505784
37.101565402 1005.3217094479003
37.102312038 1005.3810206158228
37.102651716 1005.3940493335076
37.109051837 1005.4042229467028
37.119397055 1005.4042229467029
40.294280439 1005.4225426285561
40.294347248 1005.5272444398505
40.296661592 1005.5341125857659
40.296789183 1005.5723459810608
40.297179807 1005.5804473411994
40.297254911 1005.5980766159324
40.298782674 1005.6465993801975
40.300375874 1005.6625303328374
40.305682787 1005.6840124301592
40.306420058 1005.7433235980818
40.306759435000004 1005.7563523157665
40.312975487 1005.7665259289619
43.426292428 1005.8546016262234
43.426380786 1005.8895474221093
43.427769125 1006.0116438865027
43.428384022 1006.0311191213857
43.437352844 1006.0463154124182
43.445843592 1006.0595598504005
43.45174213 1006.1056265803405
43.464324221 1006.1186552980253
43.481232033 1006.1186552980254
43.524449135 1006.1186552980255
46.460533871 1006.206730995287
46.460621827 1006.241676791173
46.462022477 1006.3637732555663
46.466526066 1006.371144350271
46.471599873 1006.3984447814818
46.479887699 1006.4116892194642
46.485689974 1006.4189881176957
46.516105943 1006.4189881176959
49.402176769 1006.437307799549
49.402239149 1006.5420096108434
49.404844108 1006.5713008920571
49.404925731 1006.5952125121922
49.405003102 1006.6128417869253
49.40665823 1006.6432586719745
49.40728644 1006.6474818082178
49.407829664 1006.6498062826014
49.408073152 1006.6714771699415
49.4129096 1006.6987776011522
49.422408579 1006.7120220391346
49.427225326 1006.7120220391347
49.778329675 1006.7120220391348
52.249252364 1006.730341720988
52.249321333 1006.8350435322824
52.251864792 1006.8643348134962
52.251947945 1006.8882464336313
52.252031374 1006.9058757083643
52.253688891 1006.9405157296568
52.254837623 1006.9428402040403
52.255085217 1006.9645110913804
52.259948603 1006.9918115225911
52.274398473 1007.0050559605735
53.220960533 1007.0050559605736
55.003533672 1007.0931316578351
55.003606478 1007.1280774537211
55.005100584 1007.2197826369918
55.007858553 1007.2293265148521
55.008454564 1007.2335496510955
55.008942932 1007.2358741254791
55.009169855 1007.2575450128192
55.013849041 1007.2848454440299
55.051790431 1007.28484544403
57.647919243 1007.3031651258832
57.648005292 1007.4078669371776
57.650453131 1007.4371582183915
57.650533235 1007.4610698385266
57.650609092 1007.4786991132596
57.652125222 1007.513339134552
57.653199038 1007.5156636089356
57.653446722 1007.5373344962757
60.281417084 1007.625410193537
60.281528843 1007.660355989423
60.282999371 1007.7520611726937
60.285682252 1007.7616050505542
60.286256554 1007.7658281867974
60.304905689 1007.7811201797073
60.340535175 1007.7811201797074
62.462612492 1007.7811201797075
62.799469306 1007.7994398615606
62.799523980000004 1007.904141672855
62.801854211 1007.9334329540688
62.801932542 1007.9573445742038
62.802011416 1007.9749738489369
62.803565734 1008.005390733986
62.804107265 1008.0096138702294
63.078619442 1008.0096138702295
63.323973793 1008.0096138702296
65.232619273 1008.0279335520826
65.23290114 1008.0777086107064
65.233195772 1008.1125439542449
65.235005191 1008.1619266445908
65.235069792 1008.1858382647259
65.235143718 1008.203467539459
65.24422331 1008.2140417177893
65.25959668 1008.2164704733409
65.308823572 1008.216470473341
65.670902415 1008.2164704733411
66.866827624 1008.2164704733412
67.56414039 1008.2347901551942
67.564402958 1008.284565213818
67.56469669 1008.3194005573565
67.566521039 1008.3687832477025
67.56665282 1008.4103241425706
67.575344003 1008.420898320901
67.961003598 1008.4208983209011
69.264656683 1008.4208983209012
69.794904639 1008.5089740181627
69.795449603 1008.5238284049165
69.79600312 1008.5400413249603
69.796359415 1008.616010293074
70.707041491 1008.6160102930742
71.925225472 1008.6160102930743
71.935619929 1008.6343299749273
71.935876038 1008.6841050335511
71.936156955 1008.7189403770894
71.937868553 1008.7683230674354
71.937982063 1008.8098639623036
72.028750639 1008.8098639623037
72.968799916 1008.8098639623038
73.999209235 1008.8098639623039
74.004582449 1008.8281836441569
74.00486894 1008.8779587027807
74.00516424 1008.9127940463193
74.006883871 1008.962176736665
74.007788547 1008.9660292676091
74.017894956 1008.982794399114
74.023005876 1008.9827943991141
74.025510103 1008.9965087791076
75.00308816 1008.9965087791077
76.004231665 1008.9965087791078
76.013421466 1009.0148284609608
76.013673088 1009.0646035195847
76.01398523 1009.099438863123
76.015652404 1009.148821553469
76.02640555 1009.169439215918
76.201812924 1009.1694392159181
78.00457553 1009.1694392159183
78.006892843 1009.1877588977715
78.007358581 1009.2324793655159
78.007426368 1009.2723692999335
78.00906532 1009.3217519902795
78.028512359 1009.3235538596449
78.033500576 1009.3423696527285
78.115389107 1009.3423696527286
79.889455936 1009.3606893345818
79.889995142 1009.4054098023263
79.890066476 1009.4452997367439
79.891682088 1009.4946824270899
79.911064103 1009.4964842964553
80.404831678 1009.4964842964554
80.742698946 1009.4964842964555
81.7167004 1009.5148039783087
81.717198364 1009.5595244460532
81.717271169 1009.5994143804708
81.718851407 1009.6487970708167
82.250781239 1009.6487970708168
83.4962242 1009.6655695448445
83.496518312 1009.7118372204145
83.498873738 1009.7136567814033
83.499048297 1009.7296751885112
83.502824378 1009.7474595866212
83.503273505 1009.7474595866213
83.510960833 1009.781430144896
83.658178247 1009.7814301448961
85.131666122 1009.7814301448963
85.191552242 1009.798202618924
85.191823925 1009.844470294494
85.193930372 1009.8462898554826
85.194060442 1009.8623082625908
85.198113901 1009.8800926607006
85.207393813 1009.9140632189755
86.832183665 1009.9308356930031
86.832502292 1009.9771033685731
86.834546461 1009.9789229295619
86.834714413 1009.9949413366699
86.848279551 1010.0440963805354
87.239480696 1010.0440963805355
87.352905863 1010.0440963805356
88.413612116 1010.0608688545633
88.413904093 1010.1071365301333
88.415928001 1010.1089560911221
88.416081273 1010.12497449823
88.786942808 1010.1249744982301
88.912321041 1010.1249744982302
89.944275583 1010.1417469722579
89.944589509 1010.1880146478279
89.948070094 1010.2043255877796
89.969672036 1010.2043255877797
91.423014827 1010.2210980618073
91.423288616 1010.2673657373773
91.425211353 1010.2691852983661
91.425622692 1010.2691852983662
91.446682455 1010.2691852983663
92.841205392 1010.2859577723941
92.84147834 1010.3322254479639
92.857729328 1010.332225447964
92.86246839 1010.3322254479641
94.199042821 1010.3786876802128
94.21133594 1010.3851774315223
94.214741009 1010.3914648498821
94.384161694 1010.3914648498823
95.537610944 1010.437927082131
95.700685956 1010.4379270821311
96.776828045 1010.4546995561587
96.777307578 1010.4546995561589
97.970442596 1010.4585978181373
97.972056907 1010.4638624246265
98.650252367 1010.4638624246267
99.116696848 1010.4677606866048
99.123520982 1010.467760686605
99.132953141 1010.4677606866051
