0.000366483 1001.4175478021457
0.000960263 1001.4641050401488
0.001001508 1001.5589447403382
0.001502354 1001.5999311038058
0.002848873 1001.7321045433373
0.002960439 1001.7340546821757
0.003119051 1001.8276228953555
0.006190954 1001.8533545693032
0.007244003 1001.8533545693033
0.079338226 1001.8783435775946
0.079681884 1001.9193299410621
0.080652037 1002.0515033805935
0.080735771 1002.0534535194321
0.080859495 1002.147021732612
0.0832499 1002.1727534065595
0.205251488 1002.1769111471489
0.236626434 1002.176911147149
0.25593198 1002.1769111471491
0.26645337 1002.1780575999959
0.267261784 1002.178057599996
0.327496948 1002.1789058030433
0.328307064 1002.1789058030434
0.448893252 1002.17999261871
0.510020614 1002.180258778734
0.629615781 1002.1816659606972
0.690799786 1002.1830845682689
0.69157057 1002.183084568269
0.750594701 1002.1953806644772
0.780376895 1002.1953806644773
0.920003642 1002.1953806644774
0.991108047 1002.1954973818415
1.021138762 1002.1954973818416
1.080162224 1002.195763784977
1.099077809 1002.1957637849771
1.110526349 1002.1957637849772
1.171145762 1002.1977119852676
1.281124717 1002.1977119852678
1.291788499 1002.200462849078
1.3217179190000001 1002.2004628490781
1.400283656 1002.2004628490782
1.410851261 1002.2047231238582
1.411630063 1002.2047231238583
1.532587328 1002.2053076541841
1.563468874 1002.2053076541843
1.582378555 1002.2053076541844
1.592582742 1002.2072255914103
1.652902449 1002.2072255914104
1.860834071 1002.2111223298522
1.8801706070000002 1002.2111223298523
1.950455475 1002.2120343610408
2.010086922 1002.2150168290217
2.068972021 1002.2150168290218
2.157383032 1002.2161072222938
2.246817249 1002.2258939791069
2.307601344 1002.225893979107
2.425014504 1002.2414822054432
2.4836745479999998 1002.2437013304082
2.513973546 1002.2437013304083
2.633224159 1002.2489899248034
2.652015826 1002.2489899248035
2.663390291 1002.2489899248036
2.722084386 1002.2524271090124
2.781605862 1002.2624898094543
2.902178056 1002.270373346004
2.932416042 1002.2703733460041
2.951483013 1002.2703733460042
2.991879408 1002.2798348077142
3.010698299 1002.2798348077143
3.080666215 1002.2798348077145
3.199744619 1002.298098172859
3.319097079 1002.2980981728591
3.4394945740000002 1002.3000483116975
3.674545292 1002.3303024923043
3.705910343 1002.3303024923044
3.736148083 1002.3936165248772
3.765859318 1002.3936165248773
3.843835394 1002.3936165248774
3.854821643 1002.3943697809614
4.035985181 1002.4193481988249
4.273191181 1002.4282850352231
4.273600784 1002.4748422732262
4.273820688 1002.4942794652022
4.273847723 1002.4955245464705
4.27401186 1002.6106683368832
4.275220908 1002.8383601284331
4.313117376 1002.8391133845171
4.325642468 1002.8640918023807
4.508027696 1002.8640918023808
6.065434413 1002.896296121826
6.7350211049999995 1002.9596101543988
6.762963421 1002.9596101543989
8.307554041 1003.0170543676386
8.307594983 1003.1118940678282
8.307954405 1003.1528804312959
8.311385705 1003.2667905056826
8.312256546 1003.2667905056827
8.685142589 1003.3410397253816
8.685420395 1003.4043537579547
9.410315918 1003.4043537579548
12.243801663 1003.407882501717
12.244056781 1003.430339967528
12.244126814 1003.581097858322
12.244152425 1003.6759375585114
12.244501017 1003.7169239219791
12.251419041 1003.7947005190597
12.962531728 1003.7947005190598
16.05267502 1003.7982292628219
16.052936921 1003.8206867286328
16.053010937 1003.9714446194268
16.053232824 1003.9908818114029
16.053258984 1003.992126892671
16.053422345 1004.1072706830839
16.060323173 1004.1140993563158
16.062210269 1004.1485715411668
16.087205462 1004.1828281551996
16.195021153 1004.1828281551998
19.754029472 1004.1863568989618
19.754275652 1004.2088143647729
19.754343292 1004.3595722555667
19.754540213 1004.3790094475428
19.754564496 1004.3802545288111
19.754700012 1004.495398319224
19.761363215 1004.5022269924559
19.763189034 1004.5366991773067
19.763960505 1004.5366991773068
19.792867011 1004.541507946937
19.843663997 1004.5415079469373
23.360945571 1004.5450366906995
23.36120712 1004.5674941565104
23.361276494 1004.7182520473044
23.361302677 1004.8130917474938
23.361612432 1004.8540781109615
23.370026873 1004.8953789690441
23.370771707 1004.8953789690443
24.821601995 1004.8953789690444
26.859391775 1004.9213651786174
26.859481641 1005.0721230694114
26.859508786 1005.166962769601
26.859818586 1005.2079491330687
26.876303969 1005.2492499911514
27.588287642 1005.2492499911515
30.272530927 1005.2752362007245
30.272625849 1005.4259940915185
30.272851344 1005.4454312834946
30.272881709 1005.4466763647627
30.273018995 1005.5618201551756
30.312506738 1005.5789799901169
30.360613252 1005.5789799901171
31.258497325 1005.5789799901172
33.589860795 1005.6049661996902
33.589956567 1005.7557240904843
33.590174803 1005.7751612824603
33.590202999 1005.7764063637284
33.590330297 1005.8915501541413
33.63807425 1005.8915501541416
36.830619864 1005.9278459199993
36.830763649 1006.0857507814103
36.836546074 1006.1230400673578
36.83698768 1006.126808526211
36.841589221 1006.1365672849253
36.847107335 1006.1656907642628
36.852769935 1006.2035094786296
37.093024563 1006.2035094786297
39.975323715 1006.2294956882029
39.975424522 1006.3802535789966
39.975620773 1006.3996907709727
39.975651798 1006.400935852241
39.976232149 1006.4750932791864
39.993857207 1006.4776500887509
39.998974823 1006.4848474391898
40.00775466 1006.491502852532
40.008232546 1006.5083160825297
40.097092136 1006.5083160825299
43.048595198 1006.5343022921029
43.048679971 1006.6850601828968
43.048857742 1006.7044973748729
43.049390014 1006.7798998830864
43.066523102 1006.782456692651
43.071519295 1006.7896540430899
43.080040754 1006.7963094564323
43.466138219 1006.7963094564324
46.05108366 1006.8222956660054
46.051207909 1006.9730535567993
46.051925696 1006.9730535567994
46.051959873 1007.0678932569889
46.06896321 1007.0704500665535
46.073795262 1007.0776474169924
46.999675065 1007.0776474169925
48.945711771 1007.1036336265655
48.945805835 1007.2543915173594
48.946455665 1007.2543915173595
48.946487112 1007.349231217549
48.96298459 1007.3517880271136
48.985905066 1007.3517880271137
49.938954592 1007.3517880271138
51.765065957 1007.377774236687
51.765146427 1007.5285321274808
51.765843947 1007.528532127481
51.771989831 1007.5781843269049
51.78325786 1007.5990920802666
54.540339588 1007.6159114083082
54.540493571 1007.6169558440063
54.540563012 1007.6510341674835
54.540772063 1007.6791495477325
54.541568434 1007.7039591003476
54.542769635 1007.769090321369
54.545224832 1007.7742797440831
54.545277562 1007.8254883800578
54.563654027 1007.8254883800579
57.516027359 1007.8423077080995
57.516173705 1007.8433521437976
57.51835847 1007.8774304672748
57.51858208 1007.9055458475239
57.519319553 1007.9303554001389
57.520475317 1007.9954866211602
57.522841559 1008.0006760438744
57.523404808 1008.051884679849
57.586833383 1008.0518846798491
60.190530392 1008.0687040078907
60.190664758 1008.0697484435888
60.190732105 1008.103826767066
60.190950121 1008.1319421473149
60.192257605 1008.1567516999299
60.192910567 1008.2218829209514
60.197197668 1008.2570989596061
60.203150882 1008.2589224423543
60.205777457 1008.269575278349
60.240476388 1008.2695752783491
62.879910001 1008.2863946063906
62.880046558 1008.2874390420886
62.880111951 1008.3215173655659
62.880322727 1008.3496327458149
62.881041746 1008.3744422984299
62.882199747 1008.4395735194514
62.886191607 1008.4747895581061
62.892054418 1008.4766130408543
63.072727226 1008.4766130408544
65.436273263 1008.4934323688959
65.436413144 1008.494476804594
65.436485676 1008.5285551280713
65.436701253 1008.5566705083204
65.437432516 1008.5814800609353
65.438575195 1008.6466112819569
65.442411867 1008.6818273206115
67.905291959 1008.6986466486532
67.905433338 1008.6996910843512
67.907320797 1008.7337694078285
67.90805886 1008.7448180542402
67.908695005 1008.7866943406924
67.909283509 1008.851825561714
67.922484227 1008.8543974431024
67.924422216 1008.8585714209787
68.768855105 1008.8585714209788
70.173353731 1008.8827787555213
70.175420041 1008.9105135081958
70.176195947 1008.9215621546075
70.176825907 1008.9634384410597
70.177416999 1009.0285696620812
70.189959265 1009.0311415434696
72.309986859 1009.0553488780121
72.31176653 1009.0830836306866
72.312510737 1009.0941322770983
72.313147856 1009.1360085635505
72.313720442 1009.201139784572
72.330360406 1009.2037116659604
74.372204275 1009.220530994002
74.372355967 1009.2215754297001
74.37242129 1009.2556537531774
74.373633552 1009.266702399589
74.373774901 1009.3085786860412
74.374319299 1009.3737099070628
74.394722791 1009.3737099070629
75.023864889 1009.373709907063
76.377172405 1009.3905292351046
76.377281617 1009.3915736708026
76.377342957 1009.4256519942799
76.378037093 1009.4367006406917
76.378661078 1009.4785769271439
76.384758202 1009.5198672545266
76.720321168 1009.5198672545267
76.752660987 1009.5198672545268
78.344972049 1009.5377310182665
78.345058473 1009.5718093417438
78.345759073 1009.5828579881555
78.346359226 1009.6247342746076
78.359401249 1009.6595563238852
78.602318395 1009.6595563238853
80.221155588 1009.6774200876249
80.221223905 1009.7114984111022
80.221771915 1009.7114984111023
80.221928046 1009.7225470575139
80.222536194 1009.7644233439662
80.246312906 1009.7711149026181
81.052331254 1009.7711149026183
82.053540144 1009.7879342306597
82.053668088 1009.7889786663578
82.053736578 1009.8230569898351
82.05438093 1009.8341056362468
82.054969036 1009.875981922699
82.081346381 1009.8759819226991
83.23607166 1009.8759819226992
83.846827431 1009.8928012507407
83.846933708 1009.8938456864388
83.847000937 1009.9279240099161
83.847636448 1009.9389726563278
83.848456296 1009.9408303074656
83.848567747 1009.9757517006894
83.874148318 1009.9757517006896
85.548902004 1009.9936154644292
85.548998172 1010.0276937879065
85.555484867 1010.0295957693554
85.555559888 1010.0557459771302
85.55881768 1010.0645008133403
85.572704933 1010.0645008133404
87.180969558 1010.08236457708
87.181055968 1010.1164429005573
87.185474776 1010.1183448820061
87.185558577 1010.144495089781
87.193309508 1010.1502227184548
87.493802368 1010.1502227184549
88.768834553 1010.1680864821947
88.768897555 1010.2021648056719
88.773227976 1010.2040667871207
88.773307778 1010.2302169948956
90.302956984 1010.2480807586353
90.303051599 1010.2821590821126
90.308911 1010.292447297341
90.312025453 1010.293804405539
90.312247027 1010.2951116683325
90.313611375 1010.2951116683327
91.767297835 1010.2951116683328
91.770314023 1010.3129754320723
91.77041318 1010.3470537555496
91.776012241 1010.3573419707781
91.779020982 1010.3586990789761
92.610776893 1010.3586990789762
93.173021831 1010.3586990789763
93.177700298 1010.4106411661932
94.554430813 1010.4106411661933
94.575218426 1010.4285049299328
94.575276956 1010.4625832534101
95.863276988 1010.4625832534102
95.907367551 1010.4753989942739
95.910606294 1010.475398994274
95.910865631 1010.513733294636
96.088646267 1010.5137332946362
96.200552954 1010.5137332946363
97.1586695 1010.5265490354999
97.16184537 1010.5265490355
97.165521706 1010.5395395901575
97.470600208 1010.5395395901576
98.16212763 1010.5395395901577
98.34554063 1010.5523553310214
98.353528809 1010.5636037200156
99.266637278 1010.5636037200157
99.48979583 1010.5764194608795
99.789552982 1010.5764194608796
