0.000371075 1000.6237624191831
0.000479572 1000.8119961259025
0.000512186 1000.9718683847519
0.00106428 1000.9820343099035
0.001216783 1001.0604548169222
0.001661235 1001.062773882353
0.006114701 1001.0828127328078
0.007704169 1001.120624161161
0.024394483 1001.1496890132994
0.025052258 1001.157353635387
0.050506092 1001.1751417747781
0.050589432 1001.1883693084476
0.079982103 1001.3231317773779
0.080456494 1001.3869682712655
0.080726663 1001.4140372749789
0.085845207 1001.4610434580362
0.098834978 1001.5009524059253
0.09936207 1001.5086170280128
0.159986392 1001.509404041617
0.220030255 1001.5094040416171
0.281146071 1001.5094906210045
0.300973775 1001.5272787603956
0.301042689 1001.540506294065
0.421603833 1001.5432481792225
0.723813274 1001.5472712115239
0.783452141 1001.547271211524
0.844912343 1001.5476988528794
0.905028181 1001.5476988528795
1.083194177 1001.5494297604607
1.142669471 1001.549429760461
1.201311899 1001.5507119527629
1.3206226220000001 1001.550711952763
1.4418725829999999 1001.5527088957956
1.678491958 1001.5542369545391
1.7377422139999998 1001.5542369545392
1.91581785 1001.555301150101
2.09331555 1001.5553011501011
2.153432841 1001.5607547349497
2.212637789 1001.5685850945828
2.272299678 1001.5685850945829
2.330347489 1001.5811008672598
2.3906757770000002 1001.5811008672599
2.570065036 1001.5926460227893
2.749353045 1001.5956540982962
2.808176922 1001.6038024478839
2.988363075 1001.6227571472701
3.166225356 1001.6325341391283
3.404016193 1001.6426602813536
3.700190396 1001.6474954509766
3.700271845 1001.6607229846461
3.76136886 1001.6649106742627
4.007861425 1001.669341695573
4.0079328 1001.6825692292425
4.068973932 1001.6825692292426
4.12982071 1001.6902338513303
4.275372154 1001.7729928329256
4.275412407 1001.932865091775
4.275842668 1001.9430310169266
4.275983668 1001.9967015856628
4.27628479 1002.0237705893762
4.281448737 1002.0707767724336
4.313626045 1002.0930271653426
4.410048557 1002.1135065262538
4.889977118 1002.1416953717716
4.890056106 1002.154922905441
5.007120626 1002.1549229054411
6.040921814 1002.1625875275288
6.620278051 1002.1667752171453
8.314953595 1002.2832410933213
8.314996021 1002.4431133521707
8.31538042 1002.4532792773224
8.315525632 1002.5069498460585
8.315798136 1002.5340188497719
8.320790836 1002.5810250328293
8.353504576 1002.5990877361218
8.468025681 1002.5990877361219
8.693021453 1002.6078386563818
8.919930141 1002.6092138783471
10.053251271 1002.6210661900514
12.256802317 1002.75559476952
12.256851877 1002.9154670283694
12.257287331 1002.925632953521
12.257434043 1002.979303522257
12.257718199 1003.0063725259705
12.262701858 1003.0533787090278
12.485456997 1003.0554540288739
16.097295638 1003.2077733726554
16.097351983 1003.3676456315048
16.097758923 1003.3778115566563
16.09813986 1003.458551129106
16.634239918 1003.4606634988764
16.671078463 1003.4688118484642
16.671174835 1003.4877665478504
19.79333524 1003.6253188818623
19.793387329 1003.7851911407116
19.793789849 1003.7953570658632
19.794158535 1003.8760966383128
21.141363756 1003.895051337699
23.41095786 1003.9839837516911
23.411788975 1003.9839837516912
23.413542945 1004.0967137876307
23.413917522 1004.1374934344321
23.414905295 1004.189661804961
23.415491055 1004.2282336239304
23.432546981 1004.2430284799663
24.723434568 1004.2471883233164
24.740444009 1004.2619831793523
25.245169703 1004.2619831793525
26.93871565 1004.3698702927308
26.94115378 1004.4826003286703
26.941526404 1004.5233799754717
26.942468232 1004.5755483460006
26.943046595 1004.6141201649699
26.966004217 1004.6289150210057
27.058961946 1004.6289150210058
30.377342153 1004.7368021343841
30.379847737 1004.8495321703236
30.381165612 1004.9424801876539
30.38176683 1004.9810520066233
33.713552008 1005.0889391200016
33.715963055 1005.1089903114192
33.716185416 1005.176143304294
33.716259461 1005.1967537237413
33.716731959 1005.201669155941
33.721817093 1005.2265924039701
33.724545888 1005.2793982867139
33.724948004 1005.2946171732714
33.740888492 1005.327487938949
33.880480741 1005.3274879389492
36.971001238 1005.4353750523273
36.973460736 1005.4554262437451
36.973700377 1005.5225792366198
36.973774114 1005.543189656067
36.974245435 1005.5481050882669
36.979270099 1005.5730283362959
36.981905201000004 1005.6258342190398
36.982320448 1005.6410531055972
37.009298053 1005.6673169959196
39.326195846 1005.6673169959197
40.156160219 1005.775204109298
40.158497694 1005.7952553007157
40.158725717 1005.8624082935904
40.158794418 1005.8830187130377
40.159239412 1005.8879341452374
40.16666058 1005.9656632760103
40.167052397 1005.9808821625678
42.458220954 1005.9808821625679
43.269021472 1006.0887692759462
43.271330033 1006.1088204673639
43.271565505 1006.1759734602387
43.271632422 1006.1965838796859
43.280326923 1006.2792284426586
43.283213858 1006.2818212853924
43.29849372 1006.2818212853925
45.51255005 1006.2818212853927
46.306660018 1006.3897083987708
46.309013327 1006.4097595901885
46.309260307 1006.4769125830633
46.309332423 1006.4975230025105
46.317584773 1006.5525368742793
46.326544785 1006.5564870246716
46.346361045 1006.5801675654833
49.284367196 1006.6880546788616
49.286627773 1006.7081058702793
49.286856956 1006.775258863154
49.286928623 1006.7958692826013
49.295321135 1006.8508831543701
49.304095645 1006.8548333047622
49.345017262 1006.8548333047623
52.187435499 1006.9627204181406
52.189619972 1006.9827716095583
52.189900706 1007.0705350218803
52.198464114 1007.1255488936491
54.373237086 1007.1255488936492
55.030938173 1007.2334360070275
55.033060695 1007.2534871984452
55.033339773 1007.3412506107672
55.042729326 1007.389006490991
55.048029652 1007.3897222899263
55.061151705 1007.3901817215137
57.789161129 1007.3901817215138
57.798642391 1007.498068834892
57.800745829 1007.5181200263097
57.801003711999996 1007.6058834386317
57.810340248 1007.6536393188555
57.815439138 1007.6543551177908
58.013836239 1007.6543551177909
60.4233665 1007.7622422311691
60.425507837 1007.7822934225868
60.425772486 1007.870056834909
60.434824145 1007.9178127151328
60.471017905 1007.9178127151329
60.481910208 1007.917812715133
63.015604932 1008.0256998285112
63.01766969 1008.0457510199288
63.017917485 1008.133514432251
63.026549281 1008.1812703124747
63.188629281 1008.1812703124748
65.412784027 1008.289157425853
65.413524245 1008.2891574258531
65.41491389 1008.3092086172708
65.415168818 1008.3969720295928
65.922897541 1008.3969720295929
66.153860413 1008.396972029593
67.711545166 1008.5048591429712
67.713519853 1008.5249103343889
67.713791897 1008.6126737467109
68.845097063 1008.612673746711
69.916400069 1008.6571377199497
69.919626136 1008.683079802233
69.921289265 1008.6975607317974
69.92319642 1008.7037000592579
69.923670199 1008.7872623283642
69.925272975 1008.8061948330362
69.927328212 1008.8187170392694
71.536077533 1008.8187170392695
72.047624977 1008.8631810125082
72.051268943 1008.8891230947914
72.052374851 1008.9036040243558
72.054241554 1008.9097433518164
72.054714104 1008.9933056209227
72.071194011 1009.0122381255946
74.130700916 1009.0971251106811
74.132535963 1009.1032644381417
74.133002994 1009.186826707248
76.137772064 1009.2717136923343
76.138301909 1009.2717136923344
76.139658328 1009.2778530197949
76.140130787 1009.3367018344538
76.143991454 1009.3507277649152
76.146273568 1009.3507277649153
78.133155757 1009.4356147500016
78.134993774 1009.4417540774622
78.139317464 1009.4432917512468
78.139629448 1009.5146288225825
78.1941495 1009.5146288225826
80.01877451 1009.5469216969711
80.019421684 1009.5697212246238
80.020132196 1009.5711033089968
80.020521612 1009.6056551351294
80.020965099 1009.6645039497884
80.683512572 1009.6645039497885
81.858050438 1009.696796824177
81.85890111 1009.7191481461223
81.859751848 1009.7555302623352
81.867508439 1009.7587211110576
81.867584061 1009.8126769500745
81.945187698 1009.8126769500747
83.6371586 1009.8449698244633
83.638034489 1009.8673211464086
83.639900385 1009.9037032626215
83.649226767 1009.9068941113438
83.65064486 1009.9229888951742
83.651422529 1009.9608499503607
83.848841277 1009.9608499503609
85.34795014 1009.9931428247494
85.349527469 1010.0518762629076
85.360939664 1010.0864613952908
85.454387442 1010.0864613952909
86.993774083 1010.1187542696797
86.995346845 1010.1774877078379
88.593561081 1010.2097805822267
88.600254877 1010.2417857916686
88.600871897 1010.2629808535715
88.606495159 1010.2668921610673
90.125491182 1010.299185035456
90.132442844 1010.3311902448979
90.132624496 1010.3523853068009
90.366146773 1010.352385306801
91.605159511 1010.3846781811897
91.611923776 1010.4166833906315
91.614902482 1010.4166833906316
93.027440871 1010.4489762650203
93.037300887 1010.4639640625049
93.234994918 1010.463964062505
94.407978782 1010.4854892787587
94.408029041 1010.4950385212393
94.408397901 1010.4962569368937
94.423306897 1010.4962569368938
95.752605773 1010.5177821531473
95.752662228 1010.5273313956279
95.754312611 1010.527400454152
97.024658442 1010.5489256704057
97.024706602 1010.5584749128863
98.2238245 1010.5834271929972
98.232160025 1010.5834271929973
99.377393417 1010.5868781284963
99.385846605 1010.6030742374923
