0.000367559 1000.394019982914
0.000468985 1000.501272769523
0.000501489 1000.6252658382464
0.000549931 1000.8112303087186
0.000581776 1000.8221536701561
0.000743103 1000.8796087892248
0.001302907 1000.9665527029231
0.001569787 1001.0086504734904
0.008689646 1001.1343902876185
0.009734666 1001.1343902876187
0.010679096 1001.134484435341
0.048262226 1001.1851810888144
0.079395097 1001.2313500229309
0.079771285 1001.3182939366292
0.079960855 1001.3603917071965
0.085541698 1001.4861315213246
0.086400087 1001.4861315213248
0.087156701 1001.4862256690471
0.117378446 1001.5369223225205
0.300183185 1001.538624703585
0.482269783 1001.5422105282356
0.602049727 1001.5459609163732
0.722590966 1001.5495614428495
0.842517133 1001.5498694891357
0.903506342 1001.5545857498704
1.024135612 1001.5558505484692
1.084643567 1001.5563566742745
1.203770824 1001.5593920170286
1.2645501430000001 1001.5593920170287
1.32438224 1001.5611314701468
1.384754241 1001.561131470147
1.445348944 1001.562219198568
1.566943378 1001.5642147099035
1.627291295 1001.5654219060367
1.867105777 1001.5748608120552
1.926432835 1001.5748608120554
2.105591666 1001.5758920665553
2.1651942220000002 1001.5758920665554
2.284910539 1001.5828945925135
2.463896165 1001.5881966535259
2.583019584 1001.5905838215571
2.704898761 1001.5928576644013
2.8853692 1001.5997490568059
2.946265071 1001.599749056806
3.004697651 1001.6039078950704
3.127618369 1001.6124791576619
3.246323028 1001.6131087631655
3.36653049 1001.6152963328184
3.727291883 1001.6269503592431
3.84839416 1001.6338101303668
3.907397229 1001.6600449009301
3.967890425 1001.6600449009302
4.149132329 1001.6601390486526
4.295367747 1001.7399004867416
4.295404995 1001.7508238481792
4.2955238940000005 1001.8082789672478
4.295921846 1001.895222880946
4.298420042 1001.9009152328952
4.299217789 1001.9009152328953
4.301787232 1002.0630604656416
4.348814204 1002.0630604656417
4.418846719 1002.0654476336728
4.420315799 1002.0655417813953
4.64951257 1002.067721476517
4.696274338 1002.0677214765171
4.766422811 1002.0746128689217
4.767143704 1002.0747070166441
4.882529882 1002.0747070166442
4.995789191 1002.0787717071861
4.997294775 1002.0788658549086
5.227275446 1002.0842120595727
5.25523963 1002.1349087130459
5.484273116 1002.1350028607683
5.7171954320000005 1002.1350028607684
8.341263593 1002.2603777756983
8.341320479 1002.2713011371359
8.341444048 1002.3287562562045
8.341846868 1002.4157001699027
8.344282346 1002.421392521852
8.347602617 1002.5835377545983
8.349190954 1002.5836319023208
8.916822725 1002.609866672884
8.947705613 1002.6098666728841
12.299758805 1002.7526136761085
12.300100717 1002.7732707207812
12.300308002 1002.7840375126865
12.300334525 1002.9168929003042
12.302780385 1002.9225852522534
12.303573997 1002.9225852522535
12.308236693 1002.9230241984583
12.308516177 1002.9271824071855
12.308546414 1002.9668961123053
12.308726756 1003.0152694056267
12.308768434 1003.0285934791401
12.308933447 1003.0584957144366
16.13950548 1003.2211229090897
16.139826441 1003.2218997623336
16.14003174 1003.2326665542389
16.140058614 1003.3655219418566
16.142399372 1003.3712142938058
16.14317876 1003.3712142938059
16.146910768 1003.4886109584404
16.147724967 1003.4886109584405
19.07884446 1003.4886109584406
19.889720742 1003.4890902160431
19.889863294 1003.4960552186222
19.889919723 1003.5116213300965
19.889987597 1003.6520150063376
19.890209192 1003.6627817982429
19.890236149 1003.7956371858606
19.892587349 1003.8013295378098
19.893366625 1003.8013295378099
19.905838979 1003.8403521921465
19.906135716 1003.8688517756628
19.920529521 1003.8793219361816
19.920767537 1003.9165386327916
20.040873016 1003.9165386327917
22.761527873 1003.9165386327918
23.553385392 1003.9170178903943
23.553523746 1003.9239828929734
23.553578617 1003.9395490044477
23.553656323 1004.0799426806888
23.553847214 1004.090709472594
23.553873532 1004.2235648602118
23.556879566 1004.229257212161
23.56933567 1004.2682798664977
23.569629639 1004.296779450014
23.591055178 1004.3072496105327
27.095018213 1004.3077288681354
27.095164606 1004.3146938707146
27.095220906 1004.3302599821889
27.095309453 1004.4706536584299
27.095521893 1004.614275837953
27.110703679 1004.6589908442388
27.115564342 1004.6831999918653
30.568784694 1004.6836792494678
30.56897768 1004.7062103635213
30.569063201 1004.8466040397623
30.569280223 1004.9902262192853
30.584668645 1005.0349412255712
30.607388355 1005.0478883921867
30.703416884 1005.0478883921868
33.902176961 1005.0483676497894
33.902307279 1005.0553326523685
33.902364538 1005.0708987638428
33.902443691 1005.2112924400839
33.902652851 1005.3549146196068
33.91696471 1005.3996296258928
34.040455457 1005.3996296258929
37.158514471 1005.4001088834956
37.158708206 1005.422639997549
37.158793688 1005.5630336737901
37.159018516 1005.7066558533129
37.181911161 1005.7255405455646
40.306149204 1005.7260198031673
40.306324417 1005.7485509172208
40.306504633 1005.7825377920665
40.306583465 1005.870808292656
40.306608309 1005.8716106565319
40.306631011 1006.0325667729848
40.335570091 1006.0486714289997
40.341489647 1006.0486714289998
43.415294748 1006.0491506866025
43.415474287 1006.0716818006559
43.415644037 1006.1056686755016
43.415742834 1006.1939391760911
43.415768963 1006.1947415399671
43.41579324 1006.35569765642
46.425428773 1006.3627280380725
46.426649976 1006.4120901393923
46.426823342 1006.4774672881229
46.427110998 1006.5355959824553
46.427201906 1006.5401429137853
46.429126045 1006.592625571165
46.429776086 1006.5926255711651
46.440058558 1006.6358041013102
46.440132763 1006.6434744181015
46.481869734 1006.6434744181016
46.710598337 1006.6434744181017
49.37182897 1006.6505047997542
49.372795734 1006.6998669010738
49.373218755 1006.7264418204013
49.373276155 1006.823372744137
49.374421009 1006.8260342267056
49.375296213 1006.8804023328466
49.387785701 1006.9221267093924
49.399620521 1006.9274470299555
50.193697017 1006.9274470299556
52.209053682 1006.9274470299557
52.299908042 1006.9279262875583
52.30005946 1006.9504574016117
52.300211735 1006.9844442764575
52.300300874 1007.073517140923
52.300455121 1007.1082895714037
52.302366525 1007.1100068385596
52.303207707 1007.1643749447007
52.314520945 1007.2060993212465
55.153634344 1007.2065785788491
55.153825466 1007.2291096929025
55.153996043 1007.2630965677482
55.154074614 1007.3521694322137
55.15454862 1007.3695033691436
55.15510052 1007.3859976472818
55.156693501 1007.3886591298505
55.1569521 1007.4430272359915
55.173375579 1007.4466474387805
55.188026639 1007.4480404525973
57.128201818 1007.4480404525974
57.96645713 1007.4485197102
57.966633691 1007.4710508242534
57.966717118 1007.6114445004945
57.967947998 1007.6279387786327
57.969769529 1007.6849683673423
57.970442801 1007.6849683673424
57.984453953 1007.6885885701314
58.026684981 1007.6885885701315
60.687107154 1007.6890678277341
60.687430609 1007.7455858166333
60.687522159 1007.8346586810987
60.688510775 1007.8684868961668
60.690390209 1007.8959956105082
60.690886348 1007.9255164848765
63.2205005 1007.9259957424792
63.220851716 1007.9825137313784
63.222473298 1008.0715865958439
63.223432973 1008.105414810912
63.225251753 1008.1329235252533
63.232385098 1008.1423941988626
63.251889865 1008.1509595686997
65.612691918 1008.1514388263023
65.6130293 1008.2079568152014
65.613104416 1008.2970296796669
65.614037127 1008.3308578947351
65.622847952 1008.3678372826857
65.887073361 1008.3678372826859
67.922219476 1008.3683165402884
67.922525442 1008.4248345291876
67.923506747 1008.4508046849854
67.92356 1008.5477356087212
67.945439446 1008.5752443230625
68.214323371 1008.5752443230626
70.161398801 1008.605975513324
70.162090351 1008.6174426603451
70.162119485 1008.6329645035681
70.162238859 1008.6582117253622
70.162480681 1008.7008420191844
70.163310766 1008.7378898631737
70.16871998 1008.7526155910243
71.183634965 1008.7526155910244
72.320434642 1008.7833467812859
72.321105478 1008.7948139283069
72.321134438 1008.8103357715299
72.321270647 1008.8355829933241
72.321499503 1008.8782132871463
72.322310158 1008.9152611311355
72.947659974 1008.9152611311356
74.40660058 1008.9157403887383
74.407093233 1008.9574594684182
74.407122235 1008.9729813116412
74.407242207 1008.9982285334353
74.407463719 1009.0408588272575
74.422900545 1009.045472757012
74.432387387 1009.0454727570121
76.416623993 1009.0459520146147
76.417121468 1009.0876710942946
76.417161493 1009.0940902558733
76.417283341 1009.1284401593118
76.417472855 1009.171070453134
76.844655526 1009.1710704531341
78.393341029 1009.1715497107366
78.393814001 1009.2132687904165
78.393840692 1009.2287906336396
78.393970148 1009.2540378554337
78.398464373 1009.2664781122186
78.408270792 1009.279727149587
78.418382453 1009.2847684210451
80.229710472 1009.2847684210452
80.28855156 1009.292926608941
80.289093601 1009.2931294966655
80.295405175 1009.3324943445201
80.295745347 1009.3780294626366
80.303493243 1009.393425117498
80.518607031 1009.3934251174982
82.11799483 1009.401583305394
82.118521784 1009.4356234547805
82.118549336 1009.4511452980037
82.118680042 1009.4763925197977
82.119228237 1009.4866861590896
82.254585339 1009.4866861590897
83.912212346 1009.4948443469856
83.912732745 1009.5288844963721
83.912758972 1009.5444063395952
83.912885921 1009.5696535613894
84.158975806 1009.5696535613895
85.627135373 1009.5778117492854
85.627659159 1009.5780146370097
85.633679638 1009.6173794848644
85.640356153 1009.6542903203584
87.223064813 1009.6542903203585
87.270707051 1009.6624485082543
87.27730746 1009.6855076453393
87.277693453 1009.7020162438334
87.824261592 1009.7020162438336
88.861259961 1009.7101744317295
88.870951609 1009.731539798832
88.871101478 1009.7388180847666
88.876621392 1009.7437607058969
88.87698023 1009.743760705897
90.182206783 1009.7437607058971
90.403447694 1009.751918893793
90.412759421 1009.7732842608956
90.412913423 1009.7805625468302
90.419072438 1009.7855051679604
90.489290803 1009.7855051679605
91.878328581 1009.7936633558564
91.887598192 1009.8223070088936
92.794579888 1009.8223070088937
93.292950371 1009.8304651967896
94.209442995 1009.8304651967898
94.692429015 1009.8342550954267
94.715457355 1009.8342550954268
94.848359893 1009.8342550954269
96.022662773 1009.8356303176791
96.6923352 1009.8356303176793
97.280561187 1009.8370055399315
98.354880961 1009.8370055399316
