0.059778592 1009.7257537923862
0.423971536 1009.731875913197
0.558315584 1009.7712746327143
0.69547153 1009.9089620657616
2.591386044 1009.916146644469
2.868427347 1009.9582538604055
3.651369008 1010.0605988868837
3.89685191 1010.101904093732
4.365592849 1010.1081957833934
4.8052652810000005 1010.1343780309468
8.33002708 1010.1415145065774
27.714602316 1010.1447662177239
28.475399208 1010.1509994133312
28.711849844 1010.1977896830878
28.94268379 1010.1977896830879
31.04681696 1010.249776026878
32.368268196 1010.2723042293403
46.308148954 1010.2908751147471
48.141874357 1010.321967590334
