0.060222259 1010.5714890275398
0.133370118 1010.5793763451857
0.277538162 1010.6362347294701
0.314564824 1010.815789476712
4.180682512 1010.830867813908
5.305947272 1010.8786671673195
6.7490799809999995 1010.9217204471126
12.063269198 1010.9316459577635
12.063376785 1010.9718222859302
12.784441763 1011.000781843346
14.391867164 1011.0760006159342
14.742417315 1011.0760006159343
17.09422435 1011.1320976583161
79.79826662 1011.1473328806114
80.824871378 1011.1473328806115
81.18423426 1011.1698901444423
81.698904387 1011.1701584435192
82.418846433 1011.193601787978
