0.059702504 1010.587145130119
0.416421082 1010.6367448430632
0.556988444 1010.6733250325315
1.411741557 1010.7383169439249
3.15211672 1010.7785915882422
4.384751904 1010.8096509815963
4.616755633 1010.8158185900334
4.867161285 1010.8668346847944
7.295831483 1010.9148469858018
16.635973131 1010.9218425101948
23.066487719 1010.9642634157226
24.145913377 1010.9642634157227
39.348121157 1010.9738587068707
39.881159436 1011.0341998188457
41.424085248 1011.1096917839338
42.285974532 1011.1457676789066
