0.0599182 1010.1121555452044
0.459403885 1010.148426330404
0.529204482 1010.1617072761253
0.733050906 1010.1976007218071
1.038828434 1010.2199630491523
3.753607853 1010.2270823978829
4.015244141 1010.2503442658915
4.97793197 1010.2661041569185
5.203425831 1010.286689276711
6.199126185 1010.3492139010262
6.199177189 1010.36446442572
6.553358469 1010.3644644257203
12.895889119 1010.4315789752612
13.545062484 1010.4434909072615
14.143357559 1010.4707001996609
14.331168144 1010.5307157972569
23.286380632 1010.5321306644572
24.654529563 1010.5473977519023
45.733421177 1010.6249859550011
49.44420701 1010.6322863581769
