0.059836734 1010.220762265899
0.132654326 1010.2217621828851
0.241221383 1010.2351244598025
0.277368385 1010.428686902847
0.87984549 1010.500377222362
0.981356367 1010.5381282768944
1.312658049 1010.569508236358
2.224513982 1010.6681201876389
2.833962885 1010.7269340720447
3.123557708 1010.7390675127949
4.441930445 1010.7641177374312
4.943481788 1010.7802152244305
6.003503715 1010.7929718256593
6.382007224 1010.7962947863676
8.069086665 1010.8183228450689
29.98544962 1010.8329211612363
31.446133765 1010.8493012226184
31.902379065 1010.878079996166
