0.060351433 1010.2199445551296
0.096207022 1010.5017795990003
0.456129176 1010.6652757631599
1.857450423 1010.671132766152
2.170718058 1010.6879243587267
3.876582522 1010.7023842916077
9.692832534 1010.7051472917067
10.925400595 1010.7271316867657
10.925441852 1010.7509329641985
11.758971292 1010.7659348395885
12.025520808 1010.8919883818876
12.284952067 1010.914069668345
13.44916307 1010.9236643751401
28.691683901 1011.096409925043
30.878976291 1011.1199742327888
32.586948326 1011.1362267609715
33.005950515 1011.1432210215889
