0.06010122 1010.3902154059224
0.208903736 1010.4136072540718
0.82170539 1010.5780563157775
2.395844198 1010.5847679754918
2.971751215 1010.6261839876815
3.77262435 1010.7012901645096
4.028004947 1010.714524054837
4.0280431 1010.7351180755907
5.421894866 1010.7776147957682
6.7302672999999995 1010.8065481095884
8.521405887 1010.8065481095886
10.566538014 1010.8883284067092
12.71478947 1010.8938998118153
13.999842347 1010.9239351657825
15.213320495 1011.0438951081379
39.302268024 1011.0447809050044
39.651295912 1011.178340370842
