0.059912329 1009.2334748765734
0.315194348 1009.234554407556
0.52974175 1009.248749769861
0.599397717 1009.2677830746479
1.39587309 1009.2741197913117
3.858254658 1009.2829695690612
4.110282835 1009.3047516684788
4.590455454 1009.304751668479
4.8405225 1009.3860985384727
5.694837273 1009.4354960245294
6.461278176 1009.4411745300966
7.264029216 1009.446814879042
7.264059823 1009.5307527480077
8.487245429 1009.5418160616499
9.501390016 1009.5659364098866
17.804077982 1009.5963133956341
22.171809337 1009.6654483287718
22.171853089 1009.7342592738133
23.957447978 1009.7480610508487
24.253572913 1009.7480610508488
62.61972629 1009.7563703524269
62.872744874 1009.7903725935043
65.013348471 1009.7910947031907
