0.060196746 1009.6385873129115
0.098957494 1009.7212715432942
0.173912706 1009.737066703337
0.625284049 1009.9821122994113
2.7539623410000003 1009.9950954404061
2.754011644 1010.0582431619958
3.8247127020000002 1010.1273500366304
5.243518223 1010.1597479953168
7.704051968 1010.1626467749909
8.187189059 1010.2145624605959
8.958702427 1010.216983594353
14.448073001000001 1010.256679790879
15.483374818 1010.2710621126575
16.732771328 1010.3172979379368
17.257483539 1010.3192048846098
26.107138451 1010.3381573277147
58.816384648 1010.4055694476274
