0.060722898 1010.3534958916283
0.10233675 1010.3584951763593
0.140243338 1010.4259255490127
0.462209798 1010.4565715866872
0.813285313 1010.4888462460272
1.314884414 1010.5863729555068
18.030928793 1010.5863729555069
18.030977195 1010.5889837169437
18.355072322 1010.6321783149662
18.664023682 1010.6344451840579
20.344739266 1010.658991609714
21.305995352 1010.6799527758131
21.950783954 1010.6799527758133
24.466126618 1010.6799527758134
25.385584094 1010.7384877910138
30.362552897 1010.7397958225017
30.746707471 1010.7819370439352
32.074139803 1010.8102027260799
45.314667248 1010.8687264532679
48.055242061 1010.8691323983679
48.385683423 1010.869132398368
