0.059818777 1010.4771104272247
0.625571788 1010.523399534181
0.830172843 1010.5425212801765
2.062588562 1010.5687249410336
2.37216714 1010.574096585867
2.937272134 1010.5910403596126
5.905280642 1010.6270813079589
6.089969164 1010.6539448958222
11.639726577 1010.6860558521274
13.052876407 1010.7226756394105
13.662956438 1010.7396950138931
16.564000942 1010.7859841208494
28.098348973 1010.8082350427705
28.368398177 1010.8487423156912
28.630303688 1010.9195093989151
30.043666204 1010.9195093989152
34.286815255 1010.9294426387687
97.529801384 1010.9858397506525
