0.060058058 1009.4476335335719
0.134402627 1009.5074166981394
0.352707912 1009.5786507485976
0.495578136 1009.5873474687727
0.531911327 1009.6305263894724
0.870736176 1009.7425727075494
1.802942511 1009.7608298488333
1.803007657 1009.811896136199
2.109849937 1009.823454962791
2.419485528 1009.8905825982893
2.712232207 1009.9324970882877
3.5316989899999998 1009.9932935832419
5.198349534 1010.0317360677982
19.504057307 1010.0975139577041
20.038509794 1010.1889607558647
20.295633269 1010.262909305276
20.295683718 1010.2732360190946
23.401502167 1010.3059166660389
24.543393215000002 1010.305916666039
