0.058636084 1009.2519114656149
0.095580701 1009.300413155989
0.131001019 1009.3483904219668
0.167744331 1009.3845770885972
0.203700469 1009.3980737971531
0.272267323 1009.4228853673064
0.341181236 1009.4270188184609
0.412158913 1009.4528376918269
0.448396592 1009.5173909176357
0.62140916 1009.5252226170029
0.893654361 1009.5453766663095
1.103118947 1009.5535537267455
3.438648107 1009.5984602968343
3.507818688 1009.6122598194668
4.190388232 1009.6227315887389
4.259243587 1009.6849519690741
13.952735686 1009.7339160284838
24.668878177 1009.7400663219743
51.402350187 1009.7639012847525
61.62638056 1009.776133300674
