0.058614605 1009.8709541629271
0.200955015 1009.9255501007625
0.449034515 1009.952329017702
0.484093928 1009.9572902216846
0.764460289 1009.9579638313736
2.24734675 1010.0140848954198
3.612446186 1010.0462599484581
3.71828066 1010.2422860368625
4.174422463 1010.2454176519104
7.868545726 1010.2491001620175
14.459772935 1010.2514336307246
17.174336664 1010.2817011052091
19.363570675 1010.2817011052092
21.761058566 1010.3124471687653
42.359450335 1010.3790607719333
70.346269797 1010.3790607719334
74.02783146 1010.3907582859615
89.713012185 1010.4130199736602
