0.058714131 1010.2662982859596
0.095903229 1010.2866668925203
0.201314089 1010.3386281120537
0.235662923 1010.3980791994446
0.270543936 1010.4068849686138
0.306263692 1010.4338112394942
0.483903729 1010.4797358716864
1.21597954 1010.5154254755363
1.833780116 1010.5321639434864
3.774201412 1010.5339656328525
3.808649 1010.5780044818654
5.558468341 1010.5986504593487
7.111783478 1010.606986812756
8.400942507 1010.6109941335819
13.538275848 1010.6313482763193
14.012773582 1010.7032883776599
41.064764936 1010.7442597170276
53.145953155 1010.7756296759982
