0.05866163 1009.8353538098521
0.093658035 1009.8939167456771
2.037219655 1009.9222262202863
3.425925707 1009.9873991838731
8.899796626 1009.9873991838732
26.517531155 1009.9887594974108
27.080094682 1009.9891677141834
27.569416557 1010.0052747555847
28.126852568 1010.0085958037434
32.847118885 1010.0092321319357
35.065029791 1010.009232131936
41.750185399 1010.0332059894328
44.366866582 1010.0332059894329
49.24509879 1010.0336637735517
51.938061797 1010.0747065348178
59.74663497 1010.0971452874612
