0.061106515 246.3654737299774
0.174794097 247.4627561144489
0.246225039 250.46893428008732
3.835890456 251.61569930824638
4.559016179 252.88733277193703
5.417078463 254.0110106233149
5.834323155 255.32744973129468
6.024079809 256.1596878517496
8.65111652 256.50720673711714
9.118083816 256.5072067371172
9.30833106 256.57499403452573
9.63650126 257.53112400385044
14.591249042 257.5817661271625
26.020769159 258.18632110445805
39.301082908 259.1108209399258
39.770748436 259.1108209399259
39.993733984 259.1551715814929
41.172788926 259.447868371573
43.477494109 260.837859063699
66.891241798 260.9362563926551
69.000154267 260.93625639265514
93.07878018 262.1186004875981
93.240092239 262.499711112777
94.082392228 263.49386451801286
94.209020566 263.57780382383964
96.128283608 263.6955451320455
