0.06114867 255.25806284037319
0.17003249 255.97644588072174
0.315666764 256.33893614328474
0.350871184 257.23547284587175
2.311596392 258.6080336115426
2.611059211 260.15610907052536
10.42121927 260.3380573816608
10.42129487 260.8378247579163
10.731727488 261.06704082280294
11.025927225 261.7177709469737
11.025997326 263.74508958881904
11.855591006000001 263.8033993335147
12.116713896 263.80339933351473
13.086063255 264.09647347162036
13.310050932 264.41950372699483
14.690375475 265.7319971052176
15.650318218 267.18779050070435
16.746012942 267.85449562423463
16.84824142 267.95619846689317
16.848271106 268.8257492580948
17.133895368 269.3068045743908
17.224786661 270.4105776771526
17.468792206 271.15585636050776
