0.061087319 250.38204701808908
0.247668007 251.8345366174371
0.499180521 252.76014174617944
0.600219103 253.61131237244857
1.069116867 254.6147468276427
1.434903646 256.82476035763267
5.08970131 257.7830925357816
5.296597059 258.0382753496981
5.52117045 258.42333927628613
5.72039146 259.6440221177356
5.911263711 260.1690775689386
6.274081981 261.24377678539696
7.830860632 261.2654597612859
9.137532836 261.3141936614412
9.635530153 261.70954926991817
23.553702774 263.31248616381913
24.697482382 263.3124861638192
40.610410971 263.64862549699865
40.804472596 264.04356480466566
41.812843666 264.3054852184969
43.955878598 265.7792401395326
58.717049825 266.12180828882094
58.859121441 266.72143113082205
59.903650995 266.7214311308221
60.554720084 266.76458136283725
92.735859984 268.01281505768674
