0.060907968 248.35015555543544
0.138435608 251.04472693883704
0.248248985 251.24321217711494
0.899378964 251.75633878260092
3.585660528 252.2351523556528
3.84898896 253.5636595809337
4.349105078 254.3150851815729
5.037244608 254.78472532109524
5.037310506 255.5860644565212
5.277918671 255.7916613170803
6.260428309 256.3934101411578
8.366586321 256.4662070993212
9.009958813 257.05844572024654
9.088034047 258.6254730857205
13.065971287 259.6543085201515
13.307254671 260.8777736302121
15.173247995 261.3266997077454
15.514468089 262.3171984118095
15.678681262 264.5259888889964
16.272243281 264.8406382672031
16.781276856 264.88786051464876
17.31444821 264.8878605146489
17.585998574 265.5309896605155
18.721988687 266.1523588556165
18.879265489 266.3246599114152
