0.061063012 252.3276718533338
0.138919268 253.79881499083152
0.247186184 255.7787736312985
0.281784957 256.4463128631051
1.773198922 256.97338726798864
2.078881836 257.58731580038113
2.658383238 257.6925654500673
2.6584118500000002 258.4937033788639
2.658456631 258.9385619336852
2.947958392 259.41579556057684
3.223733427 260.5175680791199
3.495261466 262.062495508704
4.481255598 262.16947239212885
7.508298051 262.75768512593294
7.639720094 262.9667566412864
8.62043693 263.940812894635
8.953656359 266.16726741660506
79.683590561 268.1836135807304
