0.061281822 245.22512997480578
0.139199969 245.78475524423283
0.213186871 248.91696461734574
0.626164473 249.91993979894855
0.725732227 250.12346248116307
5.680655329 250.77854797122254
6.065703343 250.9540051662117
6.604652302 251.7708155639958
6.770299093 252.12076042056205
6.931258309 253.76271162246852
8.892683099 253.79145523236096
9.053458082 254.43097149247563
9.663634172 254.96478970237627
11.386112375 255.60293609997157
13.013095617 257.84904981853407
14.739535732 257.9576432516298
15.757235562 258.2710752070743
16.184511529 259.61123399474144
16.319259985 260.528933678231
16.450061964 262.9901175855402
