0.061360452 252.75120105987472
0.212498785 254.92599737417854
2.096990554 256.20811864504054
2.401776763 257.7434428972324
2.704917927 258.2372146262975
2.704974686 258.5238366315251
2.993463612 259.54089684963463
4.548505949 259.628563799993
4.782165072 260.3051373197474
6.747502535 260.88193714318567
6.747574617 261.4227551889718
8.543077261 261.42275518897185
8.734841251 261.88648919124586
24.095660454 262.5411449986598
24.430369934 263.58164338921495
25.771241861 264.89575639612684
26.084296848 265.37334310029064
