0.061093075 252.41226171666847
0.244160066 255.78355728880703
1.205871856 257.5311344269698
1.823313439 258.4168133215828
2.44221828 259.1672245961907
4.747492492 260.804642716134
5.421624302 261.49957187118133
7.033572738 262.6531988197124
9.230943766 262.6550707543301
9.427773273 262.9844168477137
22.789730757 263.12304572658246
24.572571463 264.28674783837704
25.495621913 264.4448226483237
27.214998434 264.8803366922054
77.582492364 265.39616782532937
77.846941596 267.09026938136253
78.207102293 268.9628308380379
