0.060996836 254.2853220920037
0.100420991 254.70777699200133
0.17335295 255.58515803470428
0.500450463 256.2610035334957
2.15509813 257.29779847208385
2.465766682 257.43223899502664
2.762385505 257.9366549957707
3.044449263 258.27050530992756
3.32023112 259.9284927259089
3.320255614 259.9866459608073
3.586501474 260.38118811432037
4.09336906 260.8589653673208
5.461221784 260.9921411732848
6.229438871 261.0826955721558
7.062835834 261.1975561461159
7.62560317 261.7040285735245
9.167863277 261.70402857352457
12.527527976 261.826407649295
12.527561679 262.08295950914425
12.527628603 262.4298690212762
12.774649066 262.44574386828856
13.013356623 262.59365032547953
13.245615844 262.85819075919926
13.694239814 263.1828640263389
14.301523985 263.19363979071653
14.30155597 264.76342915933583
14.679935059 265.90402065793194
14.854403739 265.904020657932
15.030061871 266.5883983665381
15.654377981 266.61595239176785
16.450974262 266.8095095578029
17.344510153 267.2677977701502
18.357025874 267.3215115393689
23.299330303 268.1717252852511
23.29937349 268.2080331012803
23.489670276 270.0780811308783
23.850086618 270.12347553545067
24.022034999 270.41268113820934
25.1774871 272.2853697600214
25.421039265 273.9278149167045
26.504348595 274.22333695025816
27.223282663 275.9739240438651
