0.061536349 248.777972369261
0.101317746 250.7147579020387
0.319917181 251.4703619898406
0.354979616 252.25195906232977
1.067731997 252.42153372116906
2.358331013 253.01187003397771
2.94780626 257.02815886391426
3.22189205 257.09526181324446
3.221927296 258.7301503821176
3.994577666 259.4034146504871
4.239765017 260.99335158433695
42.694068899 261.9983232069747
43.395542855 262.53141811088824
49.92219461 262.6359214199738
50.58078965 263.1558093577655
51.145586372 263.6221369443166
52.67887497 263.943194454278
52.74652864 264.4241454106107
69.868781272 265.1737981240851
84.971563868 267.0647433567266
85.133819889 267.16769787594166
85.291146977 268.13657641989374
86.646982014 268.16980680201203
86.744706122 268.41841548419677
87.512562556 269.96367185742474
