0.060940162 248.7434690426266
0.211232105 249.44272056837903
0.354470092 249.7513312761716
0.463256904 249.77741905304097
0.634509533 249.8773400269845
3.5106942439999997 252.62202935720165
3.773185739 254.27267612786343
4.032123749 254.51389192950472
4.7470134470000005 257.0107116268251
6.010824479 257.16027081253543
6.724756712 257.53248577855186
7.474046118 257.9966276593132
7.610323155 258.13788109464025
8.210547805 258.17400562885086
22.475654026 258.48928133965165
22.692085018 258.7061741744979
22.692121227 259.60417384799024
22.904529981 260.6206388861583
23.494161853 261.62739235457326
23.68268919 262.0814650496351
24.025100285 262.2417690386434
24.347933931 263.1588408281725
25.643717588 264.036489357355
86.683621171 265.0875611193788
87.58400055 265.1933176477588
