0.061100995 255.17068294587406
0.09994149 256.34614907813256
0.212953589 258.40008185700805
1.8637537119999998 258.5115797740003
2.790271042 258.964778938668
2.790346108 259.082985631864
4.154034707 259.29626671641677
4.88102997 259.7982678239173
6.362011948 259.88280413288356
6.547365496 261.3345399713479
9.504786348 263.89257362597044
12.900821505 264.32700228015204
14.417269072 264.69927748739764
15.779831564 265.63387629801446
23.55637949 266.4963745787996
25.384721231 267.24386556491345
26.310842574 267.6155245572342
43.115968269 268.1829380202165
43.98625288 269.01487419504946
44.213175952 269.0639439393451
68.549788787 269.6205123607838
70.118357944 269.62051236078383
70.218710565 269.8510354372613
70.862641203 270.8599135162067
