0.061050573 247.43116898451842
0.137550225 247.98320031795038
0.174338052 248.20341200564553
0.353625633 249.30149901243453
0.524133763 249.80539704260394
0.896666008 251.07440475127453
0.964664514 251.48652522580133
1.26639847 252.34872975190854
1.498495837 252.45757482055467
1.8801149069999998 254.50141575438525
2.191163275 254.99861395347642
2.19119476 255.19178158947165
2.790303678 257.3629710288294
3.077657298 257.70648028685906
4.608941633 258.90071478497333
5.724335026 259.6918632451536
5.724378072 259.72668449846583
7.585251811 261.1276909596812
7.72477207 261.2744753577356
8.111856421 261.63170339097695
8.458179096 263.0535844318805
17.213567595 263.16394849838525
18.062346001 264.4288334871746
18.395410479 264.4576159611776
18.395460882 264.4576159611777
18.510730499 264.8965742580791
71.52170708 265.44853559444203
94.941845943 265.45361406898377
95.315686388 266.6459060214962
95.315762088 267.87241475653644
96.118473729 268.3987921432515
