0.06130143 244.33590037665536
0.102695365 245.8876569609502
0.211738142 246.52229981353506
0.248887233 246.69508411081966
0.285861693 250.20984908121895
0.584051588 251.1057435881532
2.787840776 251.1163467838463
2.787915271 251.69826859246146
2.7879307410000003 252.1057608691803
3.071953724 252.63152891398207
3.072036613 253.4629115122544
3.345285103 253.63325215516497
3.345332688 253.64374675018416
3.345394712 254.9540491437839
3.610456292 255.1323036800181
3.61055463 256.8425095607342
4.1182123409999996 257.90998073003186
4.357710927 261.8479050993915
7.490893272 262.13805248222377
9.986261389 262.49407451965396
