0.061208963 251.61481972517586
0.136840055 251.72456278299055
0.244448401 252.2836759427085
0.353925165 253.48924767189735
0.389580256 254.24110815770317
0.462317157 255.60912768353825
0.803336172 256.0856150412695
1.038732674 256.7035414458831
1.842488523 257.31259049598117
2.747430563 258.3352867526363
3.036517661 258.78503562585445
4.098512923 260.895338921824
4.591465077 261.04538492890697
5.299874585 261.3618548153525
5.50948564 261.44796986594855
5.50952528 261.6692966625558
5.717189772 262.10047788016783
6.106574434 262.8418272985854
7.821037866 263.3648751123462
7.949245994 263.5367723948718
8.80492041 264.491221777158
8.980439822 265.17280880054767
9.359823433 265.4015193951373
9.72379036 265.86744625782205
15.656391156 266.9072495144356
15.810702897 266.98032813596217
18.785714051 268.091478365864
42.923386321 268.3098721589627
44.446758146 268.3098721589628
44.578917286 268.5412138638599
76.725524854 269.39522724674623
76.890715017 269.4585928725056
77.050853737 270.8891937361384
78.10303041 271.8822911830316
