0.06110457 243.40332155076425
0.100115175 247.38035808854042
0.138405138 247.66608610087604
0.208284362 249.72861680171468
4.168041751 250.37246739017215
4.405560829 250.66257558908893
4.6350423979999995 251.77352730068887
4.635088803 252.4499093427036
4.8572012749999995 252.84814967429455
5.069375443 254.1584280590964
5.279701606 254.36878632006332
6.083047142 254.85757916055599
6.262182958 255.7059995953885
6.602101981 256.11949538482065
7.206403278 258.24786922446253
8.860295719 258.78650886781037
9.187632343 259.604583312816
16.012831734 259.6115746385059
16.270268529 260.2744174250758
16.505878748 260.5797774692692
43.308738017 261.1958274034201
44.401633013 263.7588662590846
