0.061480971 242.82934822697067
0.172796309 243.39987114679798
0.246625475 243.98511591423036
0.318713603 244.29943881015183
0.353138545 247.0138662152785
0.929051331 247.21670660883427
0.962156429 248.72167415378587
1.286328315 250.4178031634066
1.353774052 250.93030569270107
2.467250049 251.04578076384144
3.842029471 251.27947127583087
4.336549794 252.11665770737227
4.572674828 252.43019743559233
4.802149952 254.38931290323265
5.863932454 254.85443705871492
6.237938989 254.92427540742142
6.418647149 255.962099389787
7.216020467 256.2035354321204
7.216045314 256.78246026828265
7.360687047 256.96044078658457
7.880061187 257.55641368365644
8.223691251 257.64350975533915
8.881201035 259.1818088199581
13.301422752 259.74449072816276
13.951159063 261.08935010602477
14.73884253 261.0958483906491
15.096096259 261.992720204458
16.941913158 261.99272020445807
35.536861436 262.16805157429457
