0.061120802 255.68205231573924
0.138731087 255.99785311006084
0.173825256 256.9492602116119
0.210983993 258.61241199106064
0.283558863 259.27895492427217
3.517669542 259.3683894125212
4.504851281 259.4431869402621
5.204291203 260.3259499972968
6.010613895 260.3346866124126
6.010701975 260.6993443126926
6.196001483 261.84748526700616
6.7145173719999995 263.8747655629269
8.305477634 264.1070175667678
9.542379959 265.8218670077814
12.85169313 266.4465606210192
13.097391992 266.57497968853886
13.780377005 268.3128648005696
14.397467223 269.19734173494305
15.295951125 269.28094652027926
15.29600615 269.5337899921244
15.458137961 269.6173947774606
16.689018688 270.82574292643824
