0.061172146 247.39368864748076
0.248148289 247.82784919602517
1.005040133 247.86058539785708
1.207881134 248.6280772582121
1.470887554 248.72181159978607
1.783423821 248.94932452415486
2.6675692399999997 251.0594788110111
3.502697671 251.72503297217955
3.502730532 252.0712558884594
4.020527301 253.03090718535702
4.953129184 254.78881098317575
7.143239897 254.78881098317578
9.044119244000001 254.7888109831758
9.694900803 255.98046906039386
16.605013927 256.0869739199468
16.715345488 258.2804698428659
17.752793553 258.8651403474343
44.572709019 260.766956167875
95.3314078 261.16008787209523
95.591435278 262.3051135666388
