0.061031397 257.3167697154425
0.136935422 258.4648776301275
0.173490536 260.51353411271043
0.210964081 260.8029647832076
0.394119901 260.90179560497944
5.979496214 261.1139894509481
6.173991772 261.21713858233534
6.360791706 262.10919451210106
6.542176531 262.31443853832866
6.720980356 263.1523577288578
7.053834813 264.0687210890491
7.506073809 264.6202937836995
7.9182803029999995 265.05108324375055
9.694808922 265.49937004438635
10.04371287 266.1018002037771
14.429793952 266.7137354265371
14.827731329 267.20147514079486
15.368209352 267.38018080462024
17.958690433 267.58542483084784
18.716009446 267.79212974192296
40.996321934 268.06684811572336
42.699099434 268.91915942107846
90.617556199 269.0299230351905
90.853474337 269.02992303519056
91.516522219 269.8290631345544
93.843808586 269.8420067077595
95.399520548 270.6569338322597
