0.061101073 251.80367146253587
0.176752183 252.1975726158086
0.214857578 255.56381182897076
0.765951449 257.1050565821909
3.067206839 257.15894371039167
3.3565468259999998 257.96859535751986
3.356600228 258.7578501806889
3.639489766 260.1567868744963
3.918140511 260.87939205098763
6.069101795 261.97359660121367
7.020490533 263.4401528592039
9.274100516 265.02370244136574
9.36498364 265.3805024652837
27.273090255 265.4783688559474
39.190275063 265.99709766452014
39.952436863 266.0460448574118
39.95247455 268.16458275287863
40.65096423 268.2294864657477
41.27920801 269.38659299809234
41.670651334 269.8012994792518
43.723594065 269.9821549656429
44.921577713 271.8477806363803
