0.061043619 252.01832854346813
0.09986503 258.63273597793255
0.451396549 259.18451365657097
0.869013626 259.83200818021476
0.9032698 260.8897069145874
2.401406527 261.383219508044
2.401438622 262.2258812938305
2.980130855 262.59096051154785
3.525078969 263.4172679978457
3.525170088 264.7022931027496
5.37456956 265.73552322648055
6.174077005 265.8842779164681
7.1564263 266.058252401467
7.832939739 266.05825240146703
9.39041604 267.3618782927297
74.577855752 268.2568134919865
75.601703977 269.0994400384808
75.973428264 269.09944003848085
76.144716888 270.49563405448066
76.640649973 270.6298588291684
77.706541367 271.4262492376531
