0.06111897 241.6641870042041
0.103840853 243.6919115443783
0.287870649 245.10872941016845
0.668708719 246.15471933240613
2.130959271 250.3242230377928
2.42780672 250.74359154112213
2.427868326 253.25616882214044
2.729230119 253.28345760953357
3.011456602 253.7672917844535
3.286339188 254.5456488755396
3.805451947 255.68963699331292
4.059860665 255.88860476618143
4.304928651 257.9522119657572
4.304973985 259.15026329680444
4.548647827 260.878824795484
6.206003879 261.207599686959
7.445159125 261.3946129029868
7.7060075470000005 261.91703413059133
8.06389614 262.146212105716
9.59658974 262.5965339180328
53.373691896 263.38291915037314
