0.061396493 261.2328293914268
0.100935034 261.5468345531943
0.138237163 262.3727029585353
0.174762597 264.604586852256
0.565963057 265.70593215285294
0.909969693 267.97338667220896
1.325588079 271.1290892895172
4.193638758 271.67425030124446
4.68547211 271.9446447351251
5.394160124 272.656527097691
5.394205551 273.82985406703824
6.21457682 274.0324303747209
7.968565932 274.1271721999636
16.146368772 274.73320775385207
59.159988814 274.8901932343566
83.32996831 275.1597828051561
84.016561089 275.1597828051562
85.869813427 275.73450506994516
87.957538169 276.45448902082285
