0.060964341 254.74623089370047
0.099823377 256.0904012589331
0.357998393 256.6891500470834
2.124427594 257.0616620430241
2.724805967 259.25209702898877
3.008502797 259.70497829314377
3.285533313 260.10992228537367
3.810520661 260.2099517024203
4.060741118 260.3770279956353
4.060772061 262.6591305057508
4.309451004 263.5155636606084
4.779420471 263.51556366060845
6.556662811 263.7147085884045
6.88871857 264.17846842421284
7.334830158 265.26837977240905
7.480791595 265.56222456357193
23.97782658 265.67350305594067
24.141812143 266.21810908142373
24.603739271 266.2511797425083
25.387076624 267.4710771936682
25.611019564 268.2041437147366
26.754173396 268.732219598179
