0.060897306 263.1701307329625
0.139529802 265.78499509662953
0.286306085 266.09883104472783
2.993826663 266.1760770942637
6.031277338 266.1896928121241
6.397643616 266.3213607943479
6.574948287 266.5214249411276
7.211438674 266.5366296744025
7.360900724 266.7532017545646
8.651534737 267.4926806297125
8.745616088 267.5263824693871
11.456518214 269.11871849092086
12.005612638 269.4058264215959
14.50694771 270.5135568870065
14.69741636 272.4371866544578
14.697437677 272.5424218532649
16.498416496 272.6054557206362
16.843976876 272.9868838886405
17.156690007 273.28230065365096
83.452519397 273.4609806477319
84.544634821 273.5678877498817
85.301140489 273.76538686917206
86.966540688 275.05896249666097
87.484343593 276.0670706883497
