0.060927339 247.42083792111612
0.248282755 249.74668279196328
0.572162517 250.30957291645262
0.780853983 250.8163388121061
2.912517212 251.69836130175764
3.709485167 251.8141152662416
4.205778534 252.0715283763791
4.205845959 252.4802475865629
4.446273821 252.94851564665268
4.446361975 253.74799096350242
5.137726411 254.01010794296963
5.552165417 254.7083878961239
6.634808461 256.28189634154364
7.893424233 256.96598241313905
9.631186499 258.34455868237075
44.645631909 258.9957666056961
70.399887852 259.2145432411942
92.373959734 260.5866016447751
93.351800476 261.5161383543534
94.031023205 261.56293517528997
