0.059940075 252.4970376243855
0.132294938 253.36628387209652
0.167685207 253.76921036553335
0.452069825 253.90340098955656
0.488084113 256.3048441855419
1.152736325 256.406859124439
1.7555755450000001 256.63734312176086
2.059932453 259.0172047947533
2.059992645 260.2015909675299
2.660241765 260.7013833651415
3.207359272 261.74744806411206
3.207417735 262.22150037231864
3.479041064 264.38308328317174
3.737530057 264.6953071739926
4.227867541 265.0197143165473
4.936522001 266.0118017756203
5.360220778 266.34907321138587
5.559461633 267.4699220401121
6.459527273 267.81529740298686
6.7805834560000005 267.9430711041903
6.780655154 268.0862044037453
6.933357462 268.44735601786164
7.366003758 268.8499699195904
24.121507644 269.0666370679176
24.274677206 270.748335382723
26.226385285 270.8252071088373
83.518987163 271.7873717784785
84.303098717 271.89986619470994
84.57926702 271.9890212737323
85.289580349 272.42585136809316
