0.060932892 257.2475538265447
0.101348309 260.2117911341398
0.138323211 260.22441670056855
0.207733259 260.5052054963174
0.280078098 261.11581201410377
0.734046375 261.14649333134145
1.33409394 262.9591769796626
7.933267581 264.7482879316129
8.323333445 264.9975816452501
9.384404282 265.9834217435381
11.631329975 267.57774437663323
12.46415409 269.5186157414016
16.608540539 269.5616316621831
17.261039204 269.9083793582725
18.470819494 270.27801738913826
50.407224827 270.5722260359196
52.51976864 270.57222603591964
52.824524829 271.116782919544
59.893375272 271.7017481951077
69.545421217 271.8649110221385
