0.061262822 242.2484620067151
0.287242053 243.62235917199402
0.35852935 243.69008802388714
0.427348011 244.38615037562363
0.771713392 247.1339532948973
0.970811548 248.26937230036282
1.240247422 248.53065009023385
2.645279959 249.55570483774613
2.929555831 250.64166849143672
3.207440661 251.97709352542483
3.475595429 253.81002276288373
3.732472623 255.0738355655117
3.987548882 255.72460293545765
4.463416865 255.72460293545768
5.549447085 257.5302906049255
5.746681642 259.5437050306192
6.122396825 260.243461924346
6.474196055 260.5064117859166
6.639277184 260.60093796086994
8.006025785 262.56941385723064
8.610157521 263.68551982426163
8.780370068 263.98549573639394
9.282631845 264.52020623981167
