0.061039417 238.96292619866233
0.101000289 242.74680981770564
0.20994946 243.48262634257938
0.516446519 244.24396674717752
0.585680602 246.3012015350182
0.619391963 246.62010202274752
0.823273377 246.97072781622313
2.085727113 247.55520700772848
2.380135926 248.63013953695673
2.672049129 249.20138951562396
4.24026175 249.75612646708822
5.580018624 249.8434975581387
6.665278273 250.29896200261126
6.6653746510000005 251.06958976602687
6.980287938 252.78232583328295
7.275694089 252.78232583328298
7.798514767 253.29705226042492
7.798544647 253.32221735503788
8.140389191 253.5269005593923
8.630428104 254.08339048316063
8.952516004 254.12882321622092
9.462338787 254.64568626723744
10.018001321 254.86836162329365
13.395687244 255.2768521117836
14.980068585 255.31826369864064
16.671822645 255.81218550638712
17.354931963 256.7074386674894
17.441579955999998 257.12393941974244
18.716561432 257.67974989140265
31.296675975 257.9677759752925
31.503631858 258.3068616936187
32.258297021 259.3822286375178
33.971187966 261.0340308108993
35.177205054 261.2365623270593
35.813152935 261.3177749407967
