0.061235927 252.56127757476023
0.099505999 254.18971373986247
0.137339363 254.78529171589642
0.171791714 255.14637831653167
0.20907085 257.1660941374413
2.370469781 259.83853501350194
2.9487915129999998 259.86971455323857
4.907791598 260.37553614252334
6.633581152 260.71993731709387
6.799097082 260.84142206813283
8.220906568 261.01433352165185
8.8677232 261.0143335216519
13.380986586 261.5934917450524
13.381030387 261.9438186473491
14.917996651 262.24631863767615
15.693502695 262.3145779516593
15.971426894 264.3522180207422
16.678819835 264.35221802074227
17.61567982 264.65706681568315
17.749684621 264.9055466916936
51.466844705 264.9565371555009
51.912932989 265.52444238102646
52.615315705 267.04834370041834
