0.061557825 266.24150682870606
0.099613714 267.752745432932
0.211157036 268.660059279715
0.52687809 269.3083390305653
2.876023707 269.3937104307466
3.711368093 270.6885959938459
6.218919139 270.7446025645541
8.575732713 270.85883349232165
9.863025622 271.98008600601804
14.773694389 272.44498136875757
17.711683176 272.85987156240185
17.8040781 273.0047494300169
25.805027866 274.43883101504093
26.800710759 274.7922388237497
32.605192183 275.1261737635633
33.134982627 275.3489776903989
33.458453837 275.34897769039895
94.16545911 276.20676533627915
94.991906992 276.6865426266136
