0.06102522 245.34392465209464
0.278436894 246.29305840030014
1.175078507 248.51345586325675
1.239042053 248.8967339071078
2.086533387 249.92666629016773
2.681878103 250.17116376919398
2.964113893 251.11207836415485
3.503967234 252.61280543163113
4.500879773 253.10974125709012
4.731067938 253.21913853622405
4.95145029 253.93646588208458
5.4033577919999995 254.12923934989936
6.684831749 255.71990979211654
7.437303799 257.2734431776713
7.828817831 257.3166892216659
7.949511883 257.4151376632965
8.179949319 258.23309821712417
8.394415381 258.536629638673
8.496366745 261.0411597264003
8.939375639 262.158473562323
9.884235572 262.20190667152343
96.390450877 263.30241748856514
