0.060923475 253.06918335426477
0.137463209 255.36712816534728
0.210867868 256.4505911251781
0.961688393 256.49290206607924
1.381698808 256.8115674041346
1.824297461 257.88748207202167
1.824327378 258.1421033923517
2.430307537 258.4954808867642
3.008673541 260.34572466805633
3.547345027 261.0757382733804
4.752966953 261.07573827338047
7.559887764 261.1499942431268
8.272563391 261.36994438724497
8.272613101 262.16889381880384
8.667746991 262.42091399364546
8.845659519 262.94394641716593
9.486668665 263.72170330988104
15.893936735 265.9243711344738
16.033530265 268.10623637648246
51.586588163 268.48306714955095
52.028764928 269.16986060751185
52.253644712 270.2884917503057
78.294221118 271.0540448952613
78.393377475 271.1278985383936
78.653471088 271.53691472063696
78.879149521 272.59450462063353
79.020094844 272.96219622811304
