0.060751809 250.14589538400853
0.140592526 250.6988326403149
0.177000691 251.70441075677445
0.564634537 252.47228558866144
0.829214341 253.3942723719316
1.4486782790000001 254.44415171465872
2.6937485839999997 255.5579740745816
3.256090651 256.2559639356585
3.780697028 257.00593897000573
4.737543621 257.17084504809
5.1761994829999995 257.6470175212338
5.989015319 257.8792357972481
6.174488318 258.8024357152819
6.692196755 259.3715282135066
7.162824755 259.43779312428336
8.968595086 259.88947428035215
14.28220264 259.9513821379329
14.475851642 261.2046188448591
14.663230765 261.99924725338275
52.579700675 262.12864007728564
52.57973998 262.241715881332
52.666215167 262.9067717771981
61.695058465 263.2221143539827
77.452383447 263.31254775026275
81.96449158 263.32546209943183
82.23192344 266.5349203226425
82.98015641 267.74539694371873
83.214184334 268.30451615884533
83.214273486 268.5058003735275
84.269006977 268.8302767426817
85.158106709 269.1098078933038
85.471107464 269.19235817972685
85.765558831 269.235289752755
86.415337064 269.3425626651352
86.752832005 270.01070103970085
