0.060960542 254.97082861106486
0.351818474 256.0428987873416
0.990323165 256.7651470397772
3.877840871 257.0007427991519
4.387950386 260.281442325424
4.864771791 260.34595988314555
4.86484178 260.5270764383198
5.338120151 262.18164493348405
5.560289214 262.5057950880512
6.164755238 263.3829640699029
6.164815542 264.16986003340986
6.354365451 264.335951568991
6.536183171 264.7464821371739
7.889797715 265.00822461199226
8.898465733 266.036156890615
9.385113291 266.68390675169536
27.42289732 267.47104661841547
