0.061125777 241.5605209481275
0.101670032 244.66437203687838
0.175974359 244.96549016196835
0.464130591 245.6238363992288
0.50014304 248.43985475889826
1.914736156 249.3900756808522
2.23014767 251.17627702847415
2.230229911 252.20190112354507
3.127069062 252.56313476062635
3.127098107 252.60996014173523
5.389618534 253.8738524903447
6.194289288 253.87385249034472
7.38649614 255.2030497141008
7.673348191 255.49091635585276
8.305726864 255.4909163558528
8.934922352 255.52616747357297
13.361950731 256.23857302147536
13.593549392 256.2385730214754
13.593635249 256.39894072634115
14.253404834 256.64005254548414
14.851008165 257.4099933924169
15.391530146000001 257.44524451013706
16.7241887 257.4452445101371
17.184339226 257.63070640704655
17.66751651 260.0578697203655
18.350462459 260.05786972036555
68.660561473 260.4767542751609
68.786926705 261.5101268202718
85.922239122 262.247406434215
86.453081442 263.5450227507551
