0.061093153 254.06793377796703
0.097587809 256.97878318513074
0.133969632 260.0476151224059
0.31601473 260.5583895442737
4.624187506 260.83339139762046
5.079949328 262.2602510555291
5.929734751 262.7971564386575
6.120327799 264.0781319312517
6.120386357 264.3283640253511
6.309033854 264.67913144514
6.309069145 264.795951947257
7.726762606 265.7716392662682
31.791779952 266.8596375186835
33.411328935 267.37637340278525
33.709156575 268.0669403944252
33.850632371 269.33077005780603
34.363867252 269.94537395945673
