0.061280015 249.08087975670156
0.09972306 249.96824002460977
0.137345348 251.03184277666128
0.210017303 251.8294192777937
0.353674433 252.9318098010155
1.243836764 253.0889309589733
1.27657283 253.1039984181774
1.4390515480000001 253.52106273621578
1.851147828 256.23917173370654
2.456021637 256.262072378259
2.762273085 256.84990487452944
3.04907797 257.9981383702537
3.854525609 258.76507328880075
4.3511147789999995 259.10029309056785
5.048711658 259.84474548925226
5.50004254 260.58044232926903
5.702616186 260.5828356044655
6.093384049 261.30688034081106
6.80043847 261.6936456459622
8.400683615 262.28892252938755
8.607461859 262.5194828149031
23.347041738 262.9244939942879
24.483698372 263.2202401360229
24.625535047 263.22024013602294
24.76444397 264.5508032806265
