0.061360553 252.0877126639851
0.141891866 255.8214101511901
1.786233809 255.9542115372728
2.087667289 256.42616987019665
2.685696957 256.82227001338407
2.6857338950000003 257.1126038056913
2.963685678 257.5103068178358
3.499658902 257.60400236678225
3.755308674 258.00438697764105
3.755382595 258.04082054409486
4.008053581 258.3400003129088
4.247972394 259.13173026903496
6.501368143 260.09850395397774
6.8276839240000005 260.1566559066437
6.983337754 262.5860153575442
7.9238738699999995 263.43054981774304
8.567503453 264.3320247971409
