0.061066853 245.72749313067578
0.867555762 246.54093584145016
0.965921683 246.54774648289853
1.222611084 247.19098422502327
1.834960224 248.4925956233426
2.145852499 249.08648536860127
2.4464997090000002 250.0410776310602
2.746357398 250.87086579558238
3.570528556 251.50595406847907
3.82939393 252.61929189909827
4.991406132 252.65961119659647
4.99145131 253.84779635135789
5.200986572 254.22068986115184
5.832436264 256.18296131206154
7.805823325 256.2656532263073
8.039415176 256.5704621922018
8.039472027 257.3925795561548
8.257020141 257.77451007895627
25.405283299 257.83216742451674
26.360653143 258.13732646177783
43.286909068 258.7133208286705
44.262523207 258.71358543013054
44.453833897 258.7242102550286
44.6204854 260.4815391806211
86.771979505 260.5975900211804
86.977197715 261.078865255342
87.25631977 261.4600916967595
87.649590611 261.8184353571281
88.241311728 262.1988110622554
