0.060737345 244.74415654500862
0.423137718 245.94590418587265
0.844246598 246.0585721334928
0.880229908 250.2361574315692
1.232739984 252.67088939642625
1.834840812 253.32510311502892
2.142606685 253.46754013656997
3.022242929 254.1151841129339
3.022275083 255.90247568639361
3.298485384 256.0850019142356
3.568406723 257.00780956457504
3.8305215219999997 257.48497564780973
4.33205538 257.8028872557694
4.332138423 258.5991792767085
5.266030246 259.69511755597165
9.555093407 260.4117165543875
15.379114273999999 260.577382677457
16.484563974 260.69189282987554
16.8208665 260.7385057934859
17.373713518 261.27113805316304
26.737106541 261.5403680346246
42.180973045 262.83649626728715
44.1803028 262.87289403539904
66.813102469 263.48280237657497
67.346482608 264.3320368252344
67.83128569 266.0318428636319
68.269874455 266.17356173081737
68.898754222 266.3807073267181
69.2276252 267.4750047327961
