0.061058195 247.01118802121016
0.138455317 247.61988861467046
0.384280703 248.42839203931973
0.996139027 249.1322879335555
2.400987464 250.50093547381996
2.70554866 250.63822118924327
2.705593487 250.73301687995843
2.989354717 251.90383986938292
3.264108406 253.36551944040406
3.526573226 254.79848177801594
4.032855404 255.44117914622518
4.272510308 255.64230106183004
4.72576387 256.32223039023893
4.947729929 256.322230390239
4.947786843 257.18353682012764
5.161429686 258.8849517080987
5.367032397 259.205351834693
5.367067521 259.375316010829
6.150800373 259.7598444366154
6.655295386 259.99922743948764
6.81403101 262.477156763227
6.9649427710000005 264.1002940749717
9.302541905 264.10029407497177
