0.061223096 246.74853324090375
0.0985552 246.83193381791034
0.134034559 248.78132541629634
0.170008102 250.19415552572914
0.556968794 250.72672963619453
0.593562233 251.38018668977045
0.799212005 252.76557091599426
1.128053529 253.48793399625606
3.03913184 256.9718253469244
3.311580938 257.5592728580607
4.561269032 259.03446281032086
4.788391163 259.15587904993436
6.23299469 259.4925093310889
8.343064407 259.49250933108897
8.9128376 259.8533407334286
9.296569274 260.7918638612455
22.533405858 260.82076852822337
22.533443604 261.0331935166711
23.346539595 261.18263619258295
24.523799975 261.1872513992446
25.325572956 261.2091940901194
25.325600816 261.523829688903
25.969554636 262.1258036709122
26.790305205 262.9527550494119
34.263374725 264.1155471147363
34.720199079 264.39263806994387
34.801872772 265.2813549445224
