0.061030216 248.51162533959564
0.401477335 249.4331576451268
0.682268502 251.11516560114657
1.316370814 253.8423259718257
1.8410052970000002 254.51867802540193
2.158013769 256.30121830963816
3.339023287 257.38171838496845
3.608229575 259.29403723081737
5.096382771 259.881441438765
5.320010631 260.8201800038137
5.538244682 261.19090410710834
5.5383055 263.55700222976054
6.511868725 263.9930446048233
6.858112439 264.40422053837506
7.330586523 264.5259351022942
7.478251728 265.08538668807273
8.025987863 265.59687302836096
8.026065749 266.08593029965783
8.382040749 266.30332221921395
8.602513616 268.2960957510611
9.712089912 268.4660992285348
36.503868429 269.2102776141168
