0.061011389 246.59142191411482
0.098658166 247.0739780583548
0.134288973 249.44070442166299
0.316074151 249.61242410736585
0.3871638 250.41798504995208
0.518395548 250.6750542231758
0.624368134 252.26163844788363
1.170502925 253.72971909712643
2.208880335 255.16855480904272
2.5117211 256.38504131943506
2.511750873 257.02812770249045
2.511782064 261.9146847699756
3.3758993520000002 262.26672391200816
3.643071046 264.12629680545587
4.3935177 264.1262968054559
5.72133556 264.126296805456
7.806722691 265.141552186796
16.511518302 265.45903892316676
16.637394685 266.1206503265974
17.097924908 267.0725584039394
