0.061064486 252.81587054147886
2.738354888 253.6867203896217
3.024513778 254.86825676328755
3.832250587 255.91812690557288
4.331484498 257.9189136430106
4.567373043 258.55285901038184
5.674923849 259.44025536967104
6.955228619 260.4796916008427
7.408951849 260.87924885003804
7.551283637 261.0983006111538
7.687080998 261.32403870561586
9.449090882 262.43036357406305
33.593048094 262.7573360947475
36.097301948 262.8602063985219
43.687911685 262.9396656653419
43.787808292 262.939665665342
44.542600586 263.2609403228872
