0.061081102 254.43284060901246
0.098147042 256.92782673324325
0.137810639 258.3095439034896
0.280342442 258.4583569729473
0.83115531 259.70459569512764
0.933255155 261.77045808417336
1.874265015 262.5155708981704
3.85156675 262.56177558512996
4.351947745 262.6824381905256
4.35198371 262.82405583943756
5.289483117 262.8471103951083
5.712020669 264.29812515780566
5.712053028 264.35821248239114
5.916188691 264.4420933942326
5.916213133 265.65186921370196
7.460694043 266.08783760508584
8.246429783 266.14010002829923
9.67483664 269.0060229145831
9.734722673 272.65748808841147
