0.0609805 256.17845080258303
0.139413964 259.2200427045331
2.417490221 260.4718705410691
3.267742068 260.53295069445386
3.267781685 261.25838588325377
3.533843971 261.57381790548226
3.794248452 262.1255501192944
4.046939479 262.925068712981
4.293048984 263.3432503345855
4.293127595 263.8297222115267
4.293167873 263.8966690713274
4.531286112 265.30326442352856
5.223469309 265.38109243863676
5.837117863 265.42155375354633
6.892044894 265.60064827793207
7.203316932 265.60439977440916
7.624328653 266.7338436704346
8.821893015 267.42507611683425
15.345763405 267.53886323219814
16.733069782 267.7141802866422
18.421440439 267.82371188366335
