0.061047583 249.2733130778949
0.097543136 249.34392909784182
0.275437062 250.63748206011732
0.457317605 251.05757053595696
5.543383943 252.36772066014368
7.608405353 253.18254386921572
8.18024197 253.3438329303424
8.656926516 253.34383293034242
8.964897106 253.3513357726895
9.822365674 253.51471392294079
24.65825851 253.68782212132294
24.799374053 254.01043726084646
25.059866317 255.0248333633305
25.525132742 255.26174926583892
25.825603686 255.3076256796229
26.174205919 255.3830357257469
34.374056178000004 255.7637077583284
34.986901894 255.76370775832842
40.54667961 255.90364464016872
40.546725163 256.8611165054947
41.133755799 257.51897875141987
41.497456145 258.0212217824943
41.831055904 260.07283801301907
42.144413383 260.3195910294622
42.702965908 260.86254127313373
42.831693004 261.13062909354113
61.996515548 261.32607340105216
62.03311433 261.8714809858993
