0.061151387 243.5475931093073
0.136892759 246.67674190850943
0.208813908 246.796119062448
0.522133317 247.55351345580803
1.13785741 248.22086379963102
1.333927651 250.4519304024786
2.419739712 251.043263592493
2.724234599 251.70679541134047
3.5506126350000002 252.93338672375683
3.8083277410000003 253.43618056488836
4.780943144 254.3259193105165
6.212861879 254.81275033582546
7.040409171 255.9147906475568
7.19015181 256.04822238512844
8.082414916 256.37509087692354
8.302686482 256.93405101992084
8.862934021000001 258.062278118152
15.12600773 258.6800219821479
15.765041581 259.4382718600505
16.319844606 259.85286050208225
17.37437249 259.9312317297749
18.137089941 260.7007910784318
43.854491381 261.40836030058676
44.790402827 262.38269669324785
86.491857335 263.0559396090942
95.872431108 263.7248859411947
