0.061298469 250.21256058604567
0.099158511 251.25606978650632
0.135786861 252.62287158843733
0.320882913 254.29488470968244
3.6423182240000003 254.5177016463205
4.168448432 255.33063645099202
4.897687757 255.98344557277622
6.361783784 257.7761917770023
8.149534326 258.6473269635306
8.270122936 259.5274881838115
8.386922504 260.5459901376294
9.374273307 261.07565685158437
10.228788561 264.6152864634228
16.51668037 265.3322471402865
16.653330809 265.4066832550574
17.721325596 265.70312515370546
18.377087584 265.8245858578533
18.569650257 268.67718664841766
