0.061269361 259.8576146587216
0.138441335 260.04498530060727
2.468736238 260.63699594041384
3.057523415 261.0582740108957
3.057581158 261.55275003560314
3.339907561 261.7509442572304
3.610971864 262.77483188721055
5.300097731 262.9019857509824
7.096523613 263.83439331826645
7.784710483 263.95757520911707
9.517193802 265.28135907789823
22.950570702 266.7687111785117
24.077129733 267.3237557685719
24.405400074 268.39765366399575
25.258840331 268.7348292023039
25.613098225 269.50286004308566
27.202630208 270.25256237314755
