0.0609959 253.3301236358523
0.49932802 254.03793968030357
3.958324262 254.1539793314219
4.8889573649999996 254.33005196070522
5.108166576 254.92490156468142
5.10822302 255.11856533509047
7.215126681 256.4894156593941
7.737453787 256.8419230129482
8.499156698 257.79162751573267
8.765070721 258.145310797219
9.57972727 258.3819663609641
13.622860703 258.90112525331324
14.050755349 259.0908287977931
14.63758566 260.7353788075964
14.995254161 260.7353788075965
15.487823531 261.5592168749808
16.337460661 262.0634436326735
18.420544332 262.4798349299833
30.659337379 262.74393543806536
30.659381492 263.38793474125
31.101530082 264.02505703369167
33.012900734 264.0786934346403
33.894538199 265.61268175654095
34.94886481 265.612681756541
