0.061029162 259.9069004507475
0.498662363 261.14139862595323
0.667457772 261.77513333588854
1.8523709830000001 262.1485845320196
2.449687164 262.51401425234053
4.308786373 263.05031112329027
4.54366815 263.06570168594885
4.773380186 263.66555860901127
8.092062972 263.9129673377463
8.204999868 264.4084040742743
8.422850418 265.98669556050146
13.339152446 266.579723260468
15.760720501 268.0389009543782
16.872938043 268.1532441009532
21.764156661 268.2139165307905
23.058883542 268.2139165307906
25.453782236 270.3574106339852
