0.061213991 252.89151824490867
0.100585728 253.48681782612553
0.175730993 256.51850378800555
0.39293806 257.4053051426277
0.866795567 258.6674425624656
1.855410436 258.7260897589965
2.166775007 260.98670787025833
2.166853127 261.2704368113346
2.480129775 262.87844139474123
3.341560943 262.9905325002316
4.120269786 263.82939331995516
4.614074466 263.89874486299135
4.851414417 264.531101486562
5.945961971 265.12297764346107
6.510496192 265.9401364102108
6.68485624 266.82124278911726
7.018047585 266.91428306138266
8.654606565 267.8169647376394
9.920858153 268.4746428528381
27.135018437 268.7515539784572
60.481751044 269.698425329989
61.758978506 269.92785823907707
