0.061153774 243.65260857646837
0.100783861 248.3016802314197
0.285105501 248.38726980915004
0.322341117 249.58092200570724
1.198863993 250.56690187211007
2.102407954 252.06183401884078
2.400585354 254.4375065418821
2.981551215 255.8689033725707
3.5159180389999998 257.76790008526956
4.491625694 258.9741889284419
5.957619538 259.1000546730313
7.756880274 259.806721555481
7.877682732 260.07607997901886
7.991654619 260.0760799790189
8.212342817 260.9762557905347
14.883531558 262.9838912965857
16.398812304 263.06818695317867
17.174591854 263.76162777429585
