0.060912964 245.20121062692726
0.098219691 246.38100561380043
0.136492173 250.08910950479657
0.248569966 251.33094367911318
0.595836058 252.14776359104067
0.83851556 252.7887146645741
1.208237942 253.5748365998733
1.81643328 253.83743913810338
2.12576981 254.82936519955743
2.125809128 256.3293157621101
2.42566242 256.84707364596323
3.022309764 258.2387076680476
4.550585827 258.8596968179266
5.246880583 260.0172266557037
6.42850589 261.3120658754257
23.864169607 262.0976706134843
24.480654012 262.9169368065198
