0.061335046 252.5055598646094
0.099114475 253.5917144089565
2.667140165 254.34680727170593
2.667206051 254.34707102346675
3.489757364 254.39927847083072
4.46859971 255.76607573293353
5.143627942 257.2410251561603
5.961496147 257.3556113621065
14.213574167 258.0306327113724
14.93832547 258.8416202786566
15.704669634 259.0996153422045
17.472581453 259.0996153422046
19.962184031 259.4834612236397
20.249586486 259.60379169155163
20.2496147 261.1364641009725
20.522762528 261.2268986701496
20.786336227 265.6061265714988
21.992030528 266.6536866712064
22.628154874 266.9806616845069
35.328463469 267.95388116603766
