0.061191552 250.7715134776325
0.321332993 250.78718998995035
0.357621292 251.96325222289533
0.394427616 252.46889577196006
0.503954343 257.1132149535315
3.053398222 257.11584387750366
3.3300628789999998 258.7962274932189
3.59572056 259.89793663882784
4.360153603 260.0271172689894
5.293986531 260.02711726898946
5.711168962 260.86488541207876
8.295548049 261.3852329539952
9.340334432 261.6390930016459
9.959202647 262.5791908072494
22.760685669 263.6091142523207
25.455207558 264.3582771358997
76.261887353 264.42860323783736
77.794280565 264.66845833907644
83.330108608 265.0249894082983
83.768821569 265.1039543667104
84.366125721 265.3859184706248
84.366170123 266.2350078813392
86.189655926 267.3362447867583
87.283651821 267.41173489272467
87.363938386 268.34498955592596
87.640649349 269.7684177725675
