0.061098604 258.0742739680392
0.176760069 258.6473374155645
0.251527152 259.25524732242053
0.49842324 259.72547901396206
0.638617035 260.5145806863096
1.368738689 263.91363746690814
3.571295217 263.9806748513698
4.089440823 264.5000723163342
4.571481006 264.9679986142119
4.804339861 265.78469897793434
5.05870243 266.32040033694824
7.550751419 266.4991855520357
8.303439024 267.30810799612055
18.095237434 267.44179576504354
21.867448492 267.951064614309
24.5000473 268.159763768323
25.528107772 269.15617267818357
25.945099499 270.09707161199265
26.90242978 270.4548684158321
27.006724289 270.9010556327017
53.158614599 271.5994057622904
64.431337684 271.86197718231875
65.354446838 271.991507490208
65.776189462 272.00978418600914
69.916166013 272.3237110865921
70.308730552 272.8940594444579
