0.061246909 250.31911828177599
0.100229788 250.73094997429112
0.13767222 251.9975791271359
0.669407908 252.992020922061
1.170360742 255.9095619914412
1.334923696 259.03157356943984
7.781032592 259.5773517530831
7.901448021 259.594806823771
8.345085222 260.75330425416314
8.711677285 260.961218958602
8.711711692 262.37775543509275
13.729593488999999 262.447691499383
13.729642518 262.5166326848987
17.994658208 262.6266425597068
23.539894241 264.2297649677372
24.351602375 264.66995505405464
26.116471928 264.829385829994
48.719174422 266.02336710306025
50.845126102 266.3866243989914
52.483798154 267.09597686147146
60.651190748 267.54356693423074
94.409279689 267.58378365928456
