0.061385123 255.6536362909117
0.101798719 258.8765636425604
0.639458461 259.01720323391027
0.743877878 259.3460246001315
0.77870059 260.1756103070187
5.200409571 260.6561463943616
7.885657718 262.0927833452964
8.131063182 262.5287833540161
8.557010133 263.6331723486914
9.170980472 263.85039382979403
9.324189105 264.51277619377777
9.391192971 264.5127761937778
17.682153197 264.5636466832523
18.433960097 265.96182765159995
26.403278208 266.39380453815085
31.684018034 266.4286216366012
31.684067013 266.76673037718353
32.27892557 266.83087309424127
32.465008823 267.0387879755172
32.988561615 268.1575062235932
33.150444081 268.7834036009528
33.458019081 268.78340360095285
33.606308944 268.7834036009529
