0.061607965 243.44109558086058
0.134012709 246.50219964047758
0.640135315 248.73122194083297
1.794019697 249.6852700541382
2.10118657 249.74217170918013
2.101252041 249.86623237283712
2.402766797 250.2573041390832
3.26411263 251.28929729323056
3.529879569 252.19425326419264
3.52996922 252.91257388145098
4.287880968 253.01420506135602
4.752992326 253.91050959215607
5.632977471 255.56476987286172
6.209995722 255.6093799524051
6.210027093 257.2891815451435
7.201334954 257.5002639854129
7.625895566 257.74065140077334
7.760403147 259.8103160481644
7.888294181 260.12032629447964
7.888360391 260.6800845014236
8.345968188 261.4713438140978
8.450435496 261.6329654070079
8.554500731 262.70594064228845
9.076897117 263.07255100098604
9.360795272 264.328691537565
9.426989534 266.0092364061849
