0.061017354 254.1462856859819
0.098214052 254.32971614083704
0.135590623 259.5855110694688
0.515681627 259.9439044372099
1.096212958 260.33630571993365
1.361596223 261.65931101391516
4.6640809 262.0964408931091
7.441238212 262.5808410280307
7.844944685 263.7644553682394
8.213256606 263.8385763008498
8.53350246 264.1157554926233
8.727748754 264.82582574528755
9.298865625 265.45747480800486
17.756535552 266.1177129031326
21.413533832 266.3487254636411
24.259442716 267.49085832777746
24.714008022 268.0764820620447
24.995364447 269.29021236979
27.039421693 270.01325011393504
57.968328627 270.61524568402444
60.131056736 271.20568778187214
61.449266024 271.39124375154404
64.116091915 271.6037365906489
64.371854513 271.99122813507705
69.197710465 272.39916603127
69.415464754 274.20055434075795
69.54544116 274.200554340758
69.663303492 274.78626195884294
69.817935935 274.96259754770847
