0.061218615 244.9899404391553
0.100849079 246.72338239291918
0.137134743 254.19655787977007
2.834167057 254.88850844700406
3.393793481 255.3421867006981
3.393859115 256.74969178032086
3.65940107 258.3338740878927
4.170493027 259.15657521168947
4.170532041 259.4671503383814
4.170573121 259.60531520948086
4.417584284 260.92381294143485
4.884422166 261.3564538410394
6.333682391 262.6002974151252
7.012000319 262.689714200844
7.737108585 262.7606897581453
60.883675309 265.3924433157868
61.606094494 265.56490951165324
