0.061146272 250.32688873921919
0.10210083 251.13359645324914
0.140791162 254.83533910205327
0.322114141 255.4460562771786
0.771873613 257.3805873346028
2.143937666 258.57457044575506
2.445258858 258.69579879139087
3.033448879 258.92125890774184
3.588053335 258.98232570661173
3.852795208 259.16528445202016
3.8528405230000002 259.5415039760916
4.112582794 259.7716147860461
4.361385546 260.9528271135613
4.839587722 260.95871382983876
4.839636026 261.4949953321198
4.83965797 262.82864921672814
6.464840143 263.55741404111416
6.639172992 263.5604867124373
7.271946661 263.67932354759955
7.943206839 264.9722971509422
8.179751835 265.51516133949013
8.291267485 265.8148620437715
8.401867158 267.07673648203337
8.503312979 267.94077221759875
