0.061312549 245.19150859675176
0.10311674 251.59800659103513
3.520436375 252.83895117709707
3.520496545 253.20599622118405
3.786148357 253.5024324822327
3.786177676 254.17296440525917
4.294223161 255.27092632897168
4.998161691 255.65223014241278
5.241684182 257.163669268204
6.744130634 257.74643416090555
6.903702397 257.75109283988985
7.063069672 257.7946499897205
7.356731657 258.0090934139316
7.629927121 259.0601939662172
9.496474718 259.1512988700282
9.658836163 259.7243780011101
61.886677415 260.6632986596763
75.808517377 261.30498322926655
76.667887874 261.84862737457456
79.015893758 262.0130558005224
88.437414105 262.0818756710033
