0.060892344 241.01526594532874
0.135845992 241.07327093537236
0.174575968 243.58668123855506
0.534395254 244.39184908498888
0.910052649 249.0951823774487
3.978737461 249.31751324019763
4.216495665 253.1287807757327
4.68513712 253.31906588204833
5.331055161 254.42971634063744
6.480258018 255.64764677926289
7.249797043 255.83504040631883
14.150959921 257.1020785657143
14.350892591 257.8295826880174
16.142016741 258.52202198264
26.988981882 260.1686166105476
31.722147554 260.3522715832056
33.587391533 260.3660146729868
33.990352874 260.5231671388806
35.047044977 261.63414319030454
