0.061139334 253.13914415626064
0.10025272 253.17139785713985
1.0327872359999999 254.26692842672003
1.71552087 254.3527914026767
1.715599229 255.5532719518838
2.024288015 255.93600255057214
2.326384411 257.136103675696
2.326462282 257.2653296617735
2.63263503 258.1653076673334
2.918580452 259.47557108389776
3.190752686 260.5527232978024
3.456941347 261.4884369771659
3.457000561 262.94872387679015
3.727119779 263.64952573997004
3.978575569 264.0141975235342
4.222006589 264.6850710528196
5.145952487 265.19084363902203
5.350512471 265.91910093389043
6.287710646 267.2810730592096
7.8639969910000005 268.21360507892604
8.295457686 271.1039610565095
