0.061007071 240.79774690420874
0.102651265 245.48283495942644
0.491913396 245.54704226115098
0.870437881 246.0443600418614
1.138908252 246.818308209841
1.430304914 247.60896563053495
1.745125571 251.6433850961705
2.353118012 252.00326690539111
2.6578761760000003 252.72008024007204
2.938774628 254.02797829728647
3.215055992 254.35701461287195
3.215091645 254.45633975275805
3.733790206 256.6064641221129
3.985943866 256.84751447855336
4.231033428 257.5001982728966
5.337760575 257.60486357709703
5.33785479 257.64361158758
5.570102136 260.15390625732135
7.414282096 260.54730844302816
7.811006939 263.9166923913326
9.336289097 265.0182612753254
9.625007011 266.2531412277071
78.413813253 267.1527366811836
79.339978517 267.8372084066525
79.580026019 267.83720840665256
