0.061205286 257.83895720057313
0.101322007 260.4984186343745
0.137927295 262.63363077846236
0.173773103 263.8631451981164
0.393476326 264.3330708908026
14.918103316 264.6854610271747
15.728580576 264.70589668263494
15.877142787 265.1162679570639
16.64936431 265.11626795706394
16.974784618 267.05270467819304
17.832933 268.10289126608626
17.903167988 268.33845491109594
40.69454756 270.7767020226399
42.790029848 271.07273319735714
43.308315226 271.14517876217514
43.427395656 271.76174040054775
43.957592482 271.7617404005478
