0.061121854 236.30019583942942
0.099416406 240.4100227668043
0.173074433 240.53781113439598
0.248363803 243.20139335408416
0.320576849 244.74870662491483
0.667290561 245.7239778236928
0.769936538 246.67754759233324
2.698477712 247.19829735552167
2.980871607 249.95223000172592
3.2537101059999998 250.6043944872193
3.516037145 250.708972918437
3.516091346 252.48179840210702
3.7681036470000002 253.59223186581067
4.016436402 253.6160663200828
4.255110916 256.047969758078
5.748736254 256.5010981213425
6.444715542 257.48527949237433
7.19906035 257.4976049428898
7.199119997 257.6777586498524
7.334828041 258.12131740708804
9.080458713 258.3998529581058
9.607685582 258.4967459667022
9.643054466 259.472921180529
56.204730955 259.51246820999006
59.200873954 261.2032511412624
