0.061039887 250.57195628606033
0.098669371 253.77494642637396
0.389820805 254.0874767032653
1.180388196 255.0048555205032
2.688595374 257.2481295008633
2.688670148 257.30633261139604
4.7395609 258.379507394555
4.959557994 260.3414018376053
4.959600533 260.760149375697
5.177060486 262.72204381874724
5.412117078 262.7732463772231
6.536802536 263.06279877082056
6.5368363590000005 263.3048145902523
7.578904216 264.1973938665347
26.62793799 264.85884723063185
26.92431932 265.358752949665
29.267660779 266.9278791090029
32.111742282 268.12661422101456
32.618621509 268.1266142210146
33.09185687 268.297114744279
35.22196223 268.7555094215486
35.484174331 268.7801880132268
86.735079514 269.02739587795895
87.11453827 270.7774809989676
87.36419318 270.95798998650594
