0.06114902 256.82294013544714
0.418882523 257.97328152124993
0.87039076 259.03822075883716
2.609661018 259.128665360042
2.609760321 259.65991505860796
5.698361251 260.34223373284857
5.698448293 261.4256391134709
6.736302636 261.8610718575813
8.622860665 262.06672176399087
16.795758017 262.4181077537585
17.054691263 263.47782351659026
19.446901396 263.75193297499
21.755075688 263.8560069999327
22.408939613 264.675186237346
22.608572264 265.344768192082
23.980146095 265.4222389281194
24.273060885 265.42223892811944
24.797884041 265.5586151978145
26.480000344 265.98376239694414
34.243426913 266.1557006127498
34.510944684 266.19443959389486
68.940794515 266.317859015868
77.121533043 266.5593907664587
77.554293073 266.55939076645876
93.347318024 266.92567862410795
