0.061845038 246.91309439518912
0.100728633 247.4175899092357
0.135446403 249.19613997361398
0.207199689 249.77467635855893
0.554839313 252.28306521133484
5.309872109 252.63938657355405
6.309110677 252.65646702880375
6.833399204 252.7794510360109
7.461337536 253.54840541806362
8.571323165999999 253.84436183635202
9.565387855 255.02156962326018
9.689526186 255.3705798650842
10.187846546 255.7692866858741
12.145631813 260.73769323187753
13.189655832 260.84505677978507
13.189687762 261.23996427367956
13.895570009 261.4554791193029
16.101109214 262.0242163279123
18.083030613 263.1004807891729
18.512927182 263.4406756238165
18.573405617 263.4620165959155
27.247560471 263.65638781563575
97.121661493 264.40737226834176
