0.061191446 256.07913156536677
0.100865602 256.47700476943567
0.17375974 257.18264850224904
0.280175431 258.41592266631477
1.3316267 260.135575738691
4.098881969 260.4108897941154
4.340086663 262.12866562373017
5.876666686 262.60089711010056
6.435735517 264.1797625623162
6.78155727 265.01692090251464
7.402197486 265.5791757881182
8.770716075 265.7420928496811
8.944482381 265.9639101902761
13.117008702 266.17283900201096
13.584514994 267.68979830527724
14.409568418 267.86356610529356
17.819933402 267.94079322720904
18.329931062 268.3502778274835
35.114050085 268.89175316382074
