0.061142333 248.48329499725932
0.635114495 248.67693302140916
1.032325875 249.22143913376573
2.585644604 249.78513862233956
2.585718359 249.8505117992744
2.887714795 251.17830572790317
2.887753898 253.07563139598008
3.451781175 254.39742451935857
3.451872281 254.71430139640225
3.7170392249999997 256.20815064138407
3.972040951 258.6076951050155
4.455792607 258.7084025016196
6.143612341 261.667993731776
7.551781942 262.6385037343595
7.6836242200000004 263.57799071792726
8.159299567 263.7690702158984
9.078984479 264.9594033764645
61.202497955 265.27552578186715
