0.060850495 252.84124171658004
0.101029224 253.3647596334709
0.139599598 255.4737202044988
0.399314649 256.09333578615826
0.601095583 256.18611271930877
0.672663749 257.64246584792744
1.037344062 258.4898744685463
1.361589446 259.4883358771899
1.393928885 260.27082458234145
1.4598302890000001 260.68529812639997
2.282673819 263.2937210503604
3.457766026 264.042553273975
3.996326187 264.19678470776876
4.490271226 264.4876636726423
4.7268611400000005 266.3440186186965
4.956849381 267.08186904916175
5.638815465 267.0979717807151
6.933702768 267.8278037180299
7.397679313 268.0091332186398
7.544195615 269.2787688832032
7.9560898 269.36656902350063
8.083072153 269.95781901905247
8.930454036 270.08132622176464
35.686092548 270.15618277832044
