0.061187252 254.95808590214003
0.099983444 260.12368901588377
0.590083246 260.17655016015806
0.729645544 261.2472331722528
0.984287081 261.6675700770285
1.379743793 262.8716996396561
1.8551661 263.7442498472699
2.163039763 265.7589554139092
2.46421494 266.18632830617145
3.058927218 268.2455355406561
3.600948408 268.3732798434677
5.6797281349999995 269.8879656780242
6.748735165 270.01656960691435
7.359837133 271.4777075547636
7.504136406 272.7068956058308
7.897599534 273.06963696715803
8.249553148 274.06904094358254
8.356163053 274.67121376709224
9.014527763 276.6853115209411
