0.061166501 251.5606437157604
0.097120262 252.110863829199
0.135300548 253.21722624130936
0.174601857 254.17545072218041
0.245855888 254.58951696308455
0.38816485 257.19057222747807
1.091856436 257.33285684365086
2.431293886 259.07782168827026
4.293994754 259.7112721099053
5.584618219 261.9466551491821
6.179573072 263.9562301121332
8.775883437 264.2350536533768
13.240119006 264.5902868607804
14.295189118 264.61468832818537
14.487963381 265.6167755749742
16.093636223 265.6628894800284
17.469214244 266.1525818608084
18.34251788 266.6873367638924
58.095165248 267.64818987611073
58.647798903 267.8433673816196
58.980882457999996 268.4840426657183
60.630541771 269.2325454194698
