0.060933054 251.1614424685472
0.349704685 251.60743282860446
0.488565427 252.20082236398108
2.418780325 252.7772241445884
3.262599717 252.98370028962358
3.26266455 253.2072890592194
3.523517125 253.77034443958578
4.030454494 254.04702711654065
4.503009435 254.2470274951169
4.946257034 255.1656699340562
4.946331625 255.9225672607347
5.590486493 256.46484377247197
6.152735654 257.2197181360206
8.124797663 257.79734124437033
9.234373301 258.73093253939925
9.304099011 260.30058801627
9.435244163 261.53878335248163
9.818114776 261.596017690907
21.361876065 261.6973037748951
21.611504394 262.52274912891323
21.850075151 262.5739473182744
21.850103293 263.365573003809
22.313522039 264.01425356861716
23.140162917 264.13928176989873
23.695467034 264.3828896955131
23.869564597 265.4014059610306
25.622979933 265.79919992008837
26.182668459 265.7991999200884
26.690216068 266.4170695684581
87.531955494 266.5370073506101
88.024918629 268.3296213716133
