0.061207693 252.9759228010759
0.100860786 254.5256226444566
0.138850445 255.75792817606302
0.281374199 256.1006323693491
0.526316864 258.584761428161
1.296602118 259.68504957569644
4.082061447 259.9852418018557
4.330388277 260.61556697907633
5.655470803 261.47786894399974
5.854806095 262.0786484585159
7.199277031 262.42282776831854
13.736810461 264.20307209003687
14.356196646 264.3029810319913
14.543130048 264.65215065691854
15.576654798 266.35521446899935
18.325968872 266.59550946624034
23.129262009 266.9594496476162
24.042067923 266.9909745277953
24.662285559 268.0240984565451
41.645617135 268.76983057737175
