0.061424499 253.7594819047798
0.101148794 254.8116734825655
0.139274038 256.33328450607024
0.21354687 258.2459082858491
0.636382558 258.79801699823435
1.029234412 259.08121421718215
7.161564023 260.0779412078202
7.8540325 260.9659150222655
8.217733477 261.07934303306774
8.74257843 261.5602128263083
9.015264328 263.64137075509404
9.84514638 264.19893465350435
10.055696324 264.47288990125446
16.851661114 265.0626534106634
18.074693537 265.490600967275
18.138401874 266.2362023898948
18.698347182 266.23620238989486
25.50119806 266.78700884903583
96.053152936 267.180921135231
